# Atom Manipulation               
# 
# Sample                          Ag(111)
# Data set                        -
# Creation Comment                
# Gap voltage                     -1.000e-003 V
# Gap voltage range in Volt       -10;10
# Feedback loop enabled           No
# Regulator setpoint              1.000e-009 A
# Pre-amplifier range             0;3.33e-007
# Loop gain                       7.000e+000 %
# Z-axis offset                   -4.000e-010 m
# Parameter mode                  V before Z
# Raster time                     1.000e-003 seconds
# Channel name and data unit      I(r) [A]
# Manipulation vector: start      3.913e+000, 3.722e+000 [nm]
#                      end        1.262e+000, 9.686e-001 [nm]
# 
# 
#             Position                            I(r)
# --------------------             -------------------
   0.000000000000e+000             -6.83622028563e-009
   3.821869400896e-012             -6.71855928918e-009
   7.643738801792e-012             -6.75066073284e-009
   1.146560820269e-011             -6.82558157205e-009
   1.528747760358e-011             -6.81888601157e-009
   1.910934700448e-011             -6.84095737258e-009
   2.293121640538e-011             -6.93403293585e-009
   2.675308580627e-011             -6.96078850657e-009
   3.057495520717e-011             -6.76436927228e-009
   3.439682460806e-011             -6.88200375258e-009
   3.821869400896e-011             -6.66552450806e-009
   4.204056340986e-011             -6.71797701934e-009
   4.586243281075e-011             -6.49220874878e-009
   4.968430221165e-011             -6.24870923723e-009
   5.350617161254e-011             -6.29483679387e-009
   5.732804101344e-011             -6.26344989068e-009
   6.114991041434e-011             -6.42334816790e-009
   6.497177981523e-011             -6.50538805068e-009
   6.879364921613e-011             -6.42578300175e-009
   7.261551861702e-011             -6.39217308378e-009
   7.643738801792e-011             -6.15716866442e-009
   8.025925741882e-011             -6.06009707082e-009
   8.408112681971e-011             -6.07253531610e-009
   8.790299622061e-011             -6.26609638853e-009
   9.172486562150e-011             -6.21239994418e-009
   9.554673502240e-011             -6.15769790197e-009
   9.936860442330e-011             -6.04742049032e-009
   1.031904738242e-010             -6.13298019817e-009
   1.070123432251e-010             -6.21467599125e-009
   1.108342126260e-010             -6.16394361829e-009
   1.146560820269e-010             -6.26088294128e-009
   1.184779514278e-010             -6.29197863201e-009
   1.222998208287e-010             -6.29856828296e-009
   1.261216902296e-010             -6.27729085580e-009
   1.299435596305e-010             -6.25678084635e-009
   1.337654290314e-010             -6.52436306967e-009
   1.375872984323e-010             -6.83230349362e-009
   1.414091678332e-010             -6.92712571136e-009
   1.452310372340e-010             -7.07948161702e-009
   1.490529066349e-010             -6.91174991084e-009
   1.528747760358e-010             -6.84389492782e-009
   1.566966454367e-010             -6.79342725116e-009
   1.605185148376e-010             -6.83045108468e-009
   1.643403842385e-010             -6.82306749988e-009
   1.681622536394e-010             -6.81719238940e-009
   1.719841230403e-010             -6.77143528354e-009
   1.758059924412e-010             -6.49654886880e-009
   1.796278618421e-010             -6.46637938253e-009
   1.834497312430e-010             -6.59798725364e-009
   1.872716006439e-010             -6.38995006900e-009
   1.910934700448e-010             -6.40458496798e-009
   1.949153394457e-010             -6.32135418443e-009
   1.987372088466e-010             -6.02886895440e-009
   2.025590782475e-010             -6.01923583867e-009
   2.063809476484e-010             -5.99684690412e-009
   2.102028170493e-010             -6.00986741925e-009
   2.140246864502e-010             -6.11895393013e-009
   2.178465558511e-010             -6.22240351068e-009
   2.216684252520e-010             -6.15142582456e-009
   2.254902946529e-010             -6.21298221402e-009
   2.293121640538e-010             -6.02595791530e-009
   2.331340334547e-010             -6.10307525314e-009
   2.369559028556e-010             -6.09852346912e-009
   2.407777722564e-010             -6.12739614508e-009
   2.445996416573e-010             -6.05882677666e-009
   2.484215110582e-010             -6.08907565631e-009
   2.522433804591e-010             -6.11509017042e-009
   2.560652498600e-010             -6.29388407325e-009
   2.598871192609e-010             -6.33191350463e-009
   2.637089886618e-010             -6.45521143141e-009
   2.675308580627e-010             -6.44396408690e-009
   2.713527274636e-010             -6.47561553133e-009
   2.751745968645e-010             -6.53235528540e-009
   2.789964662654e-010             -6.53288467801e-009
   2.828183356663e-010             -6.66573617206e-009
   2.866402050672e-010             -6.80451580890e-009
   2.904620744681e-010             -6.89216610585e-009
   2.942839438690e-010             -6.93273612554e-009
   2.981058132699e-010             -7.15225883484e-009
   3.019276826708e-010             -7.01713129371e-009
   3.057495520717e-010             -7.01871916141e-009
   3.095714214726e-010             -6.86943323668e-009
   3.133932908735e-010             -6.93437702554e-009
   3.172151602744e-010             -6.82235295942e-009
   3.210370296753e-010             -6.68690784475e-009
   3.248588990762e-010             -6.52809455876e-009
   3.286807684771e-010             -6.50948999054e-009
   3.325026378780e-010             -6.45007737754e-009
   3.363245072788e-010             -6.41247127417e-009
   3.401463766797e-010             -6.37071035370e-009
   3.439682460806e-010             -6.20866845509e-009
   3.477901154815e-010             -6.02759866024e-009
   3.516119848824e-010             -6.05398378018e-009
   3.554338542833e-010             -5.87735985982e-009
   3.592557236842e-010             -5.88656949247e-009
   3.630775930851e-010             -6.00258974399e-009
   3.668994624860e-010             -6.03969297089e-009
   3.707213318869e-010             -5.91726837135e-009
   3.745432012878e-010             -6.07594923165e-009
   3.783650706887e-010             -6.01770100327e-009
   3.821869400896e-010             -6.05337499419e-009
   3.860088094905e-010             -6.00396594768e-009
   3.898306788914e-010             -6.12681387523e-009
   3.936525482923e-010             -6.18847617423e-009
   3.974744176932e-010             -6.10574826715e-009
   4.012962870941e-010             -6.20192001737e-009
   4.051181564950e-010             -6.42414210175e-009
   4.089400258959e-010             -6.65692350633e-009
   4.127618952968e-010             -6.67973592396e-009
   4.165837646977e-010             -6.71720960164e-009
   4.204056340986e-010             -6.57932980818e-009
   4.242275034995e-010             -6.73790475895e-009
   4.280493729003e-010             -6.66025802850e-009
   4.318712423012e-010             -6.64170649258e-009
   4.356931117021e-010             -6.79848191164e-009
   4.395149811030e-010             -6.76079656996e-009
   4.433368505039e-010             -6.86101753787e-009
   4.471587199048e-010             -6.97155949077e-009
   4.509805893057e-010             -7.12066026764e-009
   4.548024587066e-010             -6.97830792848e-009
   4.586243281075e-010             -6.80049326242e-009
   4.624461975084e-010             -6.67470762456e-009
   4.662680669093e-010             -6.64649661183e-009
   4.700899363102e-010             -6.53971250911e-009
   4.739118057111e-010             -6.51967885996e-009
   4.777336751120e-010             -6.38251360697e-009
   4.815555445129e-010             -6.28292778613e-009
   4.853774139138e-010             -6.35660484734e-009
   4.891992833147e-010             -6.26670501946e-009
   4.930211527156e-010             -6.23243359333e-009
   4.968430221165e-010             -6.01793918343e-009
   5.006648915174e-010             -5.94751725100e-009
   5.044867609183e-010             -5.82668051916e-009
   5.083086303192e-010             -5.81307773419e-009
   5.121304997201e-010             -5.88678131154e-009
   5.159523691210e-010             -6.00968227140e-009
   5.197742385219e-010             -6.19607142303e-009
   5.235961079227e-010             -6.17407945541e-009
   5.274179773236e-010             -6.15820077843e-009
   5.312398467245e-010             -6.35768983858e-009
   5.350617161254e-010             -6.34114965343e-009
   5.388835855263e-010             -6.42697390253e-009
   5.427054549272e-010             -6.56662686660e-009
   5.465273243281e-010             -6.65451534370e-009
   5.503491937290e-010             -6.71443083317e-009
   5.541710631299e-010             -6.71329280963e-009
   5.579929325308e-010             -6.76156398766e-009
   5.618148019317e-010             -6.99299570469e-009
   5.656366713326e-010             -7.06537611065e-009
   5.694585407335e-010             -6.98831149498e-009
   5.732804101344e-010             -7.04282838934e-009
   5.771022795353e-010             -6.89944393618e-009
   5.809241489362e-010             -6.87813999287e-009
   5.847460183371e-010             -6.85945603126e-009
   5.885678877380e-010             -6.80438353828e-009
   5.923897571389e-010             -6.86286994681e-009
   5.962116265398e-010             -6.96264107057e-009
   6.000334959407e-010             -6.97470886508e-009
   6.038553653416e-010             -6.92469103258e-009
   6.076772347425e-010             -7.07244212191e-009
   6.114991041434e-010             -6.89134581091e-009
   6.153209735443e-010             -6.73954565895e-009
   6.191428429451e-010             -6.62580129945e-009
   6.229647123460e-010             -6.61630060941e-009
   6.267865817469e-010             -6.60110995674e-009
   6.306084511478e-010             -6.51719114888e-009
   6.344303205487e-010             -6.37084277939e-009
   6.382521899496e-010             -6.28996728124e-009
   6.420740593505e-010             -6.24979422847e-009
   6.458959287514e-010             -6.10551008699e-009
   6.497177981523e-010             -6.18236288359e-009
   6.535396675532e-010             -6.14420102653e-009
   6.573615369541e-010             -6.18680891315e-009
   6.611834063550e-010             -6.06740126223e-009
   6.650052757559e-010             -6.04718231016e-009
   6.688271451568e-010             -6.19199584425e-009
   6.726490145577e-010             -6.47778566887e-009
   6.764708839586e-010             -6.67724821287e-009
   6.802927533595e-010             -6.96319682426e-009
   6.841146227604e-010             -6.99275752454e-009
   6.879364921613e-010             -6.89174277784e-009
   6.917583615622e-010             -6.90635116066e-009
   6.955802309631e-010             -7.03340693762e-009
   6.994021003640e-010             -7.10949231652e-009
   7.032239697649e-010             -7.39202685729e-009
   7.070458391658e-010             -7.40435934811e-009
   7.108677085667e-010             -7.47462249376e-009
   7.146895779675e-010             -7.52389926964e-009
   7.185114473684e-010             -7.62629037510e-009
   7.223333167693e-010             -7.60326629348e-009
   7.261551861702e-010             -7.81217665028e-009
   7.299770555711e-010             -7.86248569523e-009
   7.337989249720e-010             -7.73746747507e-009
   7.376207943729e-010             -7.63491773791e-009
   7.414426637738e-010             -7.54800849757e-009
   7.452645331747e-010             -7.78033990293e-009
   7.490864025756e-010             -8.02558606894e-009
   7.529082719765e-010             -8.14258555723e-009
   7.567301413774e-010             -8.09569042782e-009
   7.605520107783e-010             -8.06316565616e-009
   7.643738801792e-010             -7.92877917164e-009
   7.681957495801e-010             -7.96013955868e-009
   7.720176189810e-010             -7.83713268930e-009
   7.758394883819e-010             -7.90363782971e-009
   7.796613577828e-010             -7.97551535921e-009
   7.834832271837e-010             -7.91144489758e-009
   7.873050965846e-010             -7.93613624029e-009
   7.911269659855e-010             -8.03884476422e-009
   7.949488353864e-010             -8.14472917862e-009
   7.987707047873e-010             -8.12162570361e-009
   8.025925741882e-010             -8.28980725395e-009
   8.064144435891e-010             -8.26546000093e-009
   8.102363129899e-010             -8.31261967157e-009
   8.140581823908e-010             -8.46786025524e-009
   8.178800517917e-010             -8.74361984214e-009
   8.217019211926e-010             -8.86630913799e-009
   8.255237905935e-010             -9.46736993906e-009
   8.293456599944e-010             -9.74289150088e-009
   8.331675293953e-010             -1.01252500426e-008
   8.369893987962e-010             -1.03862689761e-008
   8.408112681971e-010             -1.04816734637e-008
   8.446331375980e-010             -1.07427717905e-008
   8.484550069989e-010             -1.08421457923e-008
   8.522768763998e-010             -1.11971401324e-008
   8.560987458007e-010             -1.16439926189e-008
   8.599206152016e-010             -1.17805756020e-008
   8.637424846025e-010             -1.21558681325e-008
   8.675643540034e-010             -1.47909345780e-008
   8.713862234043e-010             -2.02454983020e-008
   8.752080928052e-010             -1.98320705857e-008
   8.790299622061e-010             -2.06757575711e-008
   8.828518316070e-010             -2.02763559677e-008
   8.866737010079e-010             -1.99114374544e-008
   8.904955704088e-010             -1.98974377026e-008
   8.943174398097e-010             -1.99265487137e-008
   8.981393092106e-010             -2.01606267736e-008
   9.019611786115e-010             -2.04227043372e-008
   9.057830480123e-010             -2.00879554653e-008
   9.096049174132e-010             -2.02653996806e-008
   9.134267868141e-010             -2.00351323482e-008
   9.172486562150e-010             -1.99263105336e-008
   9.210705256159e-010             -1.96041056614e-008
   9.248923950168e-010             -1.97803854921e-008
   9.287142644177e-010             -2.00501111818e-008
   9.325361338186e-010             -2.02648968041e-008
   9.363580032195e-010             -1.98742813503e-008
   9.401798726204e-010             -1.95052608972e-008
   9.440017420213e-010             -1.97882454372e-008
   9.478236114222e-010             -1.99507636961e-008
   9.516454808231e-010             -1.96907767216e-008
   9.554673502240e-010             -1.99080764161e-008
   9.592892196249e-010             -1.99568769868e-008
   9.631110890258e-010             -2.00626024593e-008
   9.669329584267e-010             -1.99341968398e-008
   9.707548278276e-010             -1.97491044984e-008
   9.745766972285e-010             -2.00593738467e-008
   9.783985666294e-010             -2.03194400595e-008
   9.822204360303e-010             -1.98264336554e-008
   9.860423054312e-010             -1.99924715843e-008
   9.898641748321e-010             -1.98198703655e-008
   9.936860442330e-010             -1.99585177317e-008
   9.975079136339e-010             -1.98465730590e-008
   1.001329783035e-009             -2.04542235110e-008
   1.005151652436e-009             -2.01384760192e-008
   1.008973521837e-009             -2.07842089349e-008
   1.012795391237e-009             -2.02474567756e-008
   1.016617260638e-009             -1.98727993921e-008
   1.020439130039e-009             -1.99003752578e-008
   1.024260999440e-009             -2.00262137729e-008
   1.028082868841e-009             -1.97855724232e-008
   1.031904738242e-009             -2.01546722697e-008
   1.035726607643e-009             -2.01222797686e-008
   1.039548477044e-009             -1.97045117772e-008
   1.043370346445e-009             -1.98385278109e-008
   1.047192215845e-009             -1.93179190249e-008
   1.051014085246e-009             -1.97787182310e-008
   1.054835954647e-009             -2.01584037588e-008
   1.058657824048e-009             -2.03913439501e-008
   1.062479693449e-009             -2.05069937509e-008
   1.066301562850e-009             -2.06235961172e-008
   1.070123432251e-009             -2.02763029354e-008
   1.073945301652e-009             -2.04044968909e-008
   1.077767171053e-009             -2.10436930329e-008
   1.081589040454e-009             -2.04581137868e-008
   1.085410909854e-009             -2.10361770224e-008
   1.089232779255e-009             -2.10264116361e-008
   1.093054648656e-009             -2.05534652421e-008
   1.096876518057e-009             -2.08260757649e-008
   1.100698387458e-009             -2.06657805207e-008
   1.104520256859e-009             -2.06958440974e-008
   1.108342126260e-009             -2.08679689559e-008
   1.112163995661e-009             -2.10680137698e-008
   1.115985865062e-009             -2.06324881763e-008
   1.119807734463e-009             -2.00924808882e-008
   1.123629603863e-009             -2.05378247453e-008
   1.127451473264e-009             -2.08158340182e-008
   1.131273342665e-009             -2.11426965839e-008
   1.135095212066e-009             -2.10384530695e-008
   1.138917081467e-009             -2.10339276466e-008
   1.142738950868e-009             -2.09283344446e-008
   1.146560820269e-009             -2.09115030470e-008
   1.150382689670e-009             -2.10022760471e-008
   1.154204559071e-009             -2.10517646420e-008
   1.158026428471e-009             -2.11798526881e-008
   1.161848297872e-009             -2.14480170262e-008
   1.165670167273e-009             -2.09450864489e-008
   1.169492036674e-009             -2.03840662749e-008
   1.173313906075e-009             -2.07555214068e-008
   1.177135775476e-009             -2.08839005102e-008
   1.180957644877e-009             -2.10505208640e-008
   1.184779514278e-009             -2.05157533843e-008
   1.188601383679e-009             -2.06951030408e-008
   1.192423253080e-009             -2.07563683729e-008
   1.196245122480e-009             -2.01552545395e-008
   1.200066991881e-009             -2.03068430275e-008
   1.203888861282e-009             -2.04023796306e-008
   1.207710730683e-009             -2.08540222364e-008
   1.211532600084e-009             -2.07231554219e-008
   1.215354469485e-009             -2.07492493293e-008
   1.219176338886e-009             -2.06930918451e-008
   1.222998208287e-009             -2.09205273768e-008
   1.226820077688e-009             -2.05991694708e-008
   1.230641947089e-009             -2.06606463118e-008
   1.234463816489e-009             -2.10281582906e-008
   1.238285685890e-009             -2.12936234086e-008
   1.242107555291e-009             -2.07054772132e-008
   1.245929424692e-009             -2.04284206609e-008
   1.249751294093e-009             -2.03325664842e-008
   1.253573163494e-009             -2.08155164447e-008
   1.257395032895e-009             -2.02993535332e-008
   1.261216902296e-009             -2.06540831770e-008
   1.265038771697e-009             -2.08408164183e-008
   1.268860641097e-009             -2.07144750267e-008
   1.272682510498e-009             -2.03977748143e-008
   1.276504379899e-009             -2.03776354107e-008
   1.280326249300e-009             -2.08762258680e-008
   1.284148118701e-009             -2.07218057343e-008
   1.287969988102e-009             -2.09105503264e-008
   1.291791857503e-009             -2.06254750423e-008
   1.295613726904e-009             -2.09013935710e-008
   1.299435596305e-009             -2.05011450015e-008
   1.303257465706e-009             -2.06683739863e-008
   1.307079335106e-009             -2.06158684427e-008
   1.310901204507e-009             -2.03299199864e-008
   1.314723073908e-009             -2.06664156678e-008
   1.318544943309e-009             -2.05561911334e-008
   1.322366812710e-009             -2.02886883034e-008
   1.326188682111e-009             -2.04794177302e-008
   1.330010551512e-009             -1.99966530726e-008
   1.333832420913e-009             -2.02994858038e-008
   1.337654290314e-009             -2.01443776458e-008
   1.341476159714e-009             -2.03472806215e-008
   1.345298029115e-009             -2.00730823861e-008
   1.349119898516e-009             -2.00551659973e-008
   1.352941767917e-009             -2.00111026687e-008
   1.356763637318e-009             -1.99106170045e-008
   1.360585506719e-009             -2.05345696165e-008
   1.364407376120e-009             -2.08939834700e-008
   1.368229245521e-009             -2.07126489789e-008
   1.372051114922e-009             -2.10342452201e-008
   1.375872984323e-009             -2.08601355270e-008
   1.379694853723e-009             -2.07895811689e-008
   1.383516723124e-009             -2.13264128766e-008
   1.387338592525e-009             -2.12647770938e-008
   1.391160461926e-009             -2.11751419622e-008
   1.394982331327e-009             -2.12674235916e-008
   1.398804200728e-009             -2.09470182512e-008
   1.402626070129e-009             -2.15774811208e-008
   1.406447939530e-009             -2.12784592721e-008
   1.410269808931e-009             -2.12935440153e-008
   1.414091678332e-009             -2.15037246662e-008
   1.417913547732e-009             -2.15634550078e-008
   1.421735417133e-009             -2.17426193614e-008
   1.425557286534e-009             -2.16653167207e-008
   1.429379155935e-009             -2.11207046163e-008
   1.433201025336e-009             -2.14651394812e-008
   1.437022894737e-009             -2.20318231016e-008
   1.440844764138e-009             -2.16561599653e-008
   1.444666633539e-009             -2.15202384903e-008
   1.448488502940e-009             -2.14904924871e-008
   1.452310372340e-009             -2.15130402084e-008
   1.456132241741e-009             -2.12099956582e-008
   1.459954111142e-009             -2.10688870970e-008
   1.463775980543e-009             -2.09883028113e-008
   1.467597849944e-009             -2.15692242088e-008
   1.471419719345e-009             -2.13678297074e-008
   1.475241588746e-009             -2.07548333824e-008
   1.479063458147e-009             -2.09670253842e-008
   1.482885327548e-009             -2.08660106375e-008
   1.486707196949e-009             -2.10547550745e-008
   1.490529066349e-009             -2.09256614306e-008
   1.494350935750e-009             -2.09482356681e-008
   1.498172805151e-009             -2.09199187458e-008
   1.501994674552e-009             -2.08013844221e-008
   1.505816543953e-009             -2.04486130968e-008
   1.509638413354e-009             -2.07505461397e-008
   1.513460282755e-009             -2.12117688288e-008
   1.517282152156e-009             -2.07594647149e-008
   1.521104021557e-009             -2.09708627828e-008
   1.524925890957e-009             -2.06922448790e-008
   1.528747760358e-009             -2.04726164152e-008
   1.532569629759e-009             -2.10050548155e-008
   1.536391499160e-009             -2.11981925600e-008
   1.540213368561e-009             -2.09504321667e-008
   1.544035237962e-009             -2.13460230427e-008
   1.547857107363e-009             -2.12540061096e-008
   1.551678976764e-009             -2.07530867280e-008
   1.555500846165e-009             -2.12120333700e-008
   1.559322715566e-009             -2.07566065531e-008
   1.563144584966e-009             -2.08833977888e-008
   1.566966454367e-009             -2.08312098187e-008
   1.570788323768e-009             -2.11706959326e-008
   1.574610193169e-009             -2.07620581805e-008
   1.578432062570e-009             -2.08767287444e-008
   1.582253931971e-009             -2.01779345315e-008
   1.586075801372e-009             -2.06113960520e-008
   1.589897670773e-009             -2.10882855991e-008
   1.593719540174e-009             -2.07400927290e-008
   1.597541409575e-009             -2.07700240351e-008
   1.601363278975e-009             -2.07058741801e-008
   1.605185148376e-009             -2.06799654205e-008
   1.609007017777e-009             -2.04801057545e-008
   1.612828887178e-009             -2.07528750640e-008
   1.616650756579e-009             -2.06507221387e-008
   1.620472625980e-009             -2.06414596288e-008
   1.624294495381e-009             -2.04131507699e-008
   1.628116364782e-009             -2.02289581169e-008
   1.631938234183e-009             -2.03302904371e-008
   1.635760103583e-009             -2.05440704616e-008
   1.639581972984e-009             -2.07319415714e-008
   1.643403842385e-009             -2.03675259347e-008
   1.647225711786e-009             -2.06158155654e-008
   1.651047581187e-009             -2.01528462218e-008
   1.654869450588e-009             -1.98534274062e-008
   1.658691319989e-009             -2.00661486455e-008
   1.662513189390e-009             -2.04326815426e-008
   1.666335058791e-009             -2.12316965684e-008
   1.670156928192e-009             -2.14681035525e-008
   1.673978797592e-009             -2.14957589666e-008
   1.677800666993e-009             -2.16620881080e-008
   1.681622536394e-009             -2.16294309107e-008
   1.685444405795e-009             -2.15828798710e-008
   1.689266275196e-009             -2.19564522632e-008
   1.693088144597e-009             -2.19373184574e-008
   1.696910013998e-009             -2.20713079750e-008
   1.700731883399e-009             -2.25715393323e-008
   1.704553752800e-009             -2.16103764983e-008
   1.708375622201e-009             -2.18658909271e-008
   1.712197491601e-009             -2.16323684659e-008
   1.716019361002e-009             -2.18387912667e-008
   1.719841230403e-009             -2.16813276683e-008
   1.723663099804e-009             -2.14333027338e-008
   1.727484969205e-009             -2.16458653414e-008
   1.731306838606e-009             -2.08198565647e-008
   1.735128708007e-009             -2.10573486951e-008
   1.738950577408e-009             -2.11285380452e-008
   1.742772446809e-009             -2.15698329948e-008
   1.746594316209e-009             -2.16727531827e-008
   1.750416185610e-009             -2.17831893811e-008
   1.754238055011e-009             -2.15419128844e-008
   1.758059924412e-009             -2.12600134907e-008
   1.761881793813e-009             -2.07918835770e-008
   1.765703663214e-009             -2.13314146599e-008
   1.769525532615e-009             -2.11726278900e-008
   1.773347402016e-009             -2.15542718913e-008
   1.777169271417e-009             -2.11248330723e-008
   1.780991140818e-009             -2.07732791639e-008
   1.784813010218e-009             -2.06536068167e-008
   1.788634879619e-009             -2.07333442913e-008
   1.792456749020e-009             -2.08278224193e-008
   1.796278618421e-009             -2.08874468514e-008
   1.800100487822e-009             -2.08061480252e-008
   1.803922357223e-009             -2.07805568392e-008
   1.807744226624e-009             -2.07904281350e-008
   1.811566096025e-009             -2.03728718076e-008
   1.815387965426e-009             -2.08614058211e-008
   1.819209834826e-009             -2.12064758331e-008
   1.823031704227e-009             -2.12426263394e-008
   1.826853573628e-009             -2.12389477275e-008
   1.830675443029e-009             -2.13497014995e-008
   1.834497312430e-009             -2.12572082061e-008
   1.838319181831e-009             -2.15351380856e-008
   1.842141051232e-009             -2.16217032362e-008
   1.845962920633e-009             -2.16031782164e-008
   1.849784790034e-009             -2.13896628882e-008
   1.853606659435e-009             -2.11381181287e-008
   1.857428528835e-009             -2.11085043961e-008
   1.861250398236e-009             -2.13022507714e-008
   1.865072267637e-009             -2.12312465692e-008
   1.868894137038e-009             -2.10178107894e-008
   1.872716006439e-009             -2.09242323497e-008
   1.876537875840e-009             -2.08358411512e-008
   1.880359745241e-009             -2.06809181411e-008
   1.884181614642e-009             -2.09816074059e-008
   1.888003484043e-009             -2.06446882414e-008
   1.891825353444e-009             -2.04850811766e-008
   1.895647222844e-009             -2.09420958613e-008
   1.899469092245e-009             -2.06003867326e-008
   1.903290961646e-009             -2.07728291647e-008
   1.907112831047e-009             -2.07972029338e-008
   1.910934700448e-009             -2.07041010095e-008
   1.914756569849e-009             -2.05804061158e-008
   1.918578439250e-009             -2.06482080665e-008
   1.922400308651e-009             -2.09079567058e-008
   1.926222178052e-009             -2.09636908620e-008
   1.930044047452e-009             -2.06805211742e-008
   1.933865916853e-009             -2.01155843632e-008
   1.937687786254e-009             -2.06575499698e-008
   1.941509655655e-009             -2.04985780521e-008
   1.945331525056e-009             -2.07400927290e-008
   1.949153394457e-009             -2.07246110189e-008
   1.952975263858e-009             -2.07788367008e-008
   1.956797133259e-009             -2.06912657973e-008
   1.960619002660e-009             -2.04730133821e-008
   1.964440872061e-009             -2.16938189459e-008
   1.968262741461e-009             -2.18503033075e-008
   1.972084610862e-009             -2.24518404689e-008
   1.975906480263e-009             -2.23380168711e-008
   1.979728349664e-009             -2.23778458342e-008
   1.983550219065e-009             -2.26057048489e-008
   1.987372088466e-009             -2.23456915133e-008
   1.991193957867e-009             -2.23079532944e-008
   1.995015827268e-009             -2.24771405976e-008
   1.998837696669e-009             -2.24119849897e-008
   2.002659566069e-009             -2.27999275845e-008
   2.006481435470e-009             -2.26709398502e-008
   2.010303304871e-009             -2.25140848827e-008
   2.014125174272e-009             -2.25695014654e-008
   2.017947043673e-009             -2.26038259238e-008
   2.021768913074e-009             -2.21584555506e-008
   2.025590782475e-009             -2.22752167036e-008
   2.029412651876e-009             -2.19416585774e-008
   2.033234521277e-009             -2.14715439842e-008
   2.037056390678e-009             -2.11823402441e-008
   2.040878260078e-009             -2.10175989704e-008
   2.044700129479e-009             -2.14344407573e-008
   2.048521998880e-009             -2.16588329793e-008
   2.052343868281e-009             -2.12789885097e-008
   2.056165737682e-009             -2.16417368854e-008
   2.059987607083e-009             -2.14930859526e-008
   2.063809476484e-009             -2.15943919118e-008
   2.067631345885e-009             -2.11429876413e-008
   2.071453215286e-009             -2.11776560344e-008
   2.075275084687e-009             -2.16996940564e-008
   2.079096954087e-009             -2.20701964676e-008
   2.082918823488e-009             -2.19204870598e-008
   2.086740692889e-009             -2.13218874537e-008
   2.090562562290e-009             -2.17572277443e-008
   2.094384431691e-009             -2.17214478438e-008
   2.098206301092e-009             -2.16029400363e-008
   2.102028170493e-009             -2.15229115043e-008
   2.105850039894e-009             -2.18838601932e-008
   2.109671909295e-009             -2.15415953108e-008
   2.113493778695e-009             -2.15579239870e-008
   2.117315648096e-009             -2.13164887035e-008
   2.121137517497e-009             -2.17903347858e-008
   2.124959386898e-009             -2.19348307463e-008
   2.128781256299e-009             -2.18396911101e-008
   2.132603125700e-009             -2.18130678100e-008
   2.136424995101e-009             -2.18912437780e-008
   2.140246864502e-009             -2.15573945944e-008
   2.144068733903e-009             -2.17563544170e-008
   2.147890603304e-009             -2.16387993301e-008
   2.151712472704e-009             -2.18083042069e-008
   2.155534342105e-009             -2.19529060770e-008
   2.159356211506e-009             -2.19221014437e-008
   2.163178080907e-009             -2.13881544139e-008
   2.166999950308e-009             -2.16389581169e-008
   2.170821819709e-009             -2.14903337003e-008
   2.174643689110e-009             -2.12776388221e-008
   2.178465558511e-009             -2.13436676022e-008
   2.182287427912e-009             -2.13096608724e-008
   2.186109297312e-009             -2.12535032331e-008
   2.189931166713e-009             -2.12032472205e-008
   2.193753036114e-009             -2.06349228551e-008
   2.197574905515e-009             -2.09127468250e-008
   2.201396774916e-009             -2.13012980508e-008
   2.205218644317e-009             -2.10720893486e-008
   2.209040513718e-009             -2.14624666222e-008
   2.212862383119e-009             -2.10252207353e-008
   2.216684252520e-009             -2.12178290871e-008
   2.220506121921e-009             -2.11147764735e-008
   2.224327991321e-009             -2.10516587325e-008
   2.228149860722e-009             -2.12020563197e-008
   2.231971730123e-009             -2.15221439315e-008
   2.235793599524e-009             -2.16873880817e-008
   2.239615468925e-009             -2.13592817380e-008
   2.243437338326e-009             -2.15712620757e-008
   2.247259207727e-009             -2.14294654902e-008
   2.251081077128e-009             -2.15659690800e-008
   2.254902946529e-009             -2.17600859061e-008
   2.258724815930e-009             -2.15188624417e-008
   2.262546685330e-009             -2.17857830018e-008
   2.266368554731e-009             -2.19015914342e-008
   2.270190424132e-009             -2.23716796663e-008
   2.274012293533e-009             -2.25185045512e-008
   2.277834162934e-009             -2.30376842562e-008
   2.281656032335e-009             -2.25354153422e-008
   2.285477901736e-009             -2.30242667742e-008
   2.289299771137e-009             -2.26040906201e-008
   2.293121640538e-009             -2.30128871591e-008
   2.296943509938e-009             -2.28392538262e-008
   2.300765379339e-009             -2.31435421545e-008
   2.304587248740e-009             -2.29609108530e-008
   2.308409118141e-009             -2.20041676875e-008
   2.312230987542e-009             -2.18228860736e-008
   2.316052856943e-009             -2.04535620028e-008
   2.319874726344e-009             -2.06168211633e-008
   2.323696595745e-009             -2.01608649537e-008
   2.327518465146e-009             -2.04425263223e-008
   2.331340334547e-009             -2.04247685652e-008
   2.335162203947e-009             -2.03657792802e-008
   2.338984073348e-009             -2.04836255796e-008
   2.342805942749e-009             -2.03731628650e-008
   2.346627812150e-009             -2.00564891687e-008
   2.350449681551e-009             -2.01923577664e-008
   2.354271550952e-009             -2.05564821908e-008
   2.358093420353e-009             -2.03942286281e-008
   2.361915289754e-009             -2.05868898572e-008
   2.365737159155e-009             -2.06868461288e-008
   2.369559028555e-009             -2.06127192234e-008
   2.373380897956e-009             -2.05259422537e-008
   2.377202767357e-009             -2.05610341299e-008
   2.381024636758e-009             -2.08432776132e-008
   2.384846506159e-009             -2.09960304858e-008
   2.388668375560e-009             -2.09274874785e-008
   2.392490244961e-009             -2.05651891020e-008
   2.396312114362e-009             -2.07959062786e-008
   2.400133983763e-009             -2.08659841213e-008
   2.403955853164e-009             -2.07251137403e-008
   2.407777722564e-009             -2.07896870784e-008
   2.411599591965e-009             -2.02846922731e-008
   2.415421461366e-009             -2.04582462125e-008
   2.419243330767e-009             -2.03863951992e-008
   2.423065200168e-009             -2.01219093179e-008
   2.426887069569e-009             -2.04859808650e-008
   2.430708938970e-009             -2.05777861341e-008
   2.434530808371e-009             -2.05564293135e-008
   2.438352677772e-009             -2.06859199243e-008
   2.442174547173e-009             -2.05444937896e-008
   2.445996416573e-009             -2.04017709997e-008
   2.449818285974e-009             -2.04920412784e-008
   2.453640155375e-009             -2.01264082247e-008
   2.457462024776e-009             -2.02974480919e-008
   2.461283894177e-009             -2.08638139838e-008
   2.465105763578e-009             -2.06360873947e-008
   2.468927632979e-009             -2.01605473802e-008
   2.472749502380e-009             -2.03800966056e-008
   2.476571371781e-009             -2.03910794089e-008
   2.480393241181e-009             -2.05004304610e-008
   2.484215110582e-009             -2.02739211338e-008
   2.488036979983e-009             -2.01753675821e-008
   2.491858849384e-009             -2.06397129743e-008
   2.495680718785e-009             -2.00590826342e-008
   2.499502588186e-009             -2.01524757711e-008
   2.503324457587e-009             -1.97731076618e-008
   2.507146326988e-009             -2.07748670316e-008
   2.510968196389e-009             -2.03823724976e-008
   2.514790065790e-009             -2.06506957776e-008
   2.518611935190e-009             -2.08098001210e-008
   2.522433804591e-009             -2.04509948984e-008
   2.526255673992e-009             -2.04318876087e-008
   2.530077543393e-009             -2.04201373878e-008
   2.533899412794e-009             -2.09361149964e-008
   2.537721282195e-009             -2.11509269798e-008
   2.541543151596e-009             -2.07867760393e-008
   2.545365020997e-009             -2.04855838980e-008
   2.549186890398e-009             -2.04540647242e-008
   2.553008759798e-009             -2.05259687699e-008
   2.556830629199e-009             -2.04761360852e-008
   2.560652498600e-009             -2.02356800385e-008
   2.564474368001e-009             -2.03096481571e-008
   2.568296237402e-009             -2.06781393726e-008
   2.572118106803e-009             -2.03197311169e-008
   2.575939976204e-009             -1.99723850579e-008
   2.579761845605e-009             -2.01741236490e-008
   2.583583715006e-009             -2.05636806277e-008
   2.587405584407e-009             -2.03894915412e-008
   2.591227453807e-009             -2.06258456481e-008
   2.595049323208e-009             -2.02233740638e-008
   2.598871192609e-009             -2.04712667277e-008
   2.602693062010e-009             -2.04470517453e-008
   2.606514931411e-009             -2.02160169951e-008
   2.610336800812e-009             -2.06365107228e-008
   2.614158670213e-009             -2.08397049109e-008
   2.617980539614e-009             -2.02443074013e-008
   2.621802409015e-009             -2.01969095505e-008
   2.625624278415e-009             -2.00968475244e-008
   2.629446147816e-009             -2.04869335856e-008
   2.633268017217e-009             -2.05372161144e-008
   2.637089886618e-009             -2.04424998062e-008
   2.640911756019e-009             -2.04300350447e-008
   2.644733625420e-009             -2.05910448294e-008
   2.648555494821e-009             -2.04826728589e-008
   2.652377364222e-009             -2.03655411000e-008
   2.656199233623e-009             -2.10109299260e-008
   2.660021103024e-009             -2.10498592008e-008
   2.663842972424e-009             -2.12883040519e-008
   2.667664841825e-009             -2.10364417187e-008
   2.671486711226e-009             -2.09187542061e-008
   2.675308580627e-009             -2.11405793236e-008
   2.679130450028e-009             -2.08536516305e-008
   2.682952319429e-009             -2.10942666191e-008
   2.686774188830e-009             -2.14720732218e-008
   2.690596058231e-009             -2.12464372219e-008
   2.694417927632e-009             -2.13900863713e-008
   2.698239797033e-009             -2.04798146971e-008
   2.702061666433e-009             -2.09831952736e-008
   2.705883535834e-009             -2.11373507110e-008
   2.709705405235e-009             -2.07821712230e-008
   2.713527274636e-009             -2.07524515809e-008
   2.717349144037e-009             -2.08986676798e-008
   2.721171013438e-009             -2.10249031618e-008
   2.724992882839e-009             -2.06022127805e-008
   2.728814752240e-009             -2.01798930050e-008
   2.732636621641e-009             -2.02747681000e-008
   2.736458491041e-009             -2.05220519779e-008
   2.740280360442e-009             -2.09356386360e-008
   2.744102229843e-009             -2.05312087333e-008
   2.747924099244e-009             -2.07367051745e-008
   2.751745968645e-009             -2.05130540092e-008
   2.755567838046e-009             -2.05624897269e-008
   2.759389707447e-009             -2.07336088325e-008
   2.763211576848e-009             -2.07306184000e-008
   2.767033446249e-009             -2.07552832266e-008
   2.770855315650e-009             -2.10853480439e-008
   2.774677185050e-009             -2.03013118516e-008
   2.778499054451e-009             -2.07480584286e-008
   2.782320923852e-009             -2.07319680876e-008
   2.786142793253e-009             -2.05312616105e-008
   2.789964662654e-009             -2.07345086759e-008
   2.793786532055e-009             -2.06546124145e-008
   2.797608401456e-009             -2.09360884802e-008
   2.801430270857e-009             -2.09154462001e-008
   2.805252140258e-009             -2.07544098994e-008
   2.809074009658e-009             -2.08203064088e-008
   2.812895879059e-009             -2.11695844253e-008
   2.816717748460e-009             -2.07237111755e-008
   2.820539617861e-009             -2.10096067546e-008
   2.824361487262e-009             -2.08015960862e-008
   2.828183356663e-009             -2.08909136442e-008
   2.832005226064e-009             -2.06001221914e-008
   2.835827095465e-009             -2.06654364310e-008
   2.839648964866e-009             -2.08650579169e-008
   2.843470834267e-009             -2.10377120129e-008
   2.847292703667e-009             -2.09372528648e-008
   2.851114573068e-009             -2.06498488114e-008
   2.854936442469e-009             -2.07574004869e-008
   2.858758311870e-009             -2.04430290437e-008
   2.862580181271e-009             -2.04203755679e-008
   2.866402050672e-009             -2.04466811394e-008
   2.870223920073e-009             -2.06212671929e-008
   2.874045789474e-009             -2.05417150212e-008
   2.877867658875e-009             -2.02234534572e-008
   2.881689528276e-009             -2.02958073470e-008
   2.885511397676e-009             -2.02106711222e-008
   2.889333267077e-009             -2.06759163578e-008
   2.893155136478e-009             -2.03866333793e-008
   2.896977005879e-009             -2.02245914807e-008
   2.900798875280e-009             -2.04671911489e-008
   2.904620744681e-009             -2.04865631348e-008
   2.908442614082e-009             -2.06327263564e-008
   2.912264483483e-009             -2.04375245391e-008
   2.916086352884e-009             -2.06485785173e-008
   2.919908222284e-009             -2.09988092543e-008
   2.923730091685e-009             -2.06983846858e-008
   2.927551961086e-009             -2.06133543705e-008
   2.931373830487e-009             -2.05539152414e-008
   2.935195699888e-009             -2.04462312953e-008
   2.939017569289e-009             -2.07162216812e-008
   2.942839438690e-009             -2.14645308502e-008
   2.946661308091e-009             -2.16925751679e-008
   2.950483177492e-009             -2.15654663586e-008
   2.954305046893e-009             -2.10666112050e-008
   2.958126916293e-009             -2.12942585557e-008
   2.961948785694e-009             -2.11656941494e-008
   2.965770655095e-009             -2.17688985718e-008
   2.969592524496e-009             -2.20438378638e-008
   2.973414393897e-009             -2.17471978167e-008
   2.977236263298e-009             -2.19023853680e-008
   2.981058132699e-009             -2.17918697762e-008
   2.984880002100e-009             -2.19208311495e-008
   2.988701871501e-009             -2.15638519748e-008
   2.992523740901e-009             -2.13180500550e-008
   2.996345610302e-009             -2.18020056134e-008
   3.000167479703e-009             -2.18069280032e-008
   3.003989349104e-009             -2.14314238087e-008
   3.007811218505e-009             -2.13714552869e-008
   3.011633087906e-009             -2.11350217867e-008
   3.015454957307e-009             -2.11664615671e-008
   3.019276826708e-009             -2.09661785731e-008
   3.023098696109e-009             -2.10963308471e-008
   3.026920565510e-009             -2.10143174805e-008
   3.030742434910e-009             -2.10747358464e-008
   3.034564304311e-009             -2.08261815193e-008
   3.038386173712e-009             -2.09813161935e-008
   3.042208043113e-009             -2.11276912342e-008
   3.046029912514e-009             -2.09529463940e-008
   3.049851781915e-009             -2.13949822450e-008
   3.053673651316e-009             -2.06863697685e-008
   3.057495520717e-009             -2.09601975531e-008
   3.061317390118e-009             -2.11380123742e-008
   3.065139259519e-009             -2.10254325544e-008
   3.068961128919e-009             -2.14641338833e-008
   3.072782998320e-009             -2.15468089131e-008
   3.076604867721e-009             -2.12346604847e-008
   3.080426737122e-009             -2.12721871947e-008
   3.084248606523e-009             -2.11312639365e-008
   3.088070475924e-009             -2.12330197398e-008
   3.091892345325e-009             -2.13268098435e-008
   3.095714214726e-009             -2.10459689249e-008
   3.099536084127e-009             -2.11979807409e-008
   3.103357953527e-009             -2.11029204981e-008
   3.107179822928e-009             -2.07304067360e-008
   3.111001692329e-009             -2.09610180031e-008
   3.114823561730e-009             -2.10454131712e-008
   3.118645431131e-009             -2.14193031370e-008
   3.122467300532e-009             -2.11217102141e-008
   3.126289169933e-009             -2.11479894246e-008
   3.130111039334e-009             -2.11905177627e-008
   3.133932908735e-009             -2.10443545411e-008
   3.137754778136e-009             -2.10838660857e-008
   3.141576647536e-009             -2.11447871730e-008
   3.145398516937e-009             -2.13045531796e-008
   3.149220386338e-009             -2.13235810758e-008
   3.153042255739e-009             -2.12301615779e-008
   3.156864125140e-009             -2.06949442541e-008
   3.160685994541e-009             -2.08310510320e-008
   3.164507863942e-009             -2.06857611376e-008
   3.168329733343e-009             -2.09175633054e-008
   3.172151602744e-009             -2.07388224348e-008
   3.175973472144e-009             -2.10537229605e-008
   3.179795341545e-009             -2.11516150041e-008
   3.183617210946e-009             -2.05801944518e-008
   3.187439080347e-009             -2.05693439191e-008
   3.191260949748e-009             -2.04078048970e-008
   3.195082819149e-009             -2.07570035200e-008
   3.198904688550e-009             -2.06115811999e-008
   3.202726557951e-009             -2.08768875312e-008
   3.206548427352e-009             -2.10528232722e-008
   3.210370296753e-009             -2.10698398176e-008
   3.214192166153e-009             -2.04969371521e-008
   3.218014035554e-009             -2.07675628402e-008
   3.221835904955e-009             -2.09810251361e-008
   3.225657774356e-009             -2.14511662454e-008
   3.229479643757e-009             -2.12012889020e-008
   3.233301513158e-009             -2.12179084805e-008
   3.237123382559e-009             -2.20215019616e-008
   3.240945251960e-009             -2.19945876041e-008
   3.244767121361e-009             -2.19237421886e-008
   3.248588990762e-009             -2.20766009707e-008
   3.252410860162e-009             -2.21771129960e-008
   3.256232729563e-009             -2.18530555599e-008
   3.260054598964e-009             -2.17301017228e-008
   3.263876468365e-009             -2.20768920281e-008
   3.267698337766e-009             -2.14065208020e-008
   3.271520207167e-009             -2.20288061530e-008
   3.275342076568e-009             -2.19187138892e-008
   3.279163945969e-009             -2.17313191397e-008
   3.282985815370e-009             -2.19600778427e-008
   3.286807684770e-009             -2.20011242227e-008
   3.290629554171e-009             -2.16928133480e-008
   3.294451423572e-009             -2.13723816465e-008
   3.298273292973e-009             -2.16752408938e-008
   3.302095162374e-009             -2.18474716618e-008
   3.305917031775e-009             -2.16466592752e-008
   3.309738901176e-009             -2.14979554653e-008
   3.313560770577e-009             -2.17531523206e-008
   3.317382639978e-009             -2.15122991518e-008
   3.321204509379e-009             -2.13262804509e-008
   3.325026378779e-009             -2.14850672208e-008
   3.328848248180e-009             -2.15099438664e-008
   3.332670117581e-009             -2.14881900789e-008
   3.336491986982e-009             -2.14553740948e-008
   3.340313856383e-009             -2.11718074400e-008
   3.344135725784e-009             -2.14398395075e-008
   3.347957595185e-009             -2.16526931725e-008
   3.351779464586e-009             -2.17953102079e-008
   3.355601333987e-009             -2.16663753508e-008
   3.359423203387e-009             -2.17011231373e-008
   3.363245072788e-009             -2.16973387710e-008
   3.367066942189e-009             -2.16688365458e-008
   3.370888811590e-009             -2.15746759913e-008
   3.374710680991e-009             -2.16451773171e-008
   3.378532550392e-009             -2.23100175224e-008
   3.382354419793e-009             -2.20185378902e-008
   3.386176289194e-009             -2.14646896370e-008
   3.389998158595e-009             -2.15252933058e-008
   3.393820027996e-009             -2.14919480842e-008
   3.397641897396e-009             -2.16414458280e-008
   3.401463766797e-009             -2.14091407837e-008
   3.405285636198e-009             -2.13159064337e-008
   3.409107505599e-009             -2.14451059871e-008
   3.412929375000e-009             -2.15180419917e-008
   3.416751244401e-009             -2.11988805843e-008
   3.420573113802e-009             -2.10629856255e-008
   3.424394983203e-009             -2.12300556684e-008
   3.428216852604e-009             -2.17495796182e-008
   3.432038722005e-009             -2.15473910279e-008
   3.435860591405e-009             -2.15550658252e-008
   3.439682460806e-009             -2.15999230877e-008
   3.443504330207e-009             -2.12685350990e-008
   3.447326199608e-009             -2.11808848021e-008
   3.451148069009e-009             -2.11184022081e-008
   3.454969938410e-009             -2.16962007474e-008
   3.458791807811e-009             -2.13947969421e-008
   3.462613677212e-009             -2.15906869389e-008
   3.466435546613e-009             -2.14329057669e-008
   3.470257416013e-009             -2.10651821241e-008
   3.474079285414e-009             -2.12960580874e-008
   3.477901154815e-009             -2.11780530013e-008
   3.481723024216e-009             -2.12326492890e-008
   3.485544893617e-009             -2.13753455628e-008
   3.489366763018e-009             -2.09025844718e-008
   3.493188632419e-009             -2.11851190125e-008
   3.497010501820e-009             -2.13305676937e-008
   3.500832371221e-009             -2.12935440153e-008
   3.504654240622e-009             -2.17766791236e-008
   3.508476110022e-009             -2.14174770891e-008
   3.512297979423e-009             -2.17532317139e-008
   3.516119848824e-009             -2.17806487928e-008
   3.519941718225e-009             -2.17636851246e-008
   3.523763587626e-009             -2.11903854921e-008
   3.527585457027e-009             -2.16617175022e-008
   3.531407326428e-009             -2.17285403712e-008
   3.535229195829e-009             -2.18066898231e-008
   3.539051065230e-009             -2.13055059002e-008
   3.542872934630e-009             -2.15962444758e-008
   3.546694804031e-009             -2.19189785855e-008
   3.550516673432e-009             -2.25643145343e-008
   3.554338542833e-009             -2.26525999783e-008
   3.558160412234e-009             -2.27099748794e-008
   3.561982281635e-009             -2.22568768317e-008
   3.565804151036e-009             -2.19628302501e-008
   3.569626020437e-009             -2.16060098621e-008
   3.573447889838e-009             -2.18429726000e-008
   3.577269759239e-009             -2.21279948518e-008
   3.581091628639e-009             -2.24171191986e-008
   3.584913498040e-009             -2.23405309433e-008
   3.588735367441e-009             -2.21908744127e-008
   3.592557236842e-009             -2.20156532122e-008
   3.596379106243e-009             -2.23703299788e-008
   3.600200975644e-009             -2.22268132550e-008
   3.604022845045e-009             -2.22967057948e-008
   3.607844714446e-009             -2.24605737413e-008
   3.611666583847e-009             -2.21173032610e-008
   3.615488453248e-009             -2.18387118733e-008
   3.619310322648e-009             -2.16237939804e-008
   3.623132192049e-009             -2.13760866194e-008
   3.626954061450e-009             -2.13459965265e-008
   3.630775930851e-009             -2.17377763650e-008
   3.634597800252e-009             -2.19763534866e-008
   3.638419669653e-009             -2.21263012297e-008
   3.642241539054e-009             -2.18116916063e-008
   3.646063408455e-009             -2.16611088713e-008
   3.649885277856e-009             -2.14651131201e-008
   3.653707147256e-009             -2.20050410147e-008
   3.657529016657e-009             -2.22858554172e-008
   3.661350886058e-009             -2.23637668440e-008
   3.665172755459e-009             -2.20813380577e-008
   3.668994624860e-009             -2.21112958799e-008
   3.672816494261e-009             -2.19982396998e-008
   3.676638363662e-009             -2.20649036270e-008
   3.680460233063e-009             -2.20863663571e-008
   3.684282102464e-009             -2.19342486315e-008
   3.688103971865e-009             -2.22058534014e-008
   3.691925841265e-009             -2.19942963916e-008
   3.695747710666e-009             -2.16985560328e-008
   3.699569580067e-009             -2.21148949433e-008
   3.703391449468e-009             -2.17730800602e-008
   3.707213318869e-009             -2.15622906232e-008
   3.711035188270e-009             -2.18869830514e-008
   3.714857057671e-009             -2.15353232334e-008
   3.718678927072e-009             -2.15496670750e-008
   3.722500796473e-009             -2.12840168091e-008
   3.726322665873e-009             -2.08517727054e-008
   3.730144535274e-009             -2.15227790786e-008
   3.733966404675e-009             -2.15124315775e-008
   3.737788274076e-009             -2.15642489417e-008
   3.741610143477e-009             -2.17358974399e-008
   3.745432012878e-009             -2.16268903224e-008
   3.749253882279e-009             -2.16809837337e-008
   3.753075751680e-009             -2.16850591574e-008
   3.756897621081e-009             -2.18330749430e-008
   3.760719490482e-009             -2.19122036316e-008
   3.764541359882e-009             -2.18754710106e-008
   3.768363229283e-009             -2.17017054071e-008
   3.772185098684e-009             -2.14487315666e-008
   3.776006968085e-009             -2.17506911256e-008
   3.779828837486e-009             -2.18452486471e-008
   3.783650706887e-009             -2.20617013754e-008
   3.787472576288e-009             -2.22666157019e-008
   3.791294445689e-009             -2.22148512149e-008
   3.795116315090e-009             -2.16890553428e-008
   3.798938184491e-009             -2.15014487742e-008
   3.802760053891e-009             -2.17828454465e-008
   3.806581923292e-009             -2.20778712649e-008
   3.810403792693e-009             -2.22442532835e-008
   3.814225662094e-009             -2.24893141466e-008
   3.818047531495e-009             -2.19758242491e-008
