# Atom Manipulation               
# 
# Sample                          Ag(111)
# Data set                        -
# Creation Comment                
# Gap voltage                     -1.000e-003 V
# Gap voltage range in Volt       -10;10
# Feedback loop enabled           No
# Regulator setpoint              1.000e-009 A
# Pre-amplifier range             0;3.33e-007
# Loop gain                       7.000e+000 %
# Z-axis offset                   -4.000e-010 m
# Parameter mode                  V before Z
# Raster time                     1.000e-003 seconds
# Channel name and data unit      I(r) [A]
# Manipulation vector: start      3.940e+000, 4.540e+000 [nm]
#                      end        2.820e+000, 7.700e+000 [nm]
# 
# 
#             Position                            I(r)
# --------------------             -------------------
   0.000000000000e+000             -6.59002139900e-009
   3.352610922848e-012             -6.39333746841e-009
   6.705221845696e-012             -6.40924266154e-009
   1.005783276854e-011             -6.55998418335e-009
   1.341044369139e-011             -6.36848733893e-009
   1.676305461424e-011             -6.40379103413e-009
   2.011566553709e-011             -6.37227186032e-009
   2.346827645994e-011             -6.35377320163e-009
   2.682088738278e-011             -6.22986648886e-009
   3.017349830563e-011             -6.13859061235e-009
   3.352610922848e-011             -6.35001519639e-009
   3.687872015133e-011             -6.32108948813e-009
   4.023133107418e-011             -6.38306936067e-009
   4.358394199702e-011             -6.29174045186e-009
   4.693655291987e-011             -6.40058878258e-009
   5.028916384272e-011             -6.52992060662e-009
   5.364177476557e-011             -6.52147839166e-009
   5.699438568842e-011             -6.46145699267e-009
   6.034699661126e-011             -6.49654886880e-009
   6.369960753411e-011             -6.56173083782e-009
   6.705221845696e-011             -6.46431515452e-009
   7.040482937981e-011             -6.48014095427e-009
   7.375744030266e-011             -6.51840856580e-009
   7.711005122551e-011             -6.80573322582e-009
   8.046266214835e-011             -6.90399572020e-009
   8.381527307120e-011             -7.04071112903e-009
   8.716788399405e-011             -7.16403557196e-009
   9.052049491690e-011             -7.08612414520e-009
   9.387310583975e-011             -7.13238412753e-009
   9.722571676259e-011             -7.08892942983e-009
   1.005783276854e-010             -7.16498829258e-009
   1.039309386083e-010             -7.37411046845e-009
   1.072835495311e-010             -7.50690908527e-009
   1.106361604540e-010             -7.30956364651e-009
   1.139887713768e-010             -7.36386872180e-009
   1.173413822997e-010             -7.24655181504e-009
   1.206939932225e-010             -7.24353486641e-009
   1.240466041454e-010             -7.30045992340e-009
   1.273992150682e-010             -7.08943230628e-009
   1.307518259911e-010             -7.10433174650e-009
   1.341044369139e-010             -6.95864488517e-009
   1.374570478368e-010             -6.74925801299e-009
   1.408096587596e-010             -6.91696335809e-009
   1.441622696825e-010             -6.96354075889e-009
   1.475148806053e-010             -7.08331901565e-009
   1.508674915282e-010             -7.01482888555e-009
   1.542201024510e-010             -6.87340290592e-009
   1.575727133739e-010             -6.83463241793e-009
   1.609253242967e-010             -6.84836747352e-009
   1.642779352196e-010             -6.91323186900e-009
   1.676305461424e-010             -6.90148164803e-009
   1.709831570653e-010             -7.23017026160e-009
   1.743357679881e-010             -6.99304873699e-009
   1.776883789109e-010             -7.16035696010e-009
   1.810409898338e-010             -7.24419637458e-009
   1.843936007566e-010             -7.40025740824e-009
   1.877462116795e-010             -7.30884910605e-009
   1.910988226023e-010             -7.37953573478e-009
   1.944514335252e-010             -7.46760935974e-009
   1.978040444480e-010             -7.51794476577e-009
   2.011566553709e-010             -7.63187427313e-009
   2.045092662937e-010             -7.65259594660e-009
   2.078618772166e-010             -7.85425514429e-009
   2.112144881394e-010             -7.81810479307e-009
   2.145670990623e-010             -8.06935834018e-009
   2.179197099851e-010             -8.19548791267e-009
   2.212723209080e-010             -8.48244212191e-009
   2.246249318308e-010             -8.16044906883e-009
   2.279775427537e-010             -8.22290514661e-009
   2.313301536765e-010             -8.20824388655e-009
   2.346827645994e-010             -8.34781745724e-009
   2.380353755222e-010             -8.54481880631e-009
   2.413879864451e-010             -8.46283195584e-009
   2.447405973679e-010             -8.37721937075e-009
   2.480932082908e-010             -8.30256322784e-009
   2.514458192136e-010             -8.26466606708e-009
   2.547984301365e-010             -8.39267471972e-009
   2.581510410593e-010             -8.21004341826e-009
   2.615036519821e-010             -8.20924948441e-009
   2.648562629050e-010             -7.93640093659e-009
   2.682088738278e-010             -7.84348416009e-009
   2.715614847507e-010             -7.65661864814e-009
   2.749140956735e-010             -7.88826202918e-009
   2.782667065964e-010             -8.06949061080e-009
   2.816193175192e-010             -7.91541456683e-009
   2.849719284421e-010             -8.00462621532e-009
   2.883245393649e-010             -7.99753384298e-009
   2.916771502878e-010             -8.11940268883e-009
   2.950297612106e-010             -8.14549659632e-009
   2.983823721335e-010             -8.20244816946e-009
   3.017349830563e-010             -8.27678673882e-009
   3.050875939792e-010             -8.44179270883e-009
   3.084402049020e-010             -8.58689730031e-009
   3.117928158249e-010             -8.76963451131e-009
   3.151454267477e-010             -9.26870132891e-009
   3.184980376706e-010             -9.48274589465e-009
   3.218506485934e-010             -9.30143776458e-009
   3.252032595163e-010             -9.24665632899e-009
   3.285558704391e-010             -9.54149699949e-009
   3.319084813620e-010             -9.66087813426e-009
   3.352610922848e-010             -9.77298159376e-009
   3.386137032077e-010             -9.67522182078e-009
   3.419663141305e-010             -9.58098187288e-009
   3.453189250533e-010             -1.00155283847e-008
   3.486715359762e-010             -9.96506070803e-009
   3.520241468990e-010             -1.02084808262e-008
   3.553767578219e-010             -1.03548822280e-008
   3.587293687447e-010             -1.02346541271e-008
   3.620819796676e-010             -9.95582455923e-009
   3.654345905904e-010             -9.77867140132e-009
   3.687872015133e-010             -1.00437924297e-008
   3.721398124361e-010             -1.03233365380e-008
   3.754924233590e-010             -1.02851748360e-008
   3.788450342818e-010             -1.02696400937e-008
   3.821976452047e-010             -1.03939172572e-008
   3.855502561275e-010             -1.02179815162e-008
   3.889028670504e-010             -1.00817159516e-008
   3.922554779732e-010             -1.03716871094e-008
   3.956080888961e-010             -1.01926550264e-008
   3.989606998189e-010             -1.02863920979e-008
   4.023133107418e-010             -9.88209462079e-009
   4.056659216646e-010             -9.79576749523e-009
   4.090185325875e-010             -1.00359590008e-008
   4.123711435103e-010             -1.04080227636e-008
   4.157237544332e-010             -1.03505949852e-008
   4.190763653560e-010             -1.05919508753e-008
   4.224289762789e-010             -1.06278630464e-008
   4.257815872017e-010             -1.07079446107e-008
   4.291341981245e-010             -1.07644727008e-008
   4.324868090474e-010             -1.09693870272e-008
   4.358394199702e-010             -1.10915998077e-008
   4.391920308931e-010             -1.13774159934e-008
   4.425446418159e-010             -1.15465239033e-008
   4.458972527388e-010             -1.18443021290e-008
   4.492498636616e-010             -1.19990133201e-008
   4.526024745845e-010             -1.23069802602e-008
   4.559550855073e-010             -1.24284521391e-008
   4.593076964302e-010             -1.24751883267e-008
   4.626603073530e-010             -1.25420111957e-008
   4.660129182759e-010             -1.25840896897e-008
   4.693655291987e-010             -1.26146825040e-008
   4.727181401216e-010             -1.23621851789e-008
   4.760707510444e-010             -1.25638443766e-008
   4.794233619673e-010             -1.29196324955e-008
   4.827759728901e-010             -1.27518742731e-008
   4.861285838130e-010             -1.29211674859e-008
   4.894811947358e-010             -1.28742459954e-008
   4.928338056587e-010             -1.29291862178e-008
   4.961864165815e-010             -1.28038505792e-008
   4.995390275044e-010             -1.28523862984e-008
   5.028916384272e-010             -1.28867107569e-008
   5.062442493501e-010             -1.31568864458e-008
   5.095968602729e-010             -1.28644806091e-008
   5.129494711957e-010             -1.26886771387e-008
   5.163020821186e-010             -1.28711496534e-008
   5.196546930414e-010             -1.30099027741e-008
   5.230073039643e-010             -1.64682522601e-008
   5.263599148871e-010             -1.97740868985e-008
   5.297125258100e-010             -1.96914383848e-008
   5.330651367328e-010             -1.92381021570e-008
   5.364177476557e-010             -1.94139319884e-008
   5.397703585785e-010             -1.93896906449e-008
   5.431229695014e-010             -1.93704244135e-008
   5.464755804242e-010             -1.97652213556e-008
   5.498281913471e-010             -1.96027824900e-008
   5.531808022699e-010             -1.99432742018e-008
   5.565334131928e-010             -2.00444213742e-008
   5.598860241156e-010             -1.95156614306e-008
   5.632386350385e-010             -1.99689711424e-008
   5.665912459613e-010             -1.99372137884e-008
   5.699438568842e-010             -2.00534457039e-008
   5.732964678070e-010             -2.05388833755e-008
   5.766490787299e-010             -1.99454972166e-008
   5.800016896527e-010             -2.00287014840e-008
   5.833543005756e-010             -2.01963274357e-008
   5.867069114984e-010             -2.00165277799e-008
   5.900595224213e-010             -2.02016996697e-008
   5.934121333441e-010             -2.00891992433e-008
   5.967647442669e-010             -2.03513562003e-008
   6.001173551898e-010             -1.98414124890e-008
   6.034699661126e-010             -1.94892499496e-008
   6.068225770355e-010             -1.96196138876e-008
   6.101751879583e-010             -2.01898965715e-008
   6.135277988812e-010             -2.05427207741e-008
   6.168804098040e-010             -2.04792589434e-008
   6.202330207269e-010             -2.04219369195e-008
   6.235856316497e-010             -2.03715486362e-008
   6.269382425726e-010             -1.99458941835e-008
   6.302908534954e-010             -1.98612079579e-008
   6.336434644183e-010             -1.99920482563e-008
   6.369960753411e-010             -1.96009299260e-008
   6.403486862640e-010             -1.98567619284e-008
   6.437012971868e-010             -1.97753571927e-008
   6.470539081097e-010             -1.94279317403e-008
   6.504065190325e-010             -1.94233534401e-008
   6.537591299554e-010             -1.98530039231e-008
   6.571117408782e-010             -1.95287348230e-008
   6.604643518011e-010             -1.97634747011e-008
   6.638169627239e-010             -1.96321315263e-008
   6.671695736468e-010             -1.96426114531e-008
   6.705221845696e-010             -1.93287428864e-008
   6.738747954925e-010             -1.94551371552e-008
   6.772274064153e-010             -1.95445341066e-008
   6.805800173381e-010             -2.00160514196e-008
   6.839326282610e-010             -1.98159006962e-008
   6.872852391838e-010             -2.04571081890e-008
   6.906378501067e-010             -2.05728108670e-008
   6.939904610295e-010             -2.05626748748e-008
   6.973430719524e-010             -2.07292952286e-008
   7.006956828752e-010             -2.04314641257e-008
   7.040482937981e-010             -2.06426505295e-008
   7.074009047209e-010             -2.09067658050e-008
   7.107535156438e-010             -2.10437193940e-008
   7.141061265666e-010             -2.04196873885e-008
   7.174587374895e-010             -2.08680748655e-008
   7.208113484123e-010             -2.10467893749e-008
   7.241639593352e-010             -2.06193617516e-008
   7.275165702580e-010             -2.05970522105e-008
   7.308691811809e-010             -2.07680392005e-008
   7.342217921037e-010             -2.06270365489e-008
   7.375744030266e-010             -2.03076898386e-008
   7.409270139494e-010             -2.03494507590e-008
   7.442796248723e-010             -2.00512757214e-008
   7.476322357951e-010             -2.03908412287e-008
   7.509848467180e-010             -2.01359619470e-008
   7.543374576408e-010             -2.03060490936e-008
   7.576900685637e-010             -2.03506681760e-008
   7.610426794865e-010             -2.01741501651e-008
   7.643952904094e-010             -1.98827499263e-008
   7.677479013322e-010             -1.97662798307e-008
   7.711005122550e-010             -1.96222073532e-008
   7.744531231779e-010             -2.00125052335e-008
   7.778057341007e-010             -1.96677262789e-008
   7.811583450236e-010             -1.97073964552e-008
   7.845109559464e-010             -2.00457710617e-008
   7.878635668693e-010             -1.99661923739e-008
   7.912161777921e-010             -1.97757806758e-008
   7.945687887150e-010             -1.98904247236e-008
   7.979213996378e-010             -1.98053150150e-008
   8.012740105607e-010             -1.99944564189e-008
   8.046266214835e-010             -1.96420822156e-008
   8.079792324064e-010             -1.95718719472e-008
   8.113318433292e-010             -2.00997585635e-008
   8.146844542521e-010             -2.05740281288e-008
   8.180370651749e-010             -2.02758002140e-008
   8.213896760978e-010             -2.01310660733e-008
   8.247422870206e-010             -2.03314284607e-008
   8.280948979435e-010             -2.03604335623e-008
   8.314475088663e-010             -2.03847808153e-008
   8.348001197892e-010             -2.03195988463e-008
   8.381527307120e-010             -2.04560495588e-008
   8.415053416349e-010             -2.06355845183e-008
   8.448579525577e-010             -2.00493702802e-008
   8.482105634806e-010             -2.00489202810e-008
   8.515631744034e-010             -2.02540199104e-008
   8.549157853262e-010             -2.01887320318e-008
   8.582683962491e-010             -2.01759496968e-008
   8.616210071719e-010             -2.00945186001e-008
   8.649736180948e-010             -2.03578399417e-008
   8.683262290176e-010             -2.04948200468e-008
   8.716788399405e-010             -2.00473324133e-008
   8.750314508633e-010             -2.01037547489e-008
   8.783840617862e-010             -1.99381136318e-008
   8.817366727090e-010             -2.03148881205e-008
   8.850892836319e-010             -2.03536057312e-008
   8.884418945547e-010             -2.04517623161e-008
   8.917945054776e-010             -2.01439541627e-008
   8.951471164004e-010             -1.98751811937e-008
   8.984997273233e-010             -1.99652926856e-008
   9.018523382461e-010             -1.99223408643e-008
   9.052049491690e-010             -2.00592679372e-008
   9.085575600918e-010             -2.02587569973e-008
   9.119101710147e-010             -2.02150112422e-008
   9.152627819375e-010             -1.98092052908e-008
   9.186153928604e-010             -2.02699514646e-008
   9.219680037832e-010             -2.00419601793e-008
   9.253206147061e-010             -2.02814371443e-008
   9.286732256289e-010             -2.04691494674e-008
   9.320258365518e-010             -2.06640602273e-008
   9.353784474746e-010             -2.01628497883e-008
   9.387310583974e-010             -2.01076185086e-008
   9.420836693203e-010             -2.00995732606e-008
   9.454362802431e-010             -2.04405414877e-008
   9.487888911660e-010             -2.06587939028e-008
   9.521415020888e-010             -2.08044277319e-008
   9.554941130117e-010             -2.04034382608e-008
   9.588467239345e-010             -2.05232957559e-008
   9.621993348574e-010             -2.06667861186e-008
   9.655519457802e-010             -2.05404977593e-008
   9.689045567031e-010             -2.02219714990e-008
   9.722571676259e-010             -2.03535792151e-008
   9.756097785488e-010             -2.06407716045e-008
   9.789623894716e-010             -2.05015156073e-008
   9.823150003945e-010             -2.00689539301e-008
   9.856676113173e-010             -2.05375865652e-008
   9.890202222402e-010             -1.99880785870e-008
   9.923728331630e-010             -2.00138814371e-008
   9.957254440859e-010             -2.00691921103e-008
   9.990780550087e-010             -1.97195701593e-008
   1.002430665932e-009             -1.99067003675e-008
   1.005783276854e-009             -1.99722793034e-008
   1.009135887777e-009             -1.92575800524e-008
   1.012488498700e-009             -1.97823438106e-008
   1.015841109623e-009             -2.01230473414e-008
   1.019193720546e-009             -2.00045658950e-008
   1.022546331469e-009             -2.00130081099e-008
   1.025898942391e-009             -2.01549634821e-008
   1.029251553314e-009             -1.97737428089e-008
   1.032604164237e-009             -1.96345927212e-008
   1.035956775160e-009             -1.98504368187e-008
   1.039309386083e-009             -1.98268306223e-008
   1.042661997006e-009             -2.01562601374e-008
   1.046014607929e-009             -2.05752720619e-008
   1.049367218851e-009             -2.00995468995e-008
   1.052719829774e-009             -2.02144554885e-008
   1.056072440697e-009             -2.03149146366e-008
   1.059425051620e-009             -1.99759048830e-008
   1.062777662543e-009             -2.03578399417e-008
   1.066130273466e-009             -2.03679494177e-008
   1.069482884389e-009             -2.04287382344e-008
   1.072835495311e-009             -2.02117826296e-008
   1.076188106234e-009             -2.00430451705e-008
   1.079540717157e-009             -2.02856978710e-008
   1.082893328080e-009             -2.08191685404e-008
   1.086245939003e-009             -2.03044875870e-008
   1.089598549926e-009             -2.03736922576e-008
   1.092951160848e-009             -2.01374969375e-008
   1.096303771771e-009             -2.04433202562e-008
   1.099656382694e-009             -2.00229851603e-008
   1.103008993617e-009             -1.99390398363e-008
   1.106361604540e-009             -2.03412732404e-008
   1.109714215463e-009             -2.04086253470e-008
   1.113066826386e-009             -2.02023876940e-008
   1.116419437308e-009             -2.00073181473e-008
   1.119772048231e-009             -2.02148524555e-008
   1.123124659154e-009             -2.02540993038e-008
   1.126477270077e-009             -2.00762316054e-008
   1.129829881000e-009             -2.03088013460e-008
   1.133182491923e-009             -2.01178867714e-008
   1.136535102845e-009             -1.99289039991e-008
   1.139887713768e-009             -1.93300662128e-008
   1.143240324691e-009             -1.95725599715e-008
   1.146592935614e-009             -1.98082789313e-008
   1.149945546537e-009             -1.99926834034e-008
   1.153298157460e-009             -2.00425159329e-008
   1.156650768383e-009             -1.99667217665e-008
   1.160003379305e-009             -2.01841008544e-008
   1.163355990228e-009             -2.01016374886e-008
   1.166708601151e-009             -1.96439611407e-008
   1.170061212074e-009             -2.03590044814e-008
   1.173413822997e-009             -2.06466201988e-008
   1.176766433920e-009             -2.05898804447e-008
   1.180119044843e-009             -2.02689458667e-008
   1.183471655765e-009             -2.01527668285e-008
   1.186824266688e-009             -2.03291260525e-008
   1.190176877611e-009             -2.04768771418e-008
   1.193529488534e-009             -2.03406380933e-008
   1.196882099457e-009             -2.06531569725e-008
   1.200234710380e-009             -2.05254393773e-008
   1.203587321302e-009             -2.03873479198e-008
   1.206939932225e-009             -2.03747243716e-008
   1.210292543148e-009             -1.99579354619e-008
   1.213645154071e-009             -2.03641120191e-008
   1.216997764994e-009             -2.06478639768e-008
   1.220350375917e-009             -2.03975366342e-008
   1.223702986840e-009             -2.04751833646e-008
   1.227055597762e-009             -2.04431349532e-008
   1.230408208685e-009             -2.01141552823e-008
   1.233760819608e-009             -2.02177371335e-008
   1.237113430531e-009             -1.98318852828e-008
   1.240466041454e-009             -2.01357502830e-008
   1.243818652377e-009             -1.99869670797e-008
   1.247171263299e-009             -1.97156533672e-008
   1.250523874222e-009             -1.94478859961e-008
   1.253876485145e-009             -1.96038409651e-008
   1.257229096068e-009             -1.98632985470e-008
   1.260581706991e-009             -1.95911645397e-008
   1.263934317914e-009             -1.97223752888e-008
   1.267286928837e-009             -1.96137651382e-008
   1.270639539759e-009             -1.94217655724e-008
   1.273992150682e-009             -1.93454685295e-008
   1.277344761605e-009             -1.92132785436e-008
   1.280697372528e-009             -1.94925314395e-008
   1.284049983451e-009             -1.98760280048e-008
   1.287402594374e-009             -1.97719697933e-008
   1.290755205296e-009             -1.94828719627e-008
   1.294107816219e-009             -1.99012751012e-008
   1.297460427142e-009             -1.95445077455e-008
   1.300813038065e-009             -1.95260619641e-008
   1.304165648988e-009             -1.95334190327e-008
   1.307518259911e-009             -2.00990969002e-008
   1.310870870834e-009             -2.01564719565e-008
   1.314223481756e-009             -1.99245373630e-008
   1.317576092679e-009             -1.99365257641e-008
   1.320928703602e-009             -1.98332878475e-008
   1.324281314525e-009             -1.98212200530e-008
   1.327633925448e-009             -1.99465558467e-008
   1.330986536371e-009             -1.96605278420e-008
   1.334339147294e-009             -1.98926740995e-008
   1.337691758216e-009             -1.97827407775e-008
   1.341044369139e-009             -1.97775802075e-008
   1.344396980062e-009             -1.92997908170e-008
   1.347749590985e-009             -1.96006652297e-008
   1.351102201908e-009             -2.00768932686e-008
   1.354454812831e-009             -1.99310211044e-008
   1.357807423753e-009             -1.98562855681e-008
   1.361160034676e-009             -1.96296703314e-008
   1.364512645599e-009             -2.01112177271e-008
   1.367865256522e-009             -1.99836325575e-008
   1.371217867445e-009             -1.93589388888e-008
   1.374570478368e-009             -2.00433363829e-008
   1.377923089291e-009             -1.97956818992e-008
   1.381275700213e-009             -1.95403527733e-008
   1.384628311136e-009             -1.97098311340e-008
   1.387980922059e-009             -1.99749256462e-008
   1.391333532982e-009             -1.98353520755e-008
   1.394686143905e-009             -2.01233912760e-008
   1.398038754828e-009             -1.96793971065e-008
   1.401391365750e-009             -1.98303502923e-008
   1.404743976673e-009             -1.99880785870e-008
   1.408096587596e-009             -1.99114374544e-008
   1.411449198519e-009             -1.99434595047e-008
   1.414801809442e-009             -1.98573705593e-008
   1.418154420365e-009             -2.04527944301e-008
   1.421507031288e-009             -2.04129919831e-008
   1.424859642210e-009             -2.05329817488e-008
   1.428212253133e-009             -2.01621088868e-008
   1.431564864056e-009             -2.04644652576e-008
   1.434917474979e-009             -2.05240368125e-008
   1.438270085902e-009             -2.04254037123e-008
   1.441622696825e-009             -2.05142979423e-008
   1.444975307747e-009             -2.08349941851e-008
   1.448327918670e-009             -2.07510225000e-008
   1.451680529593e-009             -2.05161503512e-008
   1.455033140516e-009             -2.04153207524e-008
   1.458385751439e-009             -2.05343579525e-008
   1.461738362362e-009             -2.05065967839e-008
   1.465090973285e-009             -2.02465040550e-008
   1.468443584207e-009             -2.05392009490e-008
   1.471796195130e-009             -2.02562958024e-008
   1.475148806053e-009             -1.98643571772e-008
   1.478501416976e-009             -1.95505416428e-008
   1.481854027899e-009             -2.01704980694e-008
   1.485206638822e-009             -2.03116066306e-008
   1.488559249745e-009             -2.00950478376e-008
   1.491911860667e-009             -1.99104318566e-008
   1.495264471590e-009             -2.01104237932e-008
   1.498617082513e-009             -1.99568504706e-008
   1.501969693436e-009             -1.98237606413e-008
   1.505322304359e-009             -1.98039122951e-008
   1.508674915282e-009             -1.97500835801e-008
   1.512027526204e-009             -1.99907779621e-008
   1.515380137127e-009             -1.97944644823e-008
   1.518732748050e-009             -1.95858980601e-008
   1.522085358973e-009             -1.98231785266e-008
   1.525437969896e-009             -1.95954782986e-008
   1.528790580819e-009             -1.96670117384e-008
   1.532143191742e-009             -1.99326089721e-008
   1.535495802664e-009             -2.00467766596e-008
   1.538848413587e-009             -1.96515035122e-008
   1.542201024510e-009             -1.96697374746e-008
   1.545553635433e-009             -1.97715728264e-008
   1.548906246356e-009             -2.00273252803e-008
   1.552258857279e-009             -2.02327159671e-008
   1.555611468201e-009             -2.04151356045e-008
   1.558964079124e-009             -2.01790460389e-008
   1.562316690047e-009             -2.04322845757e-008
   1.565669300970e-009             -2.03765239033e-008
   1.569021911893e-009             -2.03726071113e-008
   1.572374522816e-009             -2.00398430740e-008
   1.575727133739e-009             -2.03151528168e-008
   1.579079744661e-009             -2.03959224054e-008
   1.582432355584e-009             -2.00597442975e-008
   1.585784966507e-009             -1.97269007117e-008
   1.589137577430e-009             -1.97716785808e-008
   1.592490188353e-009             -2.01325215153e-008
   1.595842799276e-009             -1.96331901565e-008
   1.599195410199e-009             -1.95288142164e-008
   1.602548021121e-009             -1.97154417032e-008
   1.605900632044e-009             -1.92935452558e-008
   1.609253242967e-009             -1.91533100219e-008
   1.612605853890e-009             -1.92494025338e-008
   1.615958464813e-009             -1.95327044922e-008
   1.619311075736e-009             -1.97588962459e-008
   1.622663686658e-009             -1.93961478702e-008
   1.626016297581e-009             -1.94006204159e-008
   1.629368908504e-009             -1.96599457272e-008
   1.632721519427e-009             -1.92613909349e-008
   1.636074130350e-009             -1.93430602118e-008
   1.639426741273e-009             -1.92320682597e-008
   1.642779352196e-009             -1.91781336352e-008
   1.646131963118e-009             -1.95336043356e-008
   1.649484574041e-009             -1.96146121044e-008
   1.652837184964e-009             -1.93942954612e-008
   1.656189795887e-009             -1.99288774830e-008
   1.659542406810e-009             -1.95750211664e-008
   1.662895017733e-009             -1.99228172246e-008
   1.666247628655e-009             -2.04747070043e-008
   1.669600239578e-009             -2.06057060894e-008
   1.672952850501e-009             -2.06156302625e-008
   1.676305461424e-009             -2.04160352928e-008
   1.679658072347e-009             -2.00589768798e-008
   1.683010683270e-009             -2.04471574997e-008
   1.686363294193e-009             -2.09950248880e-008
   1.689715905115e-009             -2.07169362217e-008
   1.693068516038e-009             -2.07636725643e-008
   1.696421126961e-009             -2.04481102203e-008
   1.699773737884e-009             -2.03364302439e-008
   1.703126348807e-009             -2.03681875979e-008
   1.706478959730e-009             -2.06243900510e-008
   1.709831570652e-009             -2.04642535936e-008
   1.713184181575e-009             -2.06603023771e-008
   1.716536792498e-009             -2.06397658515e-008
   1.719889403421e-009             -2.02501825117e-008
   1.723242014344e-009             -2.02455248182e-008
   1.726594625267e-009             -2.01025373319e-008
   1.729947236190e-009             -2.03202074772e-008
   1.733299847112e-009             -2.03298140768e-008
   1.736652458035e-009             -2.02551314178e-008
   1.740005068958e-009             -2.02468216285e-008
   1.743357679881e-009             -1.99842677046e-008
   1.746710290804e-009             -1.93590711594e-008
   1.750062901727e-009             -1.94393378716e-008
   1.753415512650e-009             -1.99996700212e-008
   1.756768123572e-009             -1.98202144552e-008
   1.760120734495e-009             -1.99855908760e-008
   1.763473345418e-009             -2.00544514568e-008
   1.766825956341e-009             -1.97542385523e-008
   1.770178567264e-009             -1.95501975531e-008
   1.773531178187e-009             -1.98410683993e-008
   1.776883789109e-009             -1.99596557552e-008
   1.780236400032e-009             -2.04453579680e-008
   1.783589010955e-009             -2.02613506179e-008
   1.786941621878e-009             -2.00775549318e-008
   1.790294232801e-009             -2.03084308952e-008
   1.793646843724e-009             -2.01946601746e-008
   1.796999454647e-009             -2.01726682070e-008
   1.800352065569e-009             -2.04861396517e-008
   1.803704676492e-009             -2.03446077626e-008
   1.807057287415e-009             -1.98911127479e-008
   1.810409898338e-009             -1.98249515421e-008
   1.813762509261e-009             -1.97525184140e-008
   1.817115120184e-009             -2.01851329684e-008
   1.820467731106e-009             -2.08110704151e-008
   1.823820342029e-009             -2.00608292887e-008
   1.827172952952e-009             -2.01710803393e-008
   1.830525563875e-009             -2.02656113446e-008
   1.833878174798e-009             -2.01401169192e-008
   1.837230785721e-009             -2.00493172479e-008
   1.840583396644e-009             -2.00896756036e-008
   1.843936007566e-009             -1.98541419467e-008
   1.847288618489e-009             -1.98325733071e-008
   1.850641229412e-009             -1.97534974957e-008
   1.853993840335e-009             -1.95008942610e-008
   1.857346451258e-009             -1.95256384810e-008
   1.860699062181e-009             -1.97947556948e-008
   1.864051673104e-009             -1.95388442990e-008
   1.867404284026e-009             -1.99627520973e-008
   1.870756894949e-009             -1.98590643366e-008
   1.874109505872e-009             -1.95026409155e-008
   1.877462116795e-009             -1.95916674161e-008
   1.880814727718e-009             -1.94096447456e-008
   1.884167338641e-009             -1.97866839306e-008
   1.887519949563e-009             -2.00890933337e-008
   1.890872560486e-009             -2.01997677123e-008
   1.894225171409e-009             -1.98518924158e-008
   1.897577782332e-009             -1.97879542248e-008
   1.900930393255e-009             -2.00888816697e-008
   1.904283004178e-009             -2.01380261750e-008
   1.907635615101e-009             -2.00371700600e-008
   1.910988226023e-009             -2.03949431686e-008
   1.914340836946e-009             -2.07062181147e-008
   1.917693447869e-009             -2.05485958846e-008
   1.921046058792e-009             -1.98261424429e-008
   1.924398669715e-009             -2.00676042426e-008
   1.927751280638e-009             -2.02621709129e-008
   1.931103891560e-009             -2.02323983935e-008
   1.934456502483e-009             -2.02251735955e-008
   1.937809113406e-009             -2.05129482547e-008
   1.941161724329e-009             -2.01731709284e-008
   1.944514335252e-009             -2.01311189505e-008
   1.947866946175e-009             -1.98811356976e-008
   1.951219557098e-009             -2.01625587309e-008
   1.954572168020e-009             -2.03587397851e-008
   1.957924778943e-009             -2.02884237622e-008
   1.961277389866e-009             -2.00488145265e-008
   1.964630000789e-009             -1.99558977500e-008
   1.967982611712e-009             -1.98828558359e-008
   1.971335222635e-009             -1.97573083782e-008
   1.974687833557e-009             -1.95850247329e-008
   1.978040444480e-009             -1.99522456543e-008
   1.981393055403e-009             -2.02534376405e-008
   1.984745666326e-009             -1.99983203337e-008
   1.988098277249e-009             -1.96533030439e-008
   1.991450888172e-009             -1.97639774225e-008
   1.994803499095e-009             -1.98435826265e-008
   1.998156110017e-009             -1.97191731923e-008
   2.001508720940e-009             -2.00577065856e-008
   2.004861331863e-009             -1.98428944471e-008
   2.008213942786e-009             -1.96026237033e-008
   2.011566553709e-009             -1.97977990045e-008
   2.014919164632e-009             -1.97200200034e-008
   2.018271775555e-009             -1.99447032827e-008
   2.021624386477e-009             -2.03195194529e-008
   2.024976997400e-009             -1.99735759587e-008
   2.028329608323e-009             -2.02649233203e-008
   2.031682219246e-009             -2.01346916528e-008
   2.035034830169e-009             -2.02549991471e-008
   2.038387441092e-009             -1.98390041713e-008
   2.041740052014e-009             -1.99968118594e-008
   2.045092662937e-009             -2.02210981718e-008
   2.048445273860e-009             -2.04322580595e-008
   2.051797884783e-009             -2.03325399681e-008
   2.055150495706e-009             -1.98862168742e-008
   2.058503106629e-009             -2.03361920638e-008
   2.061855717552e-009             -2.00964769185e-008
   2.065208328474e-009             -2.01647817457e-008
   2.068560939397e-009             -2.03481539487e-008
   2.071913550320e-009             -2.02059075191e-008
   2.075266161243e-009             -1.98210083890e-008
   2.078618772166e-009             -1.99325032176e-008
   2.081971383089e-009             -1.98572911659e-008
   2.085323994011e-009             -1.99350172898e-008
   2.088676604934e-009             -2.03132473755e-008
   2.092029215857e-009             -2.02309958287e-008
   2.095381826780e-009             -2.03203399029e-008
   2.098734437703e-009             -1.97470402704e-008
   2.102087048626e-009             -1.96816464823e-008
   2.105439659549e-009             -1.95425757881e-008
   2.108792270471e-009             -1.92494288949e-008
   2.112144881394e-009             -1.96566112050e-008
   2.115497492317e-009             -2.02546815736e-008
   2.118850103240e-009             -2.01772199910e-008
   2.122202714163e-009             -1.96694464172e-008
   2.125555325086e-009             -1.94191455907e-008
   2.128907936008e-009             -1.98535861930e-008
   2.132260546931e-009             -2.02394115275e-008
   2.135613157854e-009             -2.01832804044e-008
   2.138965768777e-009             -1.98956381709e-008
   2.142318379700e-009             -1.97174000217e-008
   2.145670990623e-009             -1.99126018391e-008
   2.149023601546e-009             -1.99496256726e-008
   2.152376212468e-009             -2.01909550466e-008
   2.155728823391e-009             -2.02853274202e-008
   2.159081434314e-009             -2.02209657461e-008
   2.162434045237e-009             -2.03955254384e-008
   2.165786656160e-009             -2.05885042410e-008
   2.169139267083e-009             -2.02171813798e-008
   2.172491878006e-009             -2.02492034300e-008
   2.175844488928e-009             -2.04074873234e-008
   2.179197099851e-009             -2.05267627037e-008
   2.182549710774e-009             -2.05665387896e-008
   2.185902321697e-009             -2.02207805982e-008
   2.189254932620e-009             -2.03682935074e-008
   2.192607543543e-009             -2.00442360713e-008
   2.195960154465e-009             -2.02276347904e-008
   2.199312765388e-009             -2.00776078091e-008
   2.202665376311e-009             -2.03628947572e-008
   2.206017987234e-009             -2.03864745926e-008
   2.209370598157e-009             -2.00882993999e-008
   2.212723209080e-009             -1.95764502473e-008
   2.216075820003e-009             -1.98156361550e-008
   2.219428430925e-009             -1.98364900991e-008
   2.222781041848e-009             -2.02859889283e-008
   2.226133652771e-009             -2.01779610476e-008
   2.229486263694e-009             -1.96607660221e-008
   2.232838874617e-009             -1.93986090651e-008
   2.236191485540e-009             -1.98933886399e-008
   2.239544096462e-009             -1.93432983920e-008
   2.242896707385e-009             -1.94965011087e-008
   2.246249318308e-009             -1.93914107832e-008
   2.249601929231e-009             -1.94861005753e-008
   2.252954540154e-009             -1.94693485711e-008
   2.256307151077e-009             -1.91851996465e-008
   2.259659762000e-009             -1.92178568438e-008
   2.263012372922e-009             -1.93750292298e-008
   2.266364983845e-009             -1.93621940176e-008
   2.269717594768e-009             -1.96524827490e-008
   2.273070205691e-009             -1.92798365613e-008
   2.276422816614e-009             -1.96628038890e-008
   2.279775427537e-009             -1.94578630464e-008
   2.283128038460e-009             -1.94316632294e-008
   2.286480649382e-009             -1.95517854208e-008
   2.289833260305e-009             -2.00847532137e-008
   2.293185871228e-009             -1.98249515421e-008
   2.296538482151e-009             -1.97337021818e-008
   2.299891093074e-009             -1.99098495868e-008
   2.303243703997e-009             -1.97326964288e-008
   2.306596314919e-009             -1.96944288173e-008
   2.309948925842e-009             -1.97119218781e-008
   2.313301536765e-009             -1.97856518166e-008
   2.316654147688e-009             -2.02499708477e-008
   2.320006758611e-009             -1.98666330692e-008
   2.323359369534e-009             -2.00177186807e-008
   2.326711980457e-009             -1.98929387958e-008
   2.330064591379e-009             -1.99257811410e-008
   2.333417202302e-009             -1.99576709206e-008
   2.336769813225e-009             -1.98099992247e-008
   2.340122424148e-009             -1.94603771186e-008
   2.343475035071e-009             -1.95302963296e-008
   2.346827645994e-009             -1.90522951201e-008
   2.350180256916e-009             -1.92053392051e-008
   2.353532867839e-009             -1.92582151995e-008
   2.356885478762e-009             -1.93324480144e-008
   2.360238089685e-009             -1.91502136799e-008
   2.363590700608e-009             -1.98298210548e-008
   2.366943311531e-009             -1.97924532866e-008
   2.370295922454e-009             -1.98813473616e-008
   2.373648533376e-009             -1.93848211323e-008
   2.377001144299e-009             -1.94042196344e-008
   2.380353755222e-009             -1.94826602987e-008
   2.383706366145e-009             -1.96062757990e-008
   2.387058977068e-009             -1.97048823830e-008
   2.390411587991e-009             -1.98242370017e-008
   2.393764198913e-009             -1.99811713626e-008
   2.397116809836e-009             -1.99228435857e-008
   2.400469420759e-009             -1.99139780428e-008
   2.403822031682e-009             -2.01622146413e-008
   2.407174642605e-009             -2.03367213013e-008
   2.410527253528e-009             -2.00233556110e-008
   2.413879864451e-009             -1.99697121990e-008
   2.417232475373e-009             -2.02094273442e-008
   2.420585086296e-009             -2.03571519174e-008
   2.423937697219e-009             -2.05095078230e-008
   2.427290308142e-009             -2.03115801144e-008
   2.430642919065e-009             -2.06268247298e-008
   2.433995529988e-009             -2.05601873188e-008
   2.437348140911e-009             -2.02443867946e-008
   2.440700751833e-009             -2.02292491743e-008
   2.444053362756e-009             -2.01538519748e-008
   2.447405973679e-009             -1.99583589449e-008
   2.450758584602e-009             -2.05422178976e-008
   2.454111195525e-009             -2.03811815969e-008
   2.457463806448e-009             -1.94799609236e-008
   2.460816417370e-009             -1.98273598598e-008
   2.464169028293e-009             -1.97923738932e-008
   2.467521639216e-009             -1.95418877638e-008
   2.470874250139e-009             -1.96464223356e-008
   2.474226861062e-009             -1.91455029540e-008
   2.477579471985e-009             -1.92037776985e-008
   2.480932082908e-009             -1.94513527888e-008
   2.484284693830e-009             -1.92954506970e-008
   2.487637304753e-009             -1.94870004187e-008
   2.490989915676e-009             -1.95717396765e-008
   2.494342526599e-009             -1.93826775109e-008
   2.497695137522e-009             -1.94793257765e-008
   2.501047748445e-009             -1.93512642466e-008
   2.504400359367e-009             -1.92943391896e-008
   2.507752970290e-009             -1.94293079440e-008
   2.511105581213e-009             -1.95269087751e-008
   2.514458192136e-009             -1.93630938610e-008
   2.517810803059e-009             -1.98084113570e-008
   2.521163413982e-009             -1.92691449705e-008
   2.524516024905e-009             -1.90905627316e-008
   2.527868635827e-009             -1.92910840608e-008
   2.531221246750e-009             -1.95017147110e-008
   2.534573857673e-009             -1.96453373444e-008
   2.537926468596e-009             -1.97705141962e-008
   2.541279079519e-009             -1.98925418288e-008
   2.544631690442e-009             -1.93221797516e-008
   2.547984301364e-009             -1.95084101165e-008
   2.551336912287e-009             -1.95242624324e-008
   2.554689523210e-009             -1.92211648498e-008
   2.558042134133e-009             -1.96665882554e-008
   2.561394745056e-009             -1.95203985176e-008
   2.564747355979e-009             -1.96407325280e-008
   2.568099966902e-009             -1.96164645133e-008
   2.571452577824e-009             -1.93289547055e-008
   2.574805188747e-009             -1.92314596288e-008
   2.578157799670e-009             -1.91250724930e-008
   2.581510410593e-009             -1.89242335902e-008
   2.584863021516e-009             -1.85932162074e-008
   2.588215632439e-009             -1.85543663260e-008
   2.591568243362e-009             -1.82133188606e-008
   2.594920854284e-009             -1.80497154553e-008
   2.598273465207e-009             -1.82528567663e-008
   2.601626076130e-009             -1.78818514785e-008
   2.604978687053e-009             -1.75223582316e-008
   2.608331297976e-009             -1.75234432229e-008
   2.611683908899e-009             -1.73457608274e-008
   2.615036519821e-009             -1.70038663958e-008
   2.618389130744e-009             -1.69605441238e-008
   2.621741741667e-009             -1.67884986587e-008
   2.625094352590e-009             -1.64872801563e-008
   2.628446963513e-009             -1.67298004311e-008
   2.631799574436e-009             -1.70002143001e-008
   2.635152185359e-009             -1.69033014933e-008
   2.638504796281e-009             -1.63998415234e-008
   2.641857407204e-009             -1.56992742948e-008
   2.645210018127e-009             -1.51805973112e-008
   2.648562629050e-009             -1.51486548093e-008
   2.651915239973e-009             -1.54779255377e-008
   2.655267850896e-009             -1.56425874180e-008
   2.658620461818e-009             -1.54634759416e-008
   2.661973072741e-009             -1.53421364884e-008
   2.665325683664e-009             -1.51816294252e-008
   2.668678294587e-009             -1.47140023880e-008
   2.672030905510e-009             -1.52375754005e-008
   2.675383516433e-009             -1.50007449332e-008
   2.678736127356e-009             -1.47517407620e-008
   2.682088738278e-009             -1.44265983346e-008
   2.685441349201e-009             -1.38729353843e-008
   2.688793960124e-009             -1.38050540402e-008
   2.692146571047e-009             -1.35658417715e-008
   2.695499181970e-009             -1.32938665509e-008
   2.698851792893e-009             -1.30129727550e-008
   2.702204403816e-009             -1.25317164168e-008
   2.705557014738e-009             -1.18626683620e-008
   2.708909625661e-009             -1.12288709702e-008
   2.712262236584e-009             -1.07683629766e-008
   2.715614847507e-009             -1.05369047434e-008
   2.718967458430e-009             -1.06014515654e-008
   2.722320069353e-009             -1.02417466545e-008
   2.725672680275e-009             -9.92401432802e-009
   2.729025291198e-009             -9.80751771620e-009
   2.732377902121e-009             -9.78065623595e-009
   2.735730513044e-009             -9.54882755199e-009
   2.739083123967e-009             -9.57465691823e-009
   2.742435734890e-009             -9.69671106700e-009
   2.745788345813e-009             -9.43585076525e-009
   2.749140956735e-009             -9.08757850176e-009
   2.752493567658e-009             -9.07836886911e-009
   2.755846178581e-009             -9.38869109461e-009
   2.759198789504e-009             -9.65780830839e-009
   2.762551400427e-009             -9.55422630216e-009
   2.765904011350e-009             -9.58042611918e-009
   2.769256622272e-009             -9.39647164633e-009
   2.772609233195e-009             -9.28458000589e-009
   2.775961844118e-009             -9.16832157422e-009
   2.779314455041e-009             -9.47777047248e-009
   2.782667065964e-009             -9.57603312193e-009
   2.786019676887e-009             -9.63772178201e-009
   2.789372287810e-009             -9.45339670331e-009
   2.792724898732e-009             -9.39491029478e-009
   2.796077509655e-009             -9.48944130007e-009
   2.799430120578e-009             -9.30334320582e-009
   2.802782731501e-009             -9.63531346431e-009
   2.806135342424e-009             -9.49372854285e-009
   2.809487953347e-009             -9.31575509002e-009
   2.812840564269e-009             -9.03483477802e-009
   2.816193175192e-009             -8.92222859713e-009
   2.819545786115e-009             -8.82155778505e-009
   2.822898397038e-009             -8.89833118826e-009
   2.826251007961e-009             -8.79443160849e-009
   2.829603618884e-009             -8.73970320520e-009
   2.832956229807e-009             -8.46195862860e-009
   2.836308840729e-009             -8.31007908325e-009
   2.839661451652e-009             -7.91893439191e-009
   2.843014062575e-009             -7.60652142226e-009
   2.846366673498e-009             -6.81147606569e-009
   2.849719284421e-009             -6.85617454139e-009
   2.853071895344e-009             -6.83622028563e-009
   2.856424506267e-009             -6.84217478950e-009
   2.859777117189e-009             -6.77238800416e-009
   2.863129728112e-009             -6.84048101227e-009
   2.866482339035e-009             -6.82960411853e-009
   2.869834949958e-009             -6.98995239498e-009
   2.873187560881e-009             -7.08633596427e-009
   2.876540171804e-009             -7.05494906108e-009
   2.879892782726e-009             -6.98937012514e-009
   2.883245393649e-009             -7.05156166168e-009
   2.886598004572e-009             -7.06304718634e-009
   2.889950615495e-009             -7.49732900185e-009
   2.893303226418e-009             -7.65556001799e-009
   2.896655837341e-009             -7.84361643071e-009
   2.900008448264e-009             -7.71740746484e-009
   2.903361059186e-009             -7.91790227791e-009
   2.906713670109e-009             -7.80566639272e-009
   2.910066281032e-009             -8.12485431624e-009
   2.913418891955e-009             -8.24640558855e-009
   2.916771502878e-009             -8.31984446960e-009
   2.920124113801e-009             -8.30123990138e-009
   2.923476724723e-009             -8.18209694677e-009
   2.926829335646e-009             -8.08190249500e-009
   2.930181946569e-009             -8.29869931306e-009
   2.933534557492e-009             -8.25280993658e-009
   2.936887168415e-009             -8.20710586302e-009
   2.940239779338e-009             -8.00859588457e-009
   2.943592390261e-009             -7.90715765479e-009
   2.946945001183e-009             -7.65066414427e-009
   2.950297612106e-009             -7.66429329033e-009
   2.953650223029e-009             -7.64926142443e-009
   2.957002833952e-009             -7.60157251624e-009
   2.960355444875e-009             -7.75059389973e-009
   2.963708055798e-009             -7.49145389136e-009
   2.967060666720e-009             -7.56023507885e-009
   2.970413277643e-009             -7.35841709439e-009
   2.973765888566e-009             -7.18658329327e-009
   2.977118499489e-009             -7.07635875886e-009
   2.980471110412e-009             -7.04830653290e-009
   2.983823721335e-009             -6.99985005195e-009
   2.987176332258e-009             -7.04169036580e-009
   2.990528943180e-009             -6.86625750128e-009
   2.993881554103e-009             -6.80131371242e-009
   2.997234165026e-009             -6.88946673076e-009
   3.000586775949e-009             -6.91302020500e-009
   3.003939386872e-009             -7.00575167858e-009
   3.007291997795e-009             -7.09287258292e-009
   3.010644608718e-009             -7.05680162508e-009
   3.013997219640e-009             -6.99937369164e-009
   3.017349830563e-009             -7.11748453225e-009
   3.020702441486e-009             -7.34621687420e-009
   3.024055052409e-009             -7.46726542511e-009
   3.027407663332e-009             -7.76935725473e-009
   3.030760274255e-009             -7.83903813053e-009
   3.034112885177e-009             -7.86444401371e-009
   3.037465496100e-009             -7.75734233745e-009
   3.040818107023e-009             -7.63258881360e-009
   3.044170717946e-009             -7.59058971297e-009
   3.047523328869e-009             -7.65254306936e-009
   3.050875939792e-009             -7.62147373971e-009
   3.054228550715e-009             -7.44540572811e-009
   3.057581161637e-009             -7.36865884104e-009
   3.060933772560e-009             -7.17880274155e-009
   3.064286383483e-009             -7.09835072648e-009
   3.067638994406e-009             -7.00625439998e-009
   3.070991605329e-009             -7.06561429081e-009
   3.074344216252e-009             -6.89399215370e-009
   3.077696827174e-009             -6.74573834297e-009
   3.081049438097e-009             -6.58136752004e-009
   3.084402049020e-009             -6.52955015584e-009
   3.087754659943e-009             -6.25259951310e-009
   3.091107270866e-009             -6.37735303695e-009
   3.094459881789e-009             -6.56181023120e-009
   3.097812492712e-009             -6.50419714990e-009
   3.101165103634e-009             -6.25519297865e-009
   3.104517714557e-009             -6.10069345160e-009
   3.107870325480e-009             -5.87328443611e-009
   3.111222936403e-009             -5.81876754175e-009
   3.114575547326e-009             -5.93743429112e-009
   3.117928158249e-009             -5.99250678410e-009
   3.121280769172e-009             -6.13014839740e-009
   3.124633380094e-009             -6.09862922359e-009
   3.127985991017e-009             -5.95934686536e-009
   3.131338601940e-009             -6.14086650437e-009
   3.134691212863e-009             -6.26408503776e-009
   3.138043823786e-009             -6.37282761401e-009
   3.141396434709e-009             -6.50726697576e-009
   3.144749045631e-009             -6.52544806091e-009
   3.148101656554e-009             -6.49162647893e-009
   3.151454267477e-009             -6.58824822838e-009
   3.154806878400e-009             -6.72813937261e-009
   3.158159489323e-009             -6.87263533316e-009
   3.161512100246e-009             -6.91757198902e-009
   3.164864711169e-009             -6.72933027338e-009
   3.168217322091e-009             -6.72705438137e-009
   3.171569933014e-009             -6.67923304750e-009
   3.174922543937e-009             -6.78892834437e-009
   3.178275154860e-009             -6.66581556545e-009
   3.181627765783e-009             -6.46008094404e-009
   3.184980376706e-009             -6.38740948069e-009
   3.188332987628e-009             -6.36967823970e-009
   3.191685598551e-009             -6.17577323264e-009
   3.195038209474e-009             -6.23590038611e-009
   3.198390820397e-009             -6.28652700461e-009
   3.201743431320e-009             -6.23899672812e-009
   3.205096042243e-009             -6.01701282389e-009
   3.208448653166e-009             -5.89842562297e-009
   3.211801264088e-009             -5.72820620571e-009
   3.215153875011e-009             -5.67990851153e-009
   3.218506485934e-009             -5.70825194994e-009
   3.221859096857e-009             -5.74329094884e-009
   3.225211707780e-009             -5.70510273070e-009
   3.228564318703e-009             -5.79325590411e-009
   3.231916929625e-009             -5.71873187675e-009
   3.235269540548e-009             -5.84224162260e-009
   3.238622151471e-009             -5.78841290763e-009
   3.241974762394e-009             -5.74347625176e-009
   3.245327373317e-009             -5.74408488269e-009
   3.248679984240e-009             -5.77989129929e-009
   3.252032595163e-009             -5.81305121804e-009
   3.255385206085e-009             -5.90742359162e-009
   3.258737817008e-009             -5.96239017507e-009
   3.262090427931e-009             -5.94137744422e-009
   3.265443038854e-009             -6.10275767960e-009
   3.268795649777e-009             -6.29271968863e-009
   3.272148260700e-009             -6.27416799764e-009
   3.275500871623e-009             -6.37613562003e-009
   3.278853482545e-009             -6.42112515313e-009
   3.282206093468e-009             -6.36245344167e-009
   3.285558704391e-009             -6.30055311759e-009
   3.288911315314e-009             -6.46640589868e-009
   3.292263926237e-009             -6.73795779125e-009
   3.295616537160e-009             -6.80845911706e-009
   3.298969148082e-009             -6.76958271953e-009
   3.302321759005e-009             -6.58279660097e-009
   3.305674369928e-009             -6.51192482439e-009
   3.309026980851e-009             -6.47773263657e-009
   3.312379591774e-009             -6.50583789483e-009
   3.315732202697e-009             -6.42266014359e-009
   3.319084813620e-009             -6.44756315030e-009
   3.322437424542e-009             -6.30264386174e-009
   3.325790035465e-009             -6.11307881964e-009
   3.329142646388e-009             -6.07002124393e-009
   3.332495257311e-009             -6.08841399308e-009
   3.335847868234e-009             -6.16891888539e-009
   3.339200479157e-009             -5.97220859371e-009
   3.342553090079e-009             -5.87667183551e-009
   3.345905701002e-009             -5.80730853324e-009
   3.349258311925e-009             -5.77033757695e-009
