# Atom Manipulation               
# 
# Sample                          Ag(111)
# Data set                        -
# Creation Comment                
# Gap voltage                     -1.000e-003 V
# Gap voltage range in Volt       -10;10
# Feedback loop enabled           No
# Regulator setpoint              1.000e-009 A
# Pre-amplifier range             0;3.33e-007
# Loop gain                       7.000e+000 %
# Z-axis offset                   -4.000e-010 m
# Parameter mode                  V before Z
# Raster time                     1.000e-003 seconds
# Channel name and data unit      I(r) [A]
# Manipulation vector: start      -9.060e+000, 1.420e+000 [nm]
#                      end        -6.300e+000, -1.680e+000 [nm]
# 
# 
#             Position                            I(r)
# --------------------             -------------------
   0.000000000000e+000             -3.64862875839e-009
   4.150614412349e-012             -3.66620121261e-009
   8.301228824698e-012             -3.65066662532e-009
   1.245184323705e-011             -3.59546170665e-009
   1.660245764940e-011             -3.72767820869e-009
   2.075307206175e-011             -3.75226364186e-009
   2.490368647409e-011             -3.77155623440e-009
   2.905430088644e-011             -3.85571322241e-009
   3.320491529879e-011             -3.78597931430e-009
   3.735552971114e-011             -3.82699933322e-009
   4.150614412349e-011             -3.82181224705e-009
   4.565675853584e-011             -3.87130084200e-009
   4.980737294819e-011             -3.81437578502e-009
   5.395798736054e-011             -3.69938764751e-009
   5.810860177289e-011             -3.70272216967e-009
   6.225921618524e-011             -3.73299756548e-009
   6.640983059759e-011             -3.80860642900e-009
   7.056044500993e-011             -3.84475693529e-009
   7.471105942228e-011             -3.89154615516e-009
   7.886167383463e-011             -3.91173843601e-009
   8.301228824698e-011             -3.85661306579e-009
   8.716290265933e-011             -3.92684969530e-009
   9.131351707168e-011             -3.85573973856e-009
   9.546413148403e-011             -4.02635612275e-009
   9.961474589638e-011             -4.08762129976e-009
   1.037653603087e-010             -4.10683449891e-009
   1.079159747211e-010             -4.22984136830e-009
   1.120665891334e-010             -4.42411698119e-009
   1.162172035458e-010             -4.54625036828e-009
   1.203678179581e-010             -4.63313324753e-009
   1.245184323705e-010             -4.73650343469e-009
   1.286690467828e-010             -4.80875141497e-009
   1.328196611952e-010             -4.81822574393e-009
   1.369702756075e-010             -4.93083192482e-009
   1.411208900199e-010             -4.96364790895e-009
   1.452715044322e-010             -5.23885189722e-009
   1.494221188446e-010             -5.30350447363e-009
   1.535727332569e-010             -5.24292732094e-009
   1.577233476693e-010             -5.22786909395e-009
   1.618739620816e-010             -5.22768379103e-009
   1.660245764940e-010             -5.21204329421e-009
   1.701751909063e-010             -5.14265347579e-009
   1.743258053187e-010             -5.16483074633e-009
   1.784764197310e-010             -5.09014808727e-009
   1.826270341434e-010             -5.09385306021e-009
   1.867776485557e-010             -5.00943137589e-009
   1.909282629681e-010             -4.96102792724e-009
   1.950788773804e-010             -5.00800229497e-009
   1.992294917928e-010             -5.04346477694e-009
   2.033801062051e-010             -5.08289677309e-009
   2.075307206175e-010             -5.13529640714e-009
   2.116813350298e-010             -5.06344539379e-009
   2.158319494422e-010             -5.03216440013e-009
   2.199825638545e-010             -5.00739366404e-009
   2.241331782669e-010             -5.05375940083e-009
   2.282837926792e-010             -5.07572485230e-009
   2.324344070915e-010             -5.26611018933e-009
   2.365850215039e-010             -5.37834607452e-009
   2.407356359162e-010             -5.40647769387e-009
   2.448862503286e-010             -5.39713579060e-009
   2.490368647409e-010             -5.37641411714e-009
   2.531874791533e-010             -5.54480748655e-009
   2.573380935656e-010             -5.62592100978e-009
   2.614887079780e-010             -5.74133263037e-009
   2.656393223903e-010             -5.78880987455e-009
   2.697899368027e-010             -5.76890849602e-009
   2.739405512150e-010             -5.83057079502e-009
   2.780911656274e-010             -6.00221929321e-009
   2.822417800397e-010             -6.15110825102e-009
   2.863923944521e-010             -6.32622369706e-009
   2.905430088644e-010             -6.46833785607e-009
   2.946936232768e-010             -6.50604971390e-009
   2.988442376891e-010             -6.45079191800e-009
   3.029948521015e-010             -6.31500271364e-009
   3.071454665138e-010             -6.43665989549e-009
   3.112960809262e-010             -6.41972258835e-009
   3.154466953385e-010             -6.60372993844e-009
   3.195973097509e-010             -6.60616477229e-009
   3.237479241632e-010             -6.56837352107e-009
   3.278985385756e-010             -6.42131045605e-009
   3.320491529879e-010             -6.33442757680e-009
   3.361997674003e-010             -6.29309013940e-009
   3.403503818126e-010             -6.19162539348e-009
   3.445009962250e-010             -6.14195165067e-009
   3.486516106373e-010             -6.14076074990e-009
   3.528022250497e-010             -6.20522817845e-009
   3.569528394620e-010             -6.09656499558e-009
   3.611034538744e-010             -6.14311603529e-009
   3.652540682867e-010             -6.16614011692e-009
   3.694046826991e-010             -6.20790103739e-009
   3.735552971114e-010             -6.20496348214e-009
   3.777059115238e-010             -6.26172975236e-009
   3.818565259361e-010             -6.07094744840e-009
   3.860071403485e-010             -6.21438477880e-009
   3.901577547608e-010             -6.14790615454e-009
   3.943083691732e-010             -6.24381336352e-009
   3.984589835855e-010             -6.32609127138e-009
   4.026095979979e-010             -6.31767557258e-009
   4.067602124102e-010             -6.35112670378e-009
   4.109108268226e-010             -6.36422661229e-009
   4.150614412349e-010             -6.23838809719e-009
   4.192120556473e-010             -6.43091705562e-009
   4.233626700596e-010             -6.43358991456e-009
   4.275132844720e-010             -6.44126471181e-009
   4.316638988843e-010             -6.60875823784e-009
   4.358145132967e-010             -6.60785839445e-009
   4.399651277090e-010             -6.66647722867e-009
   4.441157421214e-010             -6.97455007831e-009
   4.482663565337e-010             -7.08667989890e-009
   4.524169709461e-010             -7.04587169905e-009
   4.565675853584e-010             -7.13442183938e-009
   4.607181997707e-010             -6.88197739149e-009
   4.648688141831e-010             -6.96393772581e-009
   4.690194285954e-010             -6.95591899394e-009
   4.731700430078e-010             -6.89036657414e-009
   4.773206574201e-010             -7.06460853789e-009
   4.814712718325e-010             -7.07993146118e-009
   4.856218862448e-010             -6.96208531688e-009
   4.897725006572e-010             -6.83391787747e-009
   4.939231150695e-010             -6.75658872056e-009
   4.980737294819e-010             -6.66973235746e-009
   5.022243438942e-010             -6.51404192963e-009
   5.063749583066e-010             -6.59549954256e-009
   5.105255727189e-010             -6.63898060134e-009
   5.146761871313e-010             -6.68164136519e-009
   5.188268015436e-010             -6.53111150739e-009
   5.229774159560e-010             -6.60036905519e-009
   5.271280303683e-010             -6.72210547535e-009
   5.312786447807e-010             -6.91193505869e-009
   5.354292591930e-010             -7.01601978632e-009
   5.395798736054e-010             -7.04105521872e-009
   5.437304880177e-010             -7.14249344850e-009
   5.478811024301e-010             -7.14132906387e-009
   5.520317168424e-010             -7.17634154662e-009
   5.561823312548e-010             -7.32531005288e-009
   5.603329456671e-010             -7.58961063127e-009
   5.644835600795e-010             -7.81979841523e-009
   5.686341744918e-010             -7.95447611221e-009
   5.727847889042e-010             -8.50835088155e-009
   5.769354033165e-010             -9.11060258339e-009
   5.810860177289e-010             -9.24358650312e-009
   5.852366321412e-010             -9.42084541550e-009
   5.893872465536e-010             -9.55856657725e-009
   5.935378609659e-010             -9.64817519267e-009
   5.976884753783e-010             -9.84009552017e-009
   6.018390897906e-010             -9.92681945758e-009
   6.059897042030e-010             -1.02465896509e-008
   6.101403186153e-010             -1.03949758874e-008
   6.142909330277e-010             -1.05003572702e-008
   6.184415474400e-010             -1.07355735087e-008
   6.225921618524e-010             -1.07279517437e-008
   6.267427762647e-010             -1.08354238707e-008
   6.308933906771e-010             -1.07717503760e-008
   6.350440050894e-010             -1.06760284700e-008
   6.391946195018e-010             -1.10370301912e-008
   6.433452339141e-010             -1.10012237746e-008
   6.474958483265e-010             -1.10917585945e-008
   6.516464627388e-010             -1.11863161159e-008
   6.557970771512e-010             -1.13658245592e-008
   6.599476915635e-010             -1.12187616493e-008
   6.640983059759e-010             -1.12300089938e-008
   6.682489203882e-010             -1.11897300315e-008
   6.723995348006e-010             -1.11845431004e-008
   6.765501492129e-010             -1.13088731412e-008
   6.807007636252e-010             -1.12919887113e-008
   6.848513780376e-010             -1.15009521004e-008
   6.890019924499e-010             -1.16804870598e-008
   6.931526068623e-010             -1.20983344446e-008
   6.973032212746e-010             -1.24930518383e-008
   7.014538356870e-010             -1.24168341888e-008
   7.056044500993e-010             -1.26852897393e-008
   7.097550645117e-010             -1.29007633860e-008
   7.139056789240e-010             -1.30291424894e-008
   7.180562933364e-010             -1.31987532758e-008
   7.222069077487e-010             -1.35970168556e-008
   7.263575221611e-010             -1.40845981485e-008
   7.305081365734e-010             -1.43378895626e-008
   7.346587509858e-010             -1.43916917614e-008
   7.388093653981e-010             -1.46401136628e-008
   7.429599798105e-010             -1.50834992014e-008
   7.471105942228e-010             -1.48978245902e-008
   7.512612086352e-010             -1.49483187830e-008
   7.554118230475e-010             -1.51134041464e-008
   7.595624374599e-010             -1.53375845493e-008
   7.637130518722e-010             -1.52938653104e-008
   7.678636662846e-010             -1.51582877700e-008
   7.720142806969e-010             -1.56122062677e-008
   7.761648951093e-010             -1.55612622308e-008
   7.803155095216e-010             -1.58362809161e-008
   7.844661239340e-010             -1.57680289662e-008
   7.886167383463e-010             -1.58356192529e-008
   7.927673527587e-010             -1.62579391834e-008
   7.969179671710e-010             -1.61193712106e-008
   8.010685815834e-010             -1.56178431981e-008
   8.052191959957e-010             -1.60411422103e-008
   8.093698104081e-010             -1.62776816201e-008
   8.135204248204e-010             -1.63066867218e-008
   8.176710392328e-010             -1.61369700259e-008
   8.218216536451e-010             -1.64006354572e-008
   8.259722680575e-010             -1.62334860209e-008
   8.301228824698e-010             -1.59903834763e-008
   8.342734968822e-010             -1.61633816620e-008
   8.384241112945e-010             -1.58941056614e-008
   8.425747257069e-010             -1.63141760610e-008
   8.467253401192e-010             -1.64646265255e-008
   8.508759545316e-010             -1.66739868815e-008
   8.550265689439e-010             -1.67649188234e-008
   8.591771833563e-010             -1.68100671432e-008
   8.633277977686e-010             -1.68148043852e-008
   8.674784121810e-010             -1.70589654050e-008
   8.716290265933e-010             -1.76052978027e-008
   8.757796410057e-010             -1.78107678829e-008
   8.799302554180e-010             -1.82259687699e-008
   8.840808698304e-010             -1.82521685869e-008
   8.882314842427e-010             -1.84566595854e-008
   8.923820986551e-010             -1.91516427608e-008
   8.965327130674e-010             -1.90361253857e-008
   9.006833274797e-010             -1.92419924328e-008
   9.048339418921e-010             -1.94522261161e-008
   9.089845563044e-010             -1.95807905224e-008
   9.131351707168e-010             -1.89860016437e-008
   9.172857851291e-010             -1.91562210610e-008
   9.214363995415e-010             -1.89889391989e-008
   9.255870139538e-010             -1.94377765200e-008
   9.297376283662e-010             -1.92204503094e-008
   9.338882427785e-010             -1.88988277071e-008
   9.380388571909e-010             -1.92941273706e-008
   9.421894716032e-010             -1.89523918808e-008
   9.463400860156e-010             -1.94106239824e-008
   9.504907004279e-010             -1.96503920048e-008
   9.546413148403e-010             -1.94789288096e-008
   9.587919292526e-010             -1.95384738483e-008
   9.629425436650e-010             -1.90004248787e-008
   9.670931580773e-010             -1.93748440819e-008
   9.712437724897e-010             -2.21174355316e-008
   9.753943869020e-010             -2.54289072555e-008
   9.795450013144e-010             -2.51676499868e-008
   9.836956157267e-010             -2.51077610135e-008
   9.878462301391e-010             -2.52960027291e-008
   9.919968445514e-010             -2.53405159019e-008
   9.961474589638e-010             -2.51040295244e-008
   1.000298073376e-009             -2.50269649087e-008
   1.004448687788e-009             -2.53860611887e-008
   1.008599302201e-009             -2.61468616353e-008
   1.012749916613e-009             -2.52878515716e-008
   1.016900531026e-009             -2.47076183535e-008
   1.021051145438e-009             -2.55199184357e-008
   1.025201759850e-009             -2.54909134891e-008
   1.029352374263e-009             -2.53678272263e-008
   1.033502988675e-009             -2.52844112949e-008
   1.037653603087e-009             -2.56069866179e-008
   1.041804217500e-009             -2.52864490068e-008
   1.045954831912e-009             -2.48689720728e-008
   1.050105446324e-009             -2.49731627099e-008
   1.054256060737e-009             -2.47359087596e-008
   1.058406675149e-009             -2.53210380065e-008
   1.062557289561e-009             -2.54735526989e-008
   1.066707903974e-009             -2.54860174603e-008
   1.070858518386e-009             -2.53891575307e-008
   1.075009132798e-009             -2.55002819085e-008
   1.079159747211e-009             -2.47998469506e-008
   1.083310361623e-009             -2.54923160539e-008
   1.087460976035e-009             -2.51394389741e-008
   1.091611590448e-009             -2.56136026299e-008
   1.095762204860e-009             -2.51986134069e-008
   1.099912819273e-009             -2.50531118485e-008
   1.104063433685e-009             -2.52059441145e-008
   1.108214048097e-009             -2.46992555320e-008
   1.112364662510e-009             -2.48343830731e-008
   1.116515276922e-009             -2.49810491712e-008
   1.120665891334e-009             -2.52111046845e-008
   1.124816505747e-009             -2.54386990029e-008
   1.128967120159e-009             -2.50659206997e-008
   1.133117734571e-009             -2.46477027090e-008
   1.137268348984e-009             -2.48839245453e-008
   1.141418963396e-009             -2.52704909364e-008
   1.145569577808e-009             -2.50135210656e-008
   1.149720192221e-009             -2.47474208004e-008
   1.153870806633e-009             -2.48525906744e-008
   1.158021421045e-009             -2.51177645800e-008
   1.162172035458e-009             -2.46019721193e-008
   1.166322649870e-009             -2.48024140551e-008
   1.170473264282e-009             -2.51096664547e-008
   1.174623878695e-009             -2.52552474065e-008
   1.178774493107e-009             -2.53803978973e-008
   1.182925107519e-009             -2.45945621734e-008
   1.187075721932e-009             -2.46656721301e-008
   1.191226336344e-009             -2.49284377181e-008
   1.195376950757e-009             -2.47670309665e-008
   1.199527565169e-009             -2.49028995643e-008
   1.203678179581e-009             -2.45771750221e-008
   1.207828793994e-009             -2.47538516646e-008
   1.211979408406e-009             -2.40845654298e-008
   1.216130022818e-009             -2.43476222301e-008
   1.220280637231e-009             -2.41388705050e-008
   1.224431251643e-009             -2.47281282079e-008
   1.228581866055e-009             -2.44139422227e-008
   1.232732480468e-009             -2.47875938532e-008
   1.236883094880e-009             -2.47456477849e-008
   1.241033709292e-009             -2.46800952100e-008
   1.245184323705e-009             -2.43322199135e-008
   1.249334938117e-009             -2.45278980911e-008
   1.253485552529e-009             -2.44303501372e-008
   1.257636166942e-009             -2.47471032269e-008
   1.261786781354e-009             -2.47813748081e-008
   1.265937395766e-009             -2.39752937710e-008
   1.270088010179e-009             -2.43218458962e-008
   1.274238624591e-009             -2.40812574237e-008
   1.278389239004e-009             -2.37918156585e-008
   1.282539853416e-009             -2.41582690071e-008
   1.286690467828e-009             -2.45357845524e-008
   1.290841082241e-009             -2.46033748391e-008
   1.294991696653e-009             -2.39646814185e-008
   1.299142311065e-009             -2.38022425530e-008
   1.303292925478e-009             -2.38075884259e-008
   1.307443539890e-009             -2.42330310596e-008
   1.311594154302e-009             -2.38661013506e-008
   1.315744768715e-009             -2.42531969793e-008
   1.319895383127e-009             -2.44685648715e-008
   1.324045997539e-009             -2.41074043635e-008
   1.328196611952e-009             -2.42439609856e-008
   1.332347226364e-009             -2.41572897703e-008
   1.336497840776e-009             -2.45536215479e-008
   1.340648455189e-009             -2.44642511126e-008
   1.344799069601e-009             -2.44991842020e-008
   1.348949684013e-009             -2.40302603545e-008
   1.353100298426e-009             -2.43809939680e-008
   1.357250912838e-009             -2.39656606553e-008
   1.361401527251e-009             -2.37210231202e-008
   1.365552141663e-009             -2.39478765371e-008
   1.369702756075e-009             -2.42253299012e-008
   1.373853370488e-009             -2.39928131929e-008
   1.378003984900e-009             -2.38601997240e-008
   1.382154599312e-009             -2.34775236087e-008
   1.386305213725e-009             -2.40775524508e-008
   1.390455828137e-009             -2.40849889128e-008
   1.394606442549e-009             -2.43349986819e-008
   1.398757056962e-009             -2.41093361659e-008
   1.402907671374e-009             -2.41885972802e-008
   1.407058285786e-009             -2.37578352897e-008
   1.411208900199e-009             -2.37141424119e-008
   1.415359514611e-009             -2.39447801951e-008
   1.419510129023e-009             -2.40612768069e-008
   1.423660743436e-009             -2.40702482594e-008
   1.427811357848e-009             -2.37092465382e-008
   1.431961972260e-009             -2.31450771449e-008
   1.436112586673e-009             -2.36484312053e-008
   1.440263201085e-009             -2.33204571322e-008
   1.444413815497e-009             -2.34690285165e-008
   1.448564429910e-009             -2.34684464017e-008
   1.452715044322e-009             -2.31699272744e-008
   1.456865658735e-009             -2.34497889563e-008
   1.461016273147e-009             -2.33075954039e-008
   1.465166887559e-009             -2.29864755230e-008
   1.469317501972e-009             -2.29557502830e-008
   1.473468116384e-009             -2.32055749042e-008
   1.477618730796e-009             -2.29869518833e-008
   1.481769345209e-009             -2.30278659926e-008
   1.485919959621e-009             -2.28421913815e-008
   1.490070574033e-009             -2.31637609515e-008
   1.494221188446e-009             -2.29634779575e-008
   1.498371802858e-009             -2.29877723333e-008
   1.502522417270e-009             -2.29524951542e-008
   1.506673031683e-009             -2.32791195398e-008
   1.510823646095e-009             -2.30728820419e-008
   1.514974260507e-009             -2.23146223387e-008
   1.519124874920e-009             -2.25603448650e-008
   1.523275489332e-009             -2.27581931802e-008
   1.527426103744e-009             -2.26763386004e-008
   1.531576718157e-009             -2.26845955124e-008
   1.535727332569e-009             -2.27746010948e-008
   1.539877946982e-009             -2.24026165703e-008
   1.544028561394e-009             -2.26553787468e-008
   1.548179175806e-009             -2.18371768829e-008
   1.552329790219e-009             -2.26385737102e-008
   1.556480404631e-009             -2.26327779931e-008
   1.560631019043e-009             -2.21599375087e-008
   1.564781633456e-009             -2.24155048148e-008
   1.568932247868e-009             -2.24572128580e-008
   1.573082862280e-009             -2.22107492751e-008
   1.577233476693e-009             -2.23017340942e-008
   1.581384091105e-009             -2.20479928360e-008
   1.585534705517e-009             -2.24300072881e-008
   1.589685319930e-009             -2.27386887686e-008
   1.593835934342e-009             -2.25799285149e-008
   1.597986548754e-009             -2.21539564887e-008
   1.602137163167e-009             -2.21882809471e-008
   1.606287777579e-009             -2.19081545690e-008
   1.610438391991e-009             -2.17594507590e-008
   1.614589006404e-009             -2.21267245577e-008
   1.618739620816e-009             -2.21759484563e-008
   1.622890235229e-009             -2.20647448402e-008
   1.627040849641e-009             -2.21645158089e-008
   1.631191464053e-009             -2.13901657647e-008
   1.635342078466e-009             -2.17906788755e-008
   1.639492692878e-009             -2.23575741599e-008
   1.643643307290e-009             -2.20006215013e-008
   1.647793921703e-009             -2.21876723162e-008
   1.651944536115e-009             -2.19534087984e-008
   1.656095150527e-009             -2.21773246600e-008
   1.660245764940e-009             -2.19106157639e-008
   1.664396379352e-009             -2.21944471150e-008
   1.668546993764e-009             -2.25005616462e-008
   1.672697608177e-009             -2.24306160741e-008
   1.676848222589e-009             -2.23863409264e-008
   1.680998837001e-009             -2.18471275721e-008
   1.685149451414e-009             -2.22116754795e-008
   1.689300065826e-009             -2.18379973329e-008
   1.693450680238e-009             -2.16013521686e-008
   1.697601294651e-009             -2.15943390346e-008
   1.701751909063e-009             -2.19544409124e-008
   1.705902523475e-009             -2.15763432523e-008
   1.710053137888e-009             -2.13386923351e-008
   1.714203752300e-009             -2.13372632542e-008
   1.718354366713e-009             -2.16842652235e-008
   1.722504981125e-009             -2.15673717998e-008
   1.726655595537e-009             -2.14613285987e-008
   1.730806209950e-009             -2.11317137806e-008
   1.734956824362e-009             -2.14113901596e-008
   1.739107438774e-009             -2.11736069717e-008
   1.743258053187e-009             -2.07679332909e-008
   1.747408667599e-009             -2.07350909457e-008
   1.751559282011e-009             -2.08466915288e-008
   1.755709896424e-009             -2.08816774954e-008
   1.759860510836e-009             -2.02946958396e-008
   1.764011125248e-009             -2.00634229093e-008
   1.768161739661e-009             -2.03260031943e-008
   1.772312354073e-009             -1.96865159950e-008
   1.776462968485e-009             -1.92698860271e-008
   1.780613582898e-009             -1.92123258230e-008
   1.784764197310e-009             -1.87169111011e-008
   1.788914811722e-009             -1.87350656701e-008
   1.793065426135e-009             -1.83962675805e-008
   1.797216040547e-009             -1.81199522399e-008
   1.801366654960e-009             -1.78758969747e-008
   1.805517269372e-009             -1.77833771651e-008
   1.809667883784e-009             -1.70310454496e-008
   1.813818498197e-009             -1.70349886027e-008
   1.817969112609e-009             -1.69136755106e-008
   1.822119727021e-009             -1.62696628882e-008
   1.826270341434e-009             -1.58829111942e-008
   1.830420955846e-009             -1.55301400239e-008
   1.834571570258e-009             -1.49950814868e-008
   1.838722184671e-009             -1.50360219572e-008
   1.842872799083e-009             -1.45912867311e-008
   1.847023413495e-009             -1.38945038689e-008
   1.851174027908e-009             -1.37740112267e-008
   1.855324642320e-009             -1.32545137930e-008
   1.859475256732e-009             -1.27030473414e-008
   1.863625871145e-009             -1.26774297942e-008
   1.867776485557e-009             -1.22916308208e-008
   1.871927099969e-009             -1.18306993441e-008
   1.876077714382e-009             -1.15731472034e-008
   1.880228328794e-009             -1.12945029385e-008
   1.884378943206e-009             -1.11871365659e-008
   1.888529557619e-009             -1.09246885515e-008
   1.892680172031e-009             -1.06315416583e-008
   1.896830786444e-009             -1.06308006017e-008
   1.900981400856e-009             -1.02406351471e-008
   1.905132015268e-009             -9.89429468592e-009
   1.909282629681e-009             -9.62139310580e-009
   1.913433244093e-009             -9.38472142536e-009
   1.917583858505e-009             -9.19613577509e-009
   1.921734472918e-009             -9.08403231559e-009
   1.925885087330e-009             -8.79056784878e-009
   1.930035701742e-009             -8.58835289739e-009
   1.934186316155e-009             -8.37557862581e-009
   1.938336930567e-009             -8.05845493030e-009
   1.942487544979e-009             -8.11868814837e-009
   1.946638159392e-009             -7.81731085922e-009
   1.950788773804e-009             -7.74940299896e-009
   1.954939388216e-009             -7.65807409015e-009
   1.959090002629e-009             -7.54885530866e-009
   1.963240617041e-009             -7.36704445719e-009
   1.967391231453e-009             -7.32419854549e-009
   1.971541845866e-009             -7.49634976508e-009
   1.975692460278e-009             -7.64775295012e-009
   1.979843074691e-009             -7.76342911194e-009
   1.983993689103e-009             -7.85684876491e-009
   1.988144303515e-009             -7.52204686070e-009
   1.992294917928e-009             -7.26616198111e-009
   1.996445532340e-009             -7.30847865527e-009
   2.000596146752e-009             -7.17112809937e-009
   2.004746761165e-009             -7.40229512010e-009
   2.008897375577e-009             -7.34020949309e-009
   2.013047989989e-009             -7.12992293259e-009
   2.017198604402e-009             -7.13166958706e-009
   2.021349218814e-009             -7.02525593512e-009
   2.025499833226e-009             -7.00162322257e-009
   2.029650447639e-009             -7.01273829645e-009
   2.033801062051e-009             -6.99561568640e-009
   2.037951676463e-009             -6.92500860612e-009
   2.042102290876e-009             -6.80755927367e-009
   2.046252905288e-009             -6.93694397494e-009
   2.050403519700e-009             -6.94014622649e-009
   2.054554134113e-009             -7.18674208004e-009
   2.058704748525e-009             -7.22297197972e-009
   2.062855362938e-009             -7.21783777078e-009
   2.067005977350e-009             -7.09266091892e-009
   2.071156591762e-009             -7.08413931058e-009
   2.075307206175e-009             -6.86464311743e-009
   2.079457820587e-009             -7.09498984323e-009
   2.083608434999e-009             -7.21590596846e-009
   2.087759049412e-009             -7.32176371164e-009
   2.091909663824e-009             -7.24792786367e-009
   2.096060278236e-009             -7.35235668098e-009
   2.100210892649e-009             -7.43796926608e-009
   2.104361507061e-009             -7.51844764223e-009
   2.108512121473e-009             -7.45974941463e-009
   2.112662735886e-009             -7.58312673479e-009
   2.116813350298e-009             -7.59368605499e-009
   2.120963964710e-009             -7.58275628402e-009
   2.125114579123e-009             -7.62618446557e-009
   2.129265193535e-009             -7.60448355534e-009
   2.133415807947e-009             -7.84724216533e-009
   2.137566422360e-009             -7.85703391276e-009
   2.141717036772e-009             -7.90946006296e-009
   2.145867651184e-009             -7.76840453411e-009
   2.150018265597e-009             -7.64515948456e-009
   2.154168880009e-009             -7.52093535332e-009
   2.158319494422e-009             -7.52945680659e-009
   2.162470108834e-009             -7.44484997441e-009
   2.166620723246e-009             -7.39911938470e-009
   2.170771337659e-009             -7.35815239808e-009
   2.174921952071e-009             -7.21360356030e-009
   2.179072566483e-009             -7.18790646467e-009
   2.183223180896e-009             -7.27021104374e-009
   2.187373795308e-009             -7.15662547101e-009
   2.191524409720e-009             -7.31726480485e-009
   2.195675024133e-009             -7.18682147343e-009
   2.199825638545e-009             -7.16564995581e-009
   2.203976252957e-009             -7.18687435066e-009
   2.208126867370e-009             -7.11171533130e-009
   2.212277481782e-009             -7.22395106142e-009
   2.216428096194e-009             -7.44855494736e-009
   2.220578710607e-009             -7.43458171161e-009
   2.224729325019e-009             -7.58529687233e-009
   2.228879939431e-009             -7.58910775481e-009
   2.233030553844e-009             -7.51617175022e-009
   2.237181168256e-009             -7.49836111585e-009
   2.241331782669e-009             -7.46636558173e-009
   2.245482397081e-009             -7.50712090434e-009
   2.249633011493e-009             -7.61808634031e-009
   2.253783625906e-009             -7.65000248104e-009
   2.257934240318e-009             -7.67876940253e-009
   2.262084854730e-009             -7.73947882585e-009
   2.266235469143e-009             -7.61636620199e-009
   2.270386083555e-009             -7.79754190637e-009
   2.274536697967e-009             -7.77094512242e-009
   2.278687312380e-009             -7.89548682721e-009
   2.282837926792e-009             -7.63367395990e-009
   2.286988541204e-009             -7.73389477275e-009
   2.291139155617e-009             -7.50675029850e-009
   2.295289770029e-009             -7.57084727628e-009
   2.299440384441e-009             -7.73212175720e-009
   2.303590998854e-009             -7.84660701825e-009
   2.307741613266e-009             -7.90321450170e-009
   2.311892227678e-009             -7.68160104824e-009
   2.316042842091e-009             -7.72661709749e-009
   2.320193456503e-009             -7.53472328614e-009
   2.324344070916e-009             -7.46289878894e-009
   2.328494685328e-009             -7.51289010529e-009
   2.332645299740e-009             -7.47777171301e-009
   2.336795914153e-009             -7.46012002047e-009
   2.340946528565e-009             -7.35111290298e-009
   2.345097142977e-009             -7.29921599032e-009
   2.349247757390e-009             -7.49304175906e-009
   2.353398371802e-009             -7.50119276156e-009
   2.357548986214e-009             -7.37440152584e-009
   2.361699600627e-009             -7.27706523593e-009
   2.365850215039e-009             -7.35614104731e-009
   2.370000829451e-009             -7.24877482982e-009
   2.374151443864e-009             -7.21537657585e-009
   2.378302058276e-009             -7.38009148847e-009
   2.382452672688e-009             -7.61260819675e-009
   2.386603287101e-009             -7.79312223790e-009
   2.390753901513e-009             -7.82667927864e-009
   2.394904515925e-009             -7.71002388004e-009
   2.399055130338e-009             -7.79441904821e-009
   2.403205744750e-009             -7.78100156616e-009
   2.407356359162e-009             -7.82046007846e-009
   2.411506973575e-009             -7.90803098203e-009
   2.415657587987e-009             -7.88177828777e-009
   2.419808202400e-009             -7.99459628774e-009
   2.423958816812e-009             -7.75601916606e-009
   2.428109431224e-009             -7.95624928282e-009
   2.432260045637e-009             -7.94127029416e-009
   2.436410660049e-009             -8.00756377057e-009
   2.440561274461e-009             -8.00661104995e-009
   2.444711888874e-009             -7.85020608166e-009
   2.448862503286e-009             -7.81985144753e-009
   2.453013117698e-009             -7.61289925414e-009
   2.457163732111e-009             -7.69882941277e-009
   2.461314346523e-009             -7.73288917490e-009
   2.465464960935e-009             -7.84493975717e-009
   2.469615575348e-009             -7.82270960939e-009
   2.473766189760e-009             -7.74299865093e-009
   2.477916804172e-009             -7.77049512320e-009
   2.482067418585e-009             -7.75474887190e-009
   2.486218032997e-009             -7.61062336212e-009
   2.490368647409e-009             -7.45183659229e-009
   2.494519261822e-009             -7.47364325699e-009
   2.498669876234e-009             -7.49166555537e-009
   2.502820490647e-009             -7.57251453736e-009
   2.506971105059e-009             -7.45260400999e-009
   2.511121719471e-009             -7.38800431081e-009
   2.515272333884e-009             -7.31467133930e-009
   2.519422948296e-009             -7.55830312146e-009
   2.523573562708e-009             -7.47888322039e-009
   2.527724177121e-009             -7.53580827738e-009
   2.531874791533e-009             -7.68760842934e-009
   2.536025405945e-009             -7.59249515421e-009
   2.540176020358e-009             -7.47782474531e-009
   2.544326634770e-009             -7.60485416117e-009
   2.548477249182e-009             -8.06549458047e-009
   2.552627863595e-009             -8.18733691017e-009
   2.556778478007e-009             -8.36771868071e-009
   2.560929092419e-009             -8.33183287072e-009
   2.565079706832e-009             -8.20030454806e-009
   2.569230321244e-009             -8.01587371490e-009
   2.573380935656e-009             -8.07459830359e-009
   2.577531550069e-009             -8.21321915365e-009
   2.581682164481e-009             -8.29565600335e-009
   2.585832778894e-009             -8.18828963079e-009
   2.589983393306e-009             -8.04165004885e-009
   2.594134007718e-009             -7.98763603095e-009
   2.598284622131e-009             -8.06790274310e-009
   2.602435236543e-009             -8.07181953511e-009
   2.606585850955e-009             -7.91387957636e-009
   2.610736465368e-009             -7.87579726775e-009
   2.614887079780e-009             -7.69605064430e-009
   2.619037694192e-009             -7.69348353983e-009
   2.623188308605e-009             -7.69758563476e-009
   2.627338923017e-009             -7.73577385291e-009
   2.631489537429e-009             -7.87418288390e-009
   2.635640151842e-009             -7.85994510692e-009
   2.639790766254e-009             -7.88296918854e-009
   2.643941380666e-009             -7.83284544651e-009
   2.648091995079e-009             -7.82241839694e-009
   2.652242609491e-009             -7.61424894168e-009
   2.656393223903e-009             -7.66484904402e-009
   2.660543838316e-009             -7.58794337019e-009
   2.664694452728e-009             -7.69687109430e-009
   2.668845067140e-009             -7.65529532168e-009
   2.672995681553e-009             -7.51442509575e-009
   2.677146295965e-009             -7.72084789654e-009
   2.681296910378e-009             -7.66966552435e-009
   2.685447524790e-009             -7.84591883887e-009
   2.689598139202e-009             -7.93952363969e-009
   2.693748753615e-009             -7.90437888632e-009
   2.697899368027e-009             -7.88439826947e-009
   2.702049982439e-009             -7.75234055420e-009
   2.706200596852e-009             -7.61281986075e-009
   2.710351211264e-009             -7.91544108298e-009
   2.714501825676e-009             -8.31598070989e-009
   2.718652440089e-009             -8.43274186295e-009
   2.722803054501e-009             -8.51089146986e-009
   2.726953668913e-009             -8.28350881546e-009
   2.731104283326e-009             -8.25172494534e-009
   2.735254897738e-009             -8.11204546512e-009
   2.739405512150e-009             -8.07742994929e-009
   2.743556126563e-009             -8.19694350975e-009
   2.747706740975e-009             -8.34755276094e-009
   2.751857355387e-009             -8.12800353549e-009
   2.756007969800e-009             -8.04172944223e-009
   2.760158584212e-009             -8.18731039402e-009
   2.764309198625e-009             -8.13954209245e-009
   2.768459813037e-009             -8.10270356185e-009
   2.772610427449e-009             -7.94714540464e-009
   2.776761041862e-009             -7.84576005210e-009
   2.780911656274e-009             -7.82122749616e-009
   2.785062270686e-009             -7.82562064848e-009
   2.789212885099e-009             -7.70298438493e-009
   2.793363499511e-009             -7.83340120020e-009
   2.797514113923e-009             -7.85168819489e-009
   2.801664728336e-009             -7.89257578812e-009
   2.805815342748e-009             -7.97964381522e-009
   2.809965957160e-009             -8.12384871839e-009
   2.814116571573e-009             -7.98432802493e-009
   2.818267185985e-009             -7.83107227589e-009
   2.822417800397e-009             -7.62570810526e-009
   2.826568414810e-009             -7.63724666222e-009
   2.830719029222e-009             -7.74678301726e-009
   2.834869643634e-009             -7.90885143203e-009
   2.839020258047e-009             -7.91067747988e-009
   2.843170872459e-009             -8.20633844532e-009
   2.847321486872e-009             -8.26982663710e-009
   2.851472101284e-009             -8.05639070229e-009
   2.855622715696e-009             -8.08301400239e-009
   2.859773330109e-009             -7.92478298625e-009
   2.863923944521e-009             -8.29107754811e-009
   2.868074558933e-009             -8.09301756889e-009
   2.872225173346e-009             -8.25172494534e-009
   2.876375787758e-009             -8.22221712230e-009
   2.880526402170e-009             -8.30452154631e-009
   2.884677016583e-009             -8.36197584084e-009
   2.888827630995e-009             -8.30102823737e-009
   2.892978245407e-009             -8.52671711455e-009
   2.897128859820e-009             -8.54847090201e-009
   2.901279474232e-009             -8.41580455582e-009
   2.905430088644e-009             -8.09508179690e-009
   2.909580703057e-009             -8.19331793019e-009
   2.913731317469e-009             -8.07134317481e-009
   2.917881931881e-009             -8.16158693731e-009
   2.922032546294e-009             -8.09079455411e-009
   2.926183160706e-009             -7.96119803377e-009
   2.930333775118e-009             -8.04943060057e-009
   2.934484389531e-009             -7.93804168153e-009
   2.938635003943e-009             -7.76462001272e-009
   2.942785618356e-009             -7.82395338740e-009
   2.946936232768e-009             -7.66765432865e-009
   2.951086847180e-009             -7.47628975484e-009
   2.955237461593e-009             -7.41748577277e-009
   2.959388076005e-009             -7.59760284700e-009
   2.963538690417e-009             -7.86968397711e-009
   2.967689304830e-009             -7.90001225015e-009
   2.971839919242e-009             -7.93563336383e-009
   2.975990533654e-009             -7.74143714432e-009
   2.980141148067e-009             -7.84597187117e-009
   2.984291762479e-009             -8.00748437718e-009
   2.988442376891e-009             -8.05506753090e-009
   2.992592991304e-009             -8.09158848796e-009
   2.996743605716e-009             -8.12379568609e-009
   3.000894220128e-009             -7.92025756331e-009
   3.005044834541e-009             -7.82800245003e-009
   3.009195448953e-009             -8.07912372653e-009
   3.013346063365e-009             -8.10079812061e-009
   3.017496677778e-009             -8.21017568888e-009
   3.021647292190e-009             -8.23896912652e-009
   3.025797906603e-009             -8.11503605266e-009
   3.029948521015e-009             -8.07907084929e-009
   3.034099135427e-009             -7.98890632511e-009
   3.038249749840e-009             -7.99258493697e-009
   3.042400364252e-009             -8.09113864380e-009
   3.046550978664e-009             -8.35064910295e-009
   3.050701593077e-009             -8.48889950224e-009
   3.054852207489e-009             -8.36980942486e-009
   3.059002821901e-009             -8.45343702027e-009
   3.063153436314e-009             -8.27382282250e-009
   3.067304050726e-009             -8.14946626556e-009
   3.071454665138e-009             -8.11119865403e-009
   3.075605279551e-009             -8.17526911566e-009
   3.079755893963e-009             -8.11627983067e-009
   3.083906508375e-009             -7.94788646126e-009
   3.088057122788e-009             -7.78346276109e-009
   3.092207737200e-009             -7.80841880011e-009
   3.096358351612e-009             -7.79441904821e-009
   3.100508966025e-009             -7.87029260804e-009
   3.104659580437e-009             -7.76475243840e-009
   3.108810194850e-009             -7.92425374870e-009
   3.112960809262e-009             -7.71126765805e-009
   3.117111423674e-009             -7.67450852083e-009
   3.121262038087e-009             -7.59527392268e-009
   3.125412652499e-009             -7.65013475166e-009
   3.129563266911e-009             -7.87823194653e-009
   3.133713881324e-009             -8.18127649677e-009
   3.137864495736e-009             -8.24063638760e-009
   3.142015110148e-009             -8.14131526307e-009
   3.146165724561e-009             -8.17095535673e-009
   3.150316338973e-009             -8.12734202732e-009
   3.154466953385e-009             -8.17460745243e-009
   3.158617567798e-009             -8.13393167827e-009
   3.162768182210e-009             -8.24105971561e-009
   3.166918796622e-009             -8.44435981330e-009
   3.171069411035e-009             -8.26175502799e-009
   3.175220025447e-009             -8.27448433066e-009
   3.179370639859e-009             -8.34929941540e-009
   3.183521254272e-009             -8.19546155158e-009
   3.187671868684e-009             -8.39161608957e-009
   3.191822483096e-009             -8.34278915784e-009
   3.195973097509e-009             -8.29136876056e-009
   3.200123711921e-009             -8.23960427360e-009
   3.204274326334e-009             -8.08796290840e-009
   3.208424940746e-009             -8.17749213044e-009
   3.212575555158e-009             -8.39368031757e-009
   3.216726169571e-009             -8.59425452403e-009
   3.220876783983e-009             -8.66433236676e-009
   3.225027398395e-009             -8.41159670642e-009
   3.229178012808e-009             -8.37682240382e-009
   3.233328627220e-009             -8.17307261704e-009
   3.237479241632e-009             -8.12847989580e-009
   3.241629856045e-009             -8.13668393059e-009
   3.245780470457e-009             -8.16833537503e-009
   3.249931084869e-009             -8.02593015863e-009
   3.254081699282e-009             -7.94894509141e-009
   3.258232313694e-009             -8.05064801749e-009
   3.262382928106e-009             -7.98681573602e-009
   3.266533542519e-009             -7.98774194049e-009
   3.270684156931e-009             -7.94764828110e-009
   3.274834771343e-009             -7.90834855557e-009
   3.278985385756e-009             -7.92520646932e-009
   3.283136000168e-009             -7.97326582828e-009
   3.287286614581e-009             -8.04855727333e-009
   3.291437228993e-009             -8.00250911008e-009
   3.295587843405e-009             -7.89530152429e-009
   3.299738457818e-009             -7.98602180217e-009
   3.303889072230e-009             -8.18373769170e-009
   3.308039686642e-009             -8.26741831940e-009
   3.312190301055e-009             -8.25601218813e-009
   3.316340915467e-009             -8.14652871032e-009
   3.320491529879e-009             -8.06197475538e-009
   3.324642144292e-009             -8.08854502318e-009
   3.328792758704e-009             -8.38372962831e-009
   3.332943373116e-009             -8.44901750686e-009
   3.337093987529e-009             -8.30248383445e-009
   3.341244601941e-009             -8.38441780769e-009
   3.345395216353e-009             -8.18013862829e-009
   3.349545830766e-009             -8.17825954814e-009
   3.353696445178e-009             -8.28962210610e-009
   3.357847059590e-009             -8.35618012374e-009
   3.361997674003e-009             -8.33998387322e-009
   3.366148288415e-009             -7.96768193025e-009
   3.370298902827e-009             -7.91562623083e-009
   3.374449517240e-009             -8.00184744685e-009
   3.378600131652e-009             -8.15026019941e-009
   3.382750746065e-009             -8.35639194281e-009
   3.386901360477e-009             -8.26371334646e-009
   3.391051974889e-009             -8.08097629053e-009
   3.395202589302e-009             -8.05668191475e-009
   3.399353203714e-009             -7.82432383817e-009
   3.403503818126e-009             -8.40527175177e-009
   3.407654432539e-009             -8.53441827288e-009
   3.411805046951e-009             -8.52737877778e-009
   3.415955661363e-009             -8.31725100405e-009
   3.420106275776e-009             -8.17354897734e-009
   3.424256890188e-009             -8.50483105646e-009
   3.428407504600e-009             -8.46603420738e-009
   3.432558119013e-009             -8.40291646637e-009
   3.436708733425e-009             -8.65745165842e-009
   3.440859347837e-009             -8.54952953217e-009
   3.445009962250e-009             -8.34286855123e-009
   3.449160576662e-009             -8.32495216238e-009
   3.453311191074e-009             -8.48016622990e-009
   3.457461805487e-009             -8.65761044519e-009
   3.461612419899e-009             -8.90669385477e-009
   3.465763034312e-009             -8.96920296485e-009
   3.469913648724e-009             -9.02353455628e-009
   3.474064263136e-009             -9.17385259502e-009
   3.478214877549e-009             -8.92566887376e-009
   3.482365491961e-009             -8.74843647754e-009
   3.486516106373e-009             -8.87491013971e-009
   3.490666720786e-009             -9.12973638915e-009
   3.494817335198e-009             -9.18832870722e-009
   3.498967949610e-009             -9.23046007846e-009
   3.503118564023e-009             -8.78270790367e-009
   3.507269178435e-009             -8.91301896447e-009
   3.511419792847e-009             -8.74827769077e-009
   3.515570407260e-009             -8.87440726325e-009
   3.519721021672e-009             -8.93887469181e-009
   3.523871636084e-009             -8.75505248957e-009
   3.528022250497e-009             -8.58313945014e-009
   3.532172864909e-009             -8.27324055265e-009
   3.536323479321e-009             -8.26826528555e-009
   3.540474093734e-009             -8.60378173022e-009
   3.544624708146e-009             -8.71718184497e-009
   3.548775322559e-009             -8.77580067919e-009
   3.552925936971e-009             -8.69399897657e-009
   3.557076551383e-009             -8.69124672425e-009
   3.561227165796e-009             -8.51171176480e-009
   3.565377780208e-009             -8.55791871482e-009
   3.569528394620e-009             -8.56572578269e-009
   3.573679009033e-009             -8.52939012855e-009
   3.577829623445e-009             -8.63596241219e-009
   3.581980237857e-009             -8.73705670735e-009
   3.586130852270e-009             -8.69691017073e-009
   3.590281466682e-009             -8.58467428554e-009
   3.594432081094e-009             -8.64691869931e-009
   3.598582695507e-009             -8.63347485618e-009
   3.602733309919e-009             -8.75375583433e-009
   3.606883924331e-009             -8.64162585867e-009
   3.611034538744e-009             -8.60452263177e-009
   3.615185153156e-009             -8.61852238366e-009
   3.619335767568e-009             -8.60378173022e-009
   3.623486381981e-009             -8.81904355782e-009
   3.627636996393e-009             -9.14564158229e-009
   3.631787610805e-009             -9.32184186450e-009
   3.635938225218e-009             -9.26414938982e-009
   3.640088839630e-009             -9.39596892493e-009
   3.644239454043e-009             -9.27785792926e-009
   3.648390068455e-009             -9.05563584487e-009
   3.652540682867e-009             -9.18147435997e-009
   3.656691297280e-009             -9.22170044504e-009
   3.660841911692e-009             -9.32718773744e-009
   3.664992526104e-009             -9.02750422553e-009
   3.669143140517e-009             -8.92606584069e-009
   3.673293754929e-009             -8.95869652189e-009
   3.677444369341e-009             -8.95959636527e-009
   3.681594983754e-009             -8.93143822978e-009
   3.685745598166e-009             -8.85027167424e-009
   3.689896212578e-009             -8.73512474996e-009
   3.694046826991e-009             -8.43790243297e-009
   3.698197441403e-009             -8.50988571694e-009
   3.702348055815e-009             -8.38470886508e-009
   3.706498670228e-009             -8.61050365179e-009
   3.710649284640e-009             -8.76360061406e-009
   3.714799899052e-009             -8.82407185722e-009
   3.718950513465e-009             -9.08313247220e-009
   3.723101127877e-009             -8.88589278792e-009
   3.727251742290e-009             -9.04113337158e-009
   3.731402356702e-009             -9.05735613826e-009
   3.735552971114e-009             -9.08310595605e-009
   3.739703585527e-009             -9.13764921149e-009
   3.743854199939e-009             -9.20084634589e-009
   3.748004814351e-009             -9.27444401371e-009
   3.752155428764e-009             -9.42145420149e-009
   3.756306043176e-009             -9.44887128037e-009
   3.760456657588e-009             -9.41634650871e-009
   3.764607272001e-009             -9.53064646684e-009
   3.768757886413e-009             -9.52876754175e-009
   3.772908500825e-009             -9.65434136054e-009
   3.777059115238e-009             -9.71722092140e-009
   3.781209729650e-009             -9.64092387849e-009
   3.785360344062e-009             -9.71679759339e-009
   3.789510958475e-009             -9.95886802400e-009
   3.793661572887e-009             -1.03067961978e-008
   3.797812187299e-009             -1.04191114764e-008
   3.801962801712e-009             -1.03871159423e-008
   3.806113416124e-009             -1.03133594877e-008
   3.810264030537e-009             -1.03124067670e-008
   3.814414644949e-009             -1.02543436865e-008
   3.818565259361e-009             -1.02112859557e-008
   3.822715873774e-009             -1.01464215603e-008
   3.826866488186e-009             -1.04209110081e-008
   3.831017102598e-009             -9.99869698708e-009
   3.835167717011e-009             -9.86777729535e-009
   3.839318331423e-009             -9.93473243499e-009
   3.843468945835e-009             -1.01037344353e-008
   3.847619560248e-009             -1.00861884973e-008
   3.851770174660e-009             -1.01621944828e-008
   3.855920789072e-009             -1.01490415420e-008
   3.860071403485e-009             -9.82448138442e-009
   3.864222017897e-009             -9.73778380809e-009
   3.868372632309e-009             -9.83339995968e-009
   3.872523246722e-009             -1.00937837461e-008
   3.876673861134e-009             -1.03726398300e-008
   3.880824475546e-009             -1.06190768968e-008
   3.884975089959e-009             -1.07679129774e-008
   3.889125704371e-009             -1.08850712525e-008
   3.893276318783e-009             -1.10088719006e-008
   3.897426933196e-009             -1.13459498519e-008
   3.901577547608e-009             -1.10598689699e-008
   3.905728162021e-009             -1.16514819582e-008
   3.909878776433e-009             -1.14178008653e-008
   3.914029390845e-009             -1.14963738002e-008
   3.918180005258e-009             -1.17210835957e-008
   3.922330619670e-009             -1.20055235777e-008
   3.926481234082e-009             -1.20567588271e-008
   3.930631848495e-009             -1.21429535270e-008
   3.934782462907e-009             -1.19548177209e-008
   3.938933077319e-009             -1.22225850920e-008
   3.943083691732e-009             -1.19226897610e-008
   3.947234306144e-009             -1.19673353595e-008
   3.951384920556e-009             -1.20609401603e-008
   3.955535534969e-009             -1.24462097412e-008
   3.959686149381e-009             -1.25492888710e-008
   3.963836763793e-009             -1.27385098234e-008
   3.967987378206e-009             -1.28848581929e-008
   3.972137992618e-009             -1.27466343097e-008
   3.976288607030e-009             -1.26932290778e-008
   3.980439221443e-009             -1.25718365923e-008
   3.984589835855e-009             -1.23067420800e-008
   3.988740450267e-009             -1.24435633984e-008
   3.992891064680e-009             -1.26284175596e-008
   3.997041679092e-009             -1.24858270403e-008
   4.001192293505e-009             -1.25069721968e-008
   4.005342907917e-009             -1.25817078882e-008
   4.009493522329e-009             -1.23679808960e-008
   4.013644136742e-009             -1.22743495790e-008
   4.017794751154e-009             -1.21912512211e-008
   4.021945365566e-009             -1.22709621796e-008
   4.026095979979e-009             -1.22763609298e-008
   4.030246594391e-009             -1.21816974988e-008
   4.034397208803e-009             -1.22200710199e-008
   4.038547823216e-009             -1.23985473492e-008
   4.042698437628e-009             -1.23962449410e-008
   4.046849052040e-009             -1.27164119462e-008
   4.050999666453e-009             -1.29789658701e-008
   4.055150280865e-009             -1.30445182899e-008
   4.059300895277e-009             -1.28388894230e-008
   4.063451509690e-009             -1.30445976833e-008
   4.067602124102e-009             -1.32107416769e-008
   4.071752738514e-009             -1.35625866427e-008
   4.075903352927e-009             -1.36729963250e-008
   4.080053967339e-009             -1.35581140970e-008
   4.084204581752e-009             -1.36039771124e-008
   4.088355196164e-009             -1.34370657011e-008
   4.092505810576e-009             -1.34908679000e-008
   4.096656424989e-009             -1.35197407310e-008
   4.100807039401e-009             -1.33028908806e-008
   4.104957653813e-009             -1.34321961885e-008
   4.109108268226e-009             -1.34479691110e-008
   4.113258882638e-009             -1.74986459706e-008
   4.117409497050e-009             -2.08334063174e-008
   4.121560111463e-009             -2.13892394052e-008
   4.125710725875e-009             -2.15080649413e-008
   4.129861340287e-009             -2.16308599916e-008
   4.134011954700e-009             -2.15084353921e-008
   4.138162569112e-009             -2.13351461490e-008
   4.142313183524e-009             -2.13980520709e-008
   4.146463797937e-009             -2.14003281180e-008
