# Atom Manipulation               
# 
# Sample                          Ag(111)
# Data set                        -
# Creation Comment                
# Gap voltage                     -1.000e-003 V
# Gap voltage range in Volt       -10;10
# Feedback loop enabled           No
# Regulator setpoint              1.000e-009 A
# Pre-amplifier range             0;3.33e-007
# Loop gain                       7.000e+000 %
# Z-axis offset                   -4.000e-010 m
# Parameter mode                  V before Z
# Raster time                     1.000e-003 seconds
# Channel name and data unit      I(r) [A]
# Manipulation vector: start      1.375e+000, 1.191e+000 [nm]
#                      end        2.751e+000, 2.709e+000 [nm]
# 
# 
#             Position                            I(r)
# --------------------             -------------------
   0.000000000000e+000             -4.17508629379e-009
   2.049037085940e-012             -4.26916745491e-009
   4.098074171881e-012             -4.39077175952e-009
   6.147111257821e-012             -4.36629208082e-009
   8.196148343762e-012             -4.31217230846e-009
   1.024518542970e-011             -4.40032532680e-009
   1.229422251564e-011             -4.33366139962e-009
   1.434325960158e-011             -4.58433283196e-009
   1.639229668752e-011             -4.63919366093e-009
   1.844133377346e-011             -4.78612430027e-009
   2.049037085940e-011             -4.71562297446e-009
   2.253940794534e-011             -4.91452991983e-009
   2.458844503129e-011             -4.97915613515e-009
   2.663748211723e-011             -5.11703592861e-009
   2.868651920317e-011             -5.29582983144e-009
   3.073555628911e-011             -5.42870784165e-009
   3.278459337505e-011             -5.49285769666e-009
   3.483363046099e-011             -5.52546201678e-009
   3.688266754693e-011             -5.62552404286e-009
   3.893170463287e-011             -5.73574857728e-009
   4.098074171881e-011             -5.87214641257e-009
   4.302977880475e-011             -5.97448448573e-009
   4.507881589069e-011             -6.11516956380e-009
   4.712785297663e-011             -6.19903549443e-009
   4.917689006257e-011             -6.12453798322e-009
   5.122592714851e-011             -5.98731969793e-009
   5.327496423445e-011             -5.89315914342e-009
   5.532400132039e-011             -6.05551861558e-009
   5.737303840633e-011             -6.17865775559e-009
   5.942207549227e-011             -6.24773000047e-009
   6.147111257821e-011             -6.18418893145e-009
   6.352014966415e-011             -6.07174138225e-009
   6.556918675009e-011             -6.08063344136e-009
   6.761822383603e-011             -6.11530183442e-009
   6.966726092197e-011             -6.26051233544e-009
   7.171629800792e-011             -6.42162802959e-009
   7.376533509386e-011             -6.43078478500e-009
   7.581437217980e-011             -6.24836514754e-009
   7.786340926574e-011             -6.26921924669e-009
   7.991244635168e-011             -6.40506132829e-009
   8.196148343762e-011             -6.62858006792e-009
   8.401052052356e-011             -6.90121695173e-009
   8.605955760950e-011             -6.93154522477e-009
   8.810859469544e-011             -1.55229152259e-008
   9.015763178138e-011             -1.84838384841e-008
   9.220666886732e-011             -1.83456411171e-008
   9.425570595326e-011             -1.84327621765e-008
   9.630474303920e-011             -1.87843424460e-008
   9.835378012514e-011             -1.90654215448e-008
   1.004028172111e-010             -1.86452188745e-008
   1.024518542970e-010             -1.86094388190e-008
   1.045008913830e-010             -1.87957487323e-008
   1.065499284689e-010             -1.86139378809e-008
   1.085989655548e-010             -1.85921840934e-008
   1.106480026408e-010             -1.87056372405e-008
   1.126970397267e-010             -1.86417784428e-008
   1.147460768127e-010             -1.89706787204e-008
   1.167951138986e-010             -1.84757403588e-008
   1.188441509845e-010             -1.84396428848e-008
   1.208931880705e-010             -1.87065105677e-008
   1.229422251564e-010             -1.87129414319e-008
   1.249912622424e-010             -1.87101626634e-008
   1.270402993283e-010             -1.88763065019e-008
   1.290893364142e-010             -1.89008919351e-008
   1.311383735002e-010             -1.87711631441e-008
   1.331874105861e-010             -1.86140172743e-008
   1.352364476721e-010             -1.86514115586e-008
   1.372854847580e-010             -1.88206517391e-008
   1.393345218439e-010             -1.90324467739e-008
   1.413835589299e-010             -1.87484831522e-008
   1.434325960158e-010             -1.85122613159e-008
   1.454816331018e-010             -1.89091488471e-008
   1.475306701877e-010             -1.85891671448e-008
   1.495797072737e-010             -1.85419809580e-008
   1.516287443596e-010             -1.87526644854e-008
   1.536777814455e-010             -1.85824981005e-008
   1.557268185315e-010             -1.85106734482e-008
   1.577758556174e-010             -1.85372173549e-008
   1.598248927034e-010             -1.82742929802e-008
   1.618739297893e-010             -1.85941424119e-008
   1.639229668752e-010             -1.87253796772e-008
   1.659720039612e-010             -1.85325066290e-008
   1.680210410471e-010             -1.88217103692e-008
   1.700700781331e-010             -1.86476270372e-008
   1.721191152190e-010             -1.85541016297e-008
   1.741681523049e-010             -1.85795340291e-008
   1.762171893909e-010             -1.86908700709e-008
   1.782662264768e-010             -1.89796238118e-008
   1.803152635628e-010             -1.91218173642e-008
   1.823643006487e-010             -1.87486948162e-008
   1.844133377346e-010             -1.84799747244e-008
   1.864623748206e-010             -1.89135154833e-008
   1.885114119065e-010             -1.87798435392e-008
   1.905604489925e-010             -1.86271700600e-008
   1.926094860784e-010             -1.87174138225e-008
   1.946585231643e-010             -1.88945934966e-008
   1.967075602503e-010             -1.86378352897e-008
   1.987565973362e-010             -1.81748659461e-008
   2.008056344222e-010             -1.85397314271e-008
   2.028546715081e-010             -1.85251760765e-008
   2.049037085940e-010             -1.88088750019e-008
   2.069527456800e-010             -1.87070132891e-008
   2.090017827659e-010             -1.88289351672e-008
   2.110508198519e-010             -1.88263945789e-008
   2.130998569378e-010             -1.85973975407e-008
   2.151488940237e-010             -1.85782372188e-008
   2.171979311097e-010             -1.88458459582e-008
   2.192469681956e-010             -1.83975909070e-008
   2.212960052816e-010             -1.90803740173e-008
   2.233450423675e-010             -1.87631709284e-008
   2.253940794534e-010             -1.81867220766e-008
   2.274431165394e-010             -1.84157454760e-008
   2.294921536253e-010             -1.83469114112e-008
   2.315411907113e-010             -1.85516934671e-008
   2.335902277972e-010             -1.87806903503e-008
   2.356392648832e-010             -1.88236686877e-008
   2.376883019691e-010             -1.85530695157e-008
   2.397373390550e-010             -1.85911783405e-008
   2.417863761410e-010             -1.85326125386e-008
   2.438354132269e-010             -1.83791980028e-008
   2.458844503129e-010             -1.89830377274e-008
   2.479334873988e-010             -1.87675640807e-008
   2.499825244847e-010             -1.87712425375e-008
   2.520315615707e-010             -1.88247536789e-008
   2.540805986566e-010             -1.88934025958e-008
   2.561296357426e-010             -1.87174403387e-008
   2.581786728285e-010             -1.88386740374e-008
   2.602277099144e-010             -1.91068648917e-008
   2.622767470004e-010             -1.90878104793e-008
   2.643257840863e-010             -1.89767656500e-008
   2.663748211723e-010             -1.83861582595e-008
   2.684238582582e-010             -1.85724945340e-008
   2.704728953441e-010             -1.86103386624e-008
   2.725219324301e-010             -1.85368469041e-008
   2.745709695160e-010             -1.85833449115e-008
   2.766200066020e-010             -1.84119345935e-008
   2.786690436879e-010             -1.86165313464e-008
   2.807180807738e-010             -1.82874457659e-008
   2.827671178598e-010             -1.81002361643e-008
   2.848161549457e-010             -1.86032197739e-008
   2.868651920317e-010             -1.91395749663e-008
   2.889142291176e-010             -1.86993915241e-008
   2.909632662035e-010             -1.86379146831e-008
   2.930123032895e-010             -1.86651994914e-008
   2.950613403754e-010             -1.85632849013e-008
   2.971103774614e-010             -1.83880106685e-008
   2.991594145473e-010             -1.84688331343e-008
   3.012084516332e-010             -1.86032726511e-008
   3.032574887192e-010             -1.87754769030e-008
   3.053065258051e-010             -1.87570047605e-008
   3.073555628911e-010             -1.85259963715e-008
   3.094045999770e-010             -1.85804338724e-008
   3.114536370629e-010             -1.83271953356e-008
   3.135026741489e-010             -1.84315182434e-008
   3.155517112348e-010             -1.86278846005e-008
   3.176007483208e-010             -1.87185253299e-008
   3.196497854067e-010             -1.84740202205e-008
   3.216988224926e-010             -1.85134787328e-008
   3.237478595786e-010             -1.81424999612e-008
   3.257968966645e-010             -1.86350300051e-008
   3.278459337505e-010             -1.85397050660e-008
   3.298949708364e-010             -1.89632422584e-008
   3.319440079224e-010             -1.86043047652e-008
   3.339930450083e-010             -1.87960926670e-008
   3.360420820942e-010             -1.88942759230e-008
   3.380911191802e-010             -1.84079914404e-008
   3.401401562661e-010             -1.84922541829e-008
   3.421891933521e-010             -1.85034222891e-008
   3.442382304380e-010             -1.88130828513e-008
   3.462872675239e-010             -1.85473003148e-008
   3.483363046099e-010             -1.83292860798e-008
   3.503853416958e-010             -1.85245409295e-008
   3.524343787818e-010             -1.85123143482e-008
   3.544834158677e-010             -1.85397844594e-008
   3.565324529536e-010             -1.85352060041e-008
   3.585814900396e-010             -1.84467354122e-008
   3.606305271255e-010             -1.84740467367e-008
   3.626795642115e-010             -1.85575155453e-008
   3.647286012974e-010             -1.85322420878e-008
   3.667776383833e-010             -1.83399247934e-008
   3.688266754693e-010             -1.85589446262e-008
   3.708757125552e-010             -1.84861408922e-008
   3.729247496412e-010             -1.83798596660e-008
   3.749737867271e-010             -1.86571278823e-008
   3.770228238130e-010             -1.85435688257e-008
   3.790718608990e-010             -1.86500882321e-008
   3.811208979849e-010             -1.86810781684e-008
   3.831699350709e-010             -1.85185333933e-008
   3.852189721568e-010             -1.89664445099e-008
   3.872680092427e-010             -1.87768000744e-008
   3.893170463287e-010             -1.84615819752e-008
   3.913660834146e-010             -1.85595003799e-008
   3.934151205006e-010             -1.87030966521e-008
   3.954641575865e-010             -1.86171664935e-008
   3.975131946724e-010             -1.85699803067e-008
   3.995622317584e-010             -1.86423870738e-008
   4.016112688443e-010             -1.86475212827e-008
   4.036603059303e-010             -1.84061917536e-008
   4.057093430162e-010             -1.80311374033e-008
   4.077583801021e-010             -1.85028135031e-008
   4.098074171881e-010             -1.88702197274e-008
   4.118564542740e-010             -1.87758738700e-008
   4.139054913600e-010             -1.88181111507e-008
   4.159545284459e-010             -1.86661787282e-008
   4.180035655318e-010             -1.86937545938e-008
   4.200526026178e-010             -1.87065105677e-008
   4.221016397037e-010             -1.86474153732e-008
   4.241506767897e-010             -1.85576479710e-008
   4.261997138756e-010             -1.85935337810e-008
   4.282487509616e-010             -1.87305402472e-008
   4.302977880475e-010             -1.82758808479e-008
   4.323468251334e-010             -1.85985884414e-008
   4.343958622194e-010             -1.81990809285e-008
   4.364448993053e-010             -1.82209669866e-008
   4.384939363913e-010             -1.82366339996e-008
   4.405429734772e-010             -1.86787492441e-008
   4.425920105631e-010             -1.85022842655e-008
   4.446410476491e-010             -1.81825405883e-008
   4.466900847350e-010             -1.81004478283e-008
   4.487391218210e-010             -1.80499272744e-008
   4.507881589069e-010             -1.86696720371e-008
   4.528371959928e-010             -1.82184794306e-008
   4.548862330788e-010             -1.85492851494e-008
   4.569352701647e-010             -1.83109990851e-008
   4.589843072507e-010             -1.83836705485e-008
   4.610333443366e-010             -1.83730583510e-008
   4.630823814225e-010             -1.86949191335e-008
   4.651314185085e-010             -1.87588571694e-008
   4.671804555944e-010             -1.89169824311e-008
   4.692294926804e-010             -1.85259963715e-008
   4.712785297663e-010             -1.82901716572e-008
   4.733275668522e-010             -1.85223179147e-008
   4.753766039382e-010             -1.84444593652e-008
   4.774256410241e-010             -1.80709400053e-008
   4.794746781101e-010             -1.84276016065e-008
   4.815237151960e-010             -1.85004582177e-008
   4.835727522819e-010             -1.83402423669e-008
   4.856217893679e-010             -1.82422180527e-008
   4.876708264538e-010             -1.82859372916e-008
   4.897198635398e-010             -1.83672626339e-008
   4.917689006257e-010             -1.86615739118e-008
   4.938179377116e-010             -1.84868025555e-008
   4.958669747976e-010             -1.85850915660e-008
   4.979160118835e-010             -1.83022394517e-008
   4.999650489695e-010             -1.88548174107e-008
   5.020140860554e-010             -1.83045682209e-008
   5.040631231413e-010             -1.83640338662e-008
   5.061121602273e-010             -1.87784673355e-008
   5.081611973132e-010             -1.89560439765e-008
   5.102102343992e-010             -1.86123500132e-008
   5.122592714851e-010             -1.84038364682e-008
   5.143083085710e-010             -1.82710907287e-008
   5.163573456570e-010             -1.84332385368e-008
   5.184063827429e-010             -1.82396244321e-008
   5.204554198289e-010             -1.82734460140e-008
   5.225044569148e-010             -1.83671302083e-008
   5.245534940007e-010             -1.82388835305e-008
   5.266025310867e-010             -1.79981891485e-008
   5.286515681726e-010             -1.80493184884e-008
   5.307006052586e-010             -1.84454386019e-008
   5.327496423445e-010             -1.85423514088e-008
   5.347986794305e-010             -1.84340853479e-008
   5.368477165164e-010             -1.83568355844e-008
   5.388967536023e-010             -1.83412744809e-008
   5.409457906883e-010             -1.83338115027e-008
   5.429948277742e-010             -1.83949709253e-008
   5.450438648602e-010             -1.85379584115e-008
   5.470929019461e-010             -1.87698928499e-008
   5.491419390320e-010             -1.90035740979e-008
   5.511909761180e-010             -1.86229093334e-008
   5.532400132039e-010             -1.81730927755e-008
   5.552890502899e-010             -1.82337493216e-008
   5.573380873758e-010             -1.85240380530e-008
   5.593871244617e-010             -1.85649521624e-008
   5.614361615477e-010             -1.80997332878e-008
   5.634851986336e-010             -1.85170249190e-008
   5.655342357196e-010             -1.83212673479e-008
   5.675832728055e-010             -1.83184091861e-008
   5.696323098914e-010             -1.79260205616e-008
   5.716813469774e-010             -1.85731031649e-008
   5.737303840633e-010             -1.84212764968e-008
   5.757794211493e-010             -1.86672108422e-008
   5.778284582352e-010             -1.85683924390e-008
   5.798774953211e-010             -1.84445917908e-008
   5.819265324071e-010             -1.85193803594e-008
   5.839755694930e-010             -1.82938766301e-008
   5.860246065790e-010             -1.84625875731e-008
   5.880736436649e-010             -1.86144936346e-008
   5.901226807508e-010             -1.90589378033e-008
   5.921717178368e-010             -1.85480413714e-008
   5.942207549227e-010             -1.82611930717e-008
   5.962697920087e-010             -1.83571531579e-008
   5.983188290946e-010             -1.82372426305e-008
   6.003678661805e-010             -1.79717247903e-008
   6.024169032665e-010             -1.79777056552e-008
   6.044659403524e-010             -1.85254142567e-008
   6.065149774384e-010             -1.85987472282e-008
   6.085640145243e-010             -1.82269214905e-008
   6.106130516102e-010             -1.78825660190e-008
   6.126620886962e-010             -1.82703233110e-008
   6.147111257821e-010             -1.87491711765e-008
   6.167601628681e-010             -1.84035188947e-008
   6.188091999540e-010             -1.84234731505e-008
   6.208582370399e-010             -1.82935590566e-008
   6.229072741259e-010             -1.83496901797e-008
   6.249563112118e-010             -1.82192203321e-008
   6.270053482978e-010             -1.83968498504e-008
   6.290543853837e-010             -1.80577607034e-008
   6.311034224696e-010             -1.86729800431e-008
   6.331524595556e-010             -1.86624736001e-008
   6.352014966415e-010             -1.85381700755e-008
   6.372505337275e-010             -1.82602667122e-008
   6.392995708134e-010             -1.85987472282e-008
   6.413486078994e-010             -1.83131957388e-008
   6.433976449853e-010             -1.83759165129e-008
   6.454466820712e-010             -1.84868554327e-008
   6.474957191572e-010             -1.85424573183e-008
   6.495447562431e-010             -1.83452970274e-008
   6.515937933291e-010             -1.80090396812e-008
   6.536428304150e-010             -1.83955266790e-008
   6.556918675009e-010             -1.85142197894e-008
   6.577409045869e-010             -1.87757415993e-008
   6.597899416728e-010             -1.86163196824e-008
   6.618389787588e-010             -1.83662568810e-008
   6.638880158447e-010             -1.85785284312e-008
   6.659370529306e-010             -1.83616520647e-008
   6.679860900166e-010             -1.85520904340e-008
   6.700351271025e-010             -1.87401733629e-008
   6.720841641885e-010             -1.87564224907e-008
   6.741332012744e-010             -1.83350817969e-008
   6.761822383603e-010             -1.80751213385e-008
   6.782312754463e-010             -1.84076473507e-008
   6.802803125322e-010             -1.82477755896e-008
   6.823293496182e-010             -1.80506681760e-008
   6.843783867041e-010             -1.82968141854e-008
   6.864274237900e-010             -1.80347366217e-008
   6.884764608760e-010             -1.84316770302e-008
   6.905254979619e-010             -1.84043922219e-008
   6.925745350479e-010             -1.78781463505e-008
   6.946235721338e-010             -1.81985251748e-008
   6.966726092197e-010             -1.83280686629e-008
   6.987216463057e-010             -1.83203411435e-008
   7.007706833916e-010             -1.83409569074e-008
   7.028197204776e-010             -1.82999899208e-008
   7.048687575635e-010             -1.83940710819e-008
   7.069177946494e-010             -1.83786952814e-008
   7.089668317354e-010             -1.85700333390e-008
   7.110158688213e-010             -1.85638406550e-008
   7.130649059073e-010             -1.86677665959e-008
   7.151139429932e-010             -1.86867679759e-008
   7.171629800791e-010             -1.82353902216e-008
   7.192120171651e-010             -1.83151805734e-008
   7.212610542510e-010             -1.82602932283e-008
   7.233100913370e-010             -1.81682234179e-008
   7.253591284229e-010             -1.84498581153e-008
   7.274081655088e-010             -1.86799666610e-008
   7.294572025948e-010             -1.82238516646e-008
   7.315062396807e-010             -1.81850811766e-008
   7.335552767667e-010             -1.78851594846e-008
   7.356043138526e-010             -1.83031921723e-008
   7.376533509385e-010             -1.83512515313e-008
   7.397023880245e-010             -1.83463291414e-008
   7.417514251104e-010             -1.85826303711e-008
   7.438004621964e-010             -1.82438587976e-008
   7.458494992823e-010             -1.79584130627e-008
   7.478985363683e-010             -1.84362554854e-008
   7.499475734542e-010             -1.86121381941e-008
   7.519966105401e-010             -1.85658254896e-008
   7.540456476261e-010             -1.83907630759e-008
   7.560946847120e-010             -1.83419890214e-008
   7.581437217980e-010             -1.83039861062e-008
   7.601927588839e-010             -1.79978980911e-008
   7.622417959698e-010             -1.83013661245e-008
   7.642908330558e-010             -1.84721147793e-008
   7.663398701417e-010             -1.83919803377e-008
   7.683889072277e-010             -1.83286244166e-008
   7.704379443136e-010             -1.80777943525e-008
   7.724869813995e-010             -1.82183735211e-008
   7.745360184855e-010             -1.78409902464e-008
   7.765850555714e-010             -1.84990291368e-008
   7.786340926574e-010             -1.86158168060e-008
   7.806831297433e-010             -1.87506796508e-008
   7.827321668292e-010             -1.86669990231e-008
   7.847812039152e-010             -1.87452015072e-008
   7.868302410011e-010             -1.86729271659e-008
   7.888792780871e-010             -1.86198658686e-008
   7.909283151730e-010             -1.82408418490e-008
   7.929773522589e-010             -1.87972306905e-008
   7.950263893449e-010             -1.86036167408e-008
   7.970754264308e-010             -1.85772316209e-008
   7.991244635168e-010             -1.83699089767e-008
   8.011735006027e-010             -1.84995054971e-008
   8.032225376886e-010             -1.84564742824e-008
   8.052715747746e-010             -1.80949962009e-008
   8.073206118605e-010             -1.84039952550e-008
   8.093696489465e-010             -1.83523101614e-008
   8.114186860324e-010             -1.84545423250e-008
   8.134677231183e-010             -1.82820470158e-008
   8.155167602043e-010             -1.79232417932e-008
   8.175657972902e-010             -1.84908781343e-008
   8.196148343762e-010             -1.87062987486e-008
   8.216638714621e-010             -1.85764111709e-008
   8.237129085480e-010             -1.84149250260e-008
   8.257619456340e-010             -1.85640258029e-008
   8.278109827199e-010             -1.84272575168e-008
   8.298600198059e-010             -1.83314297012e-008
   8.319090568918e-010             -1.85906491029e-008
   8.339580939777e-010             -1.87448045403e-008
   8.360071310637e-010             -1.88419820434e-008
   8.380561681496e-010             -1.85491792399e-008
   8.401052052356e-010             -1.83107609050e-008
   8.421542423215e-010             -1.85327978415e-008
   8.442032794074e-010             -1.85080534665e-008
   8.462523164934e-010             -1.85370850843e-008
   8.483013535793e-010             -1.84675099629e-008
   8.503503906653e-010             -1.84289776551e-008
   8.523994277512e-010             -1.84681185939e-008
   8.544484648372e-010             -1.82869694056e-008
   8.564975019231e-010             -1.83402952442e-008
   8.585465390090e-010             -1.87121738591e-008
   8.605955760950e-010             -1.86489238475e-008
   8.626446131809e-010             -1.85974769341e-008
   8.646936502669e-010             -1.89279650793e-008
   8.667426873528e-010             -1.90076496767e-008
   8.687917244387e-010             -1.85324537518e-008
   8.708407615247e-010             -1.84211971034e-008
   8.728897986106e-010             -1.87005295477e-008
   8.749388356966e-010             -1.86097563926e-008
   8.769878727825e-010             -1.87335837120e-008
   8.790369098684e-010             -1.86342889485e-008
   8.810859469544e-010             -1.83257662547e-008
   8.831349840403e-010             -1.86300282219e-008
   8.851840211263e-010             -1.81545147234e-008
   8.872330582122e-010             -1.84497523609e-008
   8.892820952981e-010             -1.82339346245e-008
   8.913311323841e-010             -1.84278661477e-008
   8.933801694700e-010             -1.83957648591e-008
   8.954292065560e-010             -1.83905248957e-008
   8.974782436419e-010             -1.78794431608e-008
   8.995272807278e-010             -1.82614312518e-008
   9.015763178138e-010             -1.85469827412e-008
   9.036253548997e-010             -1.86213743429e-008
   9.056743919857e-010             -1.85416105072e-008
   9.077234290716e-010             -1.84784662501e-008
   9.097724661575e-010             -1.86142289383e-008
   9.118215032435e-010             -1.84025926902e-008
   9.138705403294e-010             -1.85478825846e-008
   9.159195774154e-010             -1.85659312441e-008
   9.179686145013e-010             -1.84488525175e-008
   9.200176515872e-010             -1.84303538588e-008
   9.220666886732e-010             -1.81925706710e-008
   9.241157257591e-010             -1.80790116144e-008
   9.261647628451e-010             -1.81303527733e-008
   9.282137999310e-010             -1.84103202096e-008
   9.302628370169e-010             -1.85761201135e-008
   9.323118741029e-010             -1.81789678860e-008
   9.343609111888e-010             -1.84462325358e-008
   9.364099482748e-010             -1.84669276931e-008
   9.384589853607e-010             -1.82526714634e-008
   9.405080224466e-010             -1.83796743631e-008
   9.425570595326e-010             -1.84963032455e-008
   9.446060966185e-010             -1.85573567585e-008
   9.466551337045e-010             -1.83362461815e-008
   9.487041707904e-010             -1.82250690815e-008
   9.507532078763e-010             -1.81030943262e-008
   9.528022449623e-010             -1.79824692583e-008
   9.548512820482e-010             -1.84592795671e-008
   9.569003191342e-010             -1.85749026966e-008
   9.589493562201e-010             -1.83841469088e-008
   9.609983933061e-010             -1.81819319574e-008
   9.630474303920e-010             -1.82060675464e-008
   9.650964674779e-010             -1.82026801470e-008
   9.671455045639e-010             -1.82912831646e-008
   9.691945416498e-010             -1.81046821939e-008
   9.712435787358e-010             -1.80889888198e-008
   9.732926158217e-010             -1.82381159578e-008
   9.753416529076e-010             -1.78290018453e-008
   9.773906899936e-010             -1.81043381042e-008
   9.794397270795e-010             -1.77919251345e-008
   9.814887641655e-010             -1.78290283614e-008
   9.835378012514e-010             -1.86159755927e-008
   9.855868383373e-010             -1.79784732280e-008
   9.876358754233e-010             -1.81984192653e-008
   9.896849125092e-010             -1.83709147296e-008
   9.917339495952e-010             -1.79803521531e-008
   9.937829866811e-010             -1.80594014483e-008
   9.958320237670e-010             -1.83612550978e-008
   9.978810608530e-010             -1.87626680519e-008
   9.999300979389e-010             -1.87620594210e-008
   1.001979135025e-009             -1.85279812061e-008
   1.004028172111e-009             -1.84390342539e-008
   1.006077209197e-009             -1.84592001737e-008
   1.008126246283e-009             -1.85004582177e-008
   1.010175283369e-009             -1.85648727690e-008
   1.012224320455e-009             -1.85066774179e-008
   1.014273357541e-009             -1.84563948891e-008
   1.016322394626e-009             -1.83729789577e-008
   1.018371431712e-009             -1.83057856379e-008
   1.020420468798e-009             -1.83203675045e-008
   1.022469505884e-009             -1.81554410830e-008
   1.024518542970e-009             -1.86103121463e-008
   1.026567580056e-009             -1.86950248880e-008
   1.028616617142e-009             -1.85522492208e-008
   1.030665654228e-009             -1.87720895036e-008
   1.032714691314e-009             -1.86478123401e-008
   1.034763728400e-009             -1.85151988711e-008
   1.036812765486e-009             -1.82546034207e-008
   1.038861802572e-009             -1.86838040596e-008
   1.040910839658e-009             -1.89225663291e-008
   1.042959876744e-009             -1.86152081750e-008
   1.045008913830e-009             -1.81307497403e-008
   1.047057950916e-009             -1.81713726372e-008
   1.049106988001e-009             -1.82749544884e-008
   1.051156025087e-009             -1.83968763665e-008
   1.053205062173e-009             -1.83843322117e-008
   1.055254099259e-009             -1.82121543209e-008
   1.057303136345e-009             -1.82190086681e-008
   1.059352173431e-009             -1.81975724542e-008
   1.061401210517e-009             -1.81585374250e-008
   1.063450247603e-009             -1.82446262153e-008
   1.065499284689e-009             -1.84315182434e-008
   1.067548321775e-009             -1.84972559661e-008
   1.069597358861e-009             -1.85363705438e-008
   1.071646395947e-009             -1.84325768736e-008
   1.073695433033e-009             -1.84012430027e-008
   1.075744470119e-009             -1.83395543426e-008
   1.077793507205e-009             -1.83445824869e-008
   1.079842544291e-009             -1.86558575881e-008
   1.081891581377e-009             -1.88155970786e-008
   1.083940618462e-009             -1.87359655135e-008
   1.085989655548e-009             -1.80266119803e-008
   1.088038692634e-009             -1.81135477368e-008
   1.090087729720e-009             -1.83815004109e-008
   1.092136766806e-009             -1.85309717936e-008
   1.094185803892e-009             -1.85605855262e-008
   1.096234840978e-009             -1.86554075889e-008
   1.098283878064e-009             -1.85674397184e-008
   1.100332915150e-009             -1.84088911287e-008
   1.102381952236e-009             -1.81511802013e-008
   1.104430989322e-009             -1.82877104622e-008
   1.106480026408e-009             -1.85721769604e-008
   1.108529063494e-009             -1.85474856177e-008
   1.110578100580e-009             -1.85484383383e-008
   1.112627137666e-009             -1.90007159361e-008
   1.114676174752e-009             -1.85195391462e-008
   1.116725211838e-009             -1.83791716417e-008
   1.118774248923e-009             -1.84449887578e-008
   1.120823286009e-009             -1.85124466188e-008
   1.122872323095e-009             -1.87042345206e-008
   1.124921360181e-009             -1.85269227310e-008
   1.126970397267e-009             -1.81671647878e-008
   1.129019434353e-009             -1.85717006001e-008
   1.131068471439e-009             -1.82893777233e-008
   1.133117508525e-009             -1.83158685977e-008
   1.135166545611e-009             -1.82749544884e-008
   1.137215582697e-009             -1.85310511870e-008
   1.139264619783e-009             -1.87441959094e-008
   1.141313656869e-009             -1.82433824373e-008
   1.143362693955e-009             -1.83352934609e-008
   1.145411731041e-009             -1.85724945340e-008
   1.147460768127e-009             -1.84413895393e-008
   1.149509805213e-009             -1.82302560127e-008
   1.151558842299e-009             -1.82578585495e-008
   1.153607879384e-009             -1.87169904945e-008
   1.155656916470e-009             -1.85151725100e-008
   1.157705953556e-009             -1.85842976322e-008
   1.159754990642e-009             -1.88295172820e-008
   1.161804027728e-009             -1.87541200825e-008
   1.163853064814e-009             -1.87547287134e-008
   1.165902101900e-009             -1.87152438400e-008
   1.167951138986e-009             -1.86197070818e-008
   1.170000176072e-009             -1.83132220999e-008
   1.172049213158e-009             -1.84015075439e-008
   1.174098250244e-009             -1.84111671758e-008
   1.176147287330e-009             -1.86835922405e-008
   1.178196324416e-009             -1.84964620323e-008
   1.180245361502e-009             -1.82846404813e-008
   1.182294398588e-009             -1.84252991983e-008
   1.184343435674e-009             -1.81886538790e-008
   1.186392472759e-009             -1.83658864302e-008
   1.188441509845e-009             -1.85948040751e-008
   1.190490546931e-009             -1.84143957884e-008
   1.192539584017e-009             -1.85871029168e-008
   1.194588621103e-009             -1.85078946797e-008
   1.196637658189e-009             -1.80489215215e-008
   1.198686695275e-009             -1.83736404658e-008
   1.200735732361e-009             -1.81567642544e-008
   1.202784769447e-009             -1.84563420118e-008
   1.204833806533e-009             -1.87661084836e-008
   1.206882843619e-009             -1.84707916079e-008
   1.208931880705e-009             -1.78808457256e-008
   1.210980917791e-009             -1.83487109430e-008
   1.213029954877e-009             -1.84034395013e-008
   1.215078991963e-009             -1.84406484827e-008
   1.217128029049e-009             -1.83825590411e-008
   1.219177066135e-009             -1.85582566019e-008
   1.221226103220e-009             -1.81177555862e-008
   1.223275140306e-009             -1.80289674208e-008
   1.225324177392e-009             -1.78938133635e-008
   1.227373214478e-009             -1.83645896199e-008
   1.229422251564e-009             -1.87359655135e-008
   1.231471288650e-009             -1.84027778381e-008
   1.233520325736e-009             -1.88298084945e-008
   1.235569362822e-009             -1.84979176294e-008
   1.237618399908e-009             -1.87544641722e-008
   1.239667436994e-009             -1.85749557289e-008
   1.241716474080e-009             -1.85141403960e-008
   1.243765511166e-009             -1.87499651103e-008
   1.245814548252e-009             -1.87826751849e-008
   1.247863585338e-009             -1.87191604770e-008
   1.249912622424e-009             -1.83428888648e-008
   1.251961659510e-009             -1.83192825133e-008
   1.254010696596e-009             -1.81929676379e-008
   1.256059733681e-009             -1.83347377072e-008
   1.258108770767e-009             -1.86101798756e-008
   1.260157807853e-009             -1.85068096885e-008
   1.262206844939e-009             -1.82271861868e-008
   1.264255882025e-009             -1.82797974848e-008
   1.266304919111e-009             -1.83422006854e-008
   1.268353956197e-009             -1.85344385864e-008
   1.270402993283e-009             -1.82527243406e-008
   1.272452030369e-009             -1.85328772349e-008
   1.274501067455e-009             -1.83264014018e-008
   1.276550104541e-009             -1.87836015444e-008
   1.278599141627e-009             -1.87264117912e-008
   1.280648178713e-009             -1.83751754563e-008
   1.282697215799e-009             -1.85675191118e-008
   1.284746252885e-009             -1.87820930701e-008
   1.286795289971e-009             -1.87512619206e-008
   1.288844327057e-009             -1.84492494844e-008
   1.290893364142e-009             -1.81245040239e-008
   1.292942401228e-009             -1.83972996945e-008
   1.294991438314e-009             -1.84508108360e-008
   1.297040475400e-009             -1.84148456326e-008
   1.299089512486e-009             -1.90495957450e-008
   1.301138549572e-009             -1.86730329203e-008
   1.303187586658e-009             -1.84253520755e-008
   1.305236623744e-009             -1.86084332212e-008
   1.307285660830e-009             -1.84283955403e-008
   1.309334697916e-009             -1.86740121571e-008
   1.311383735002e-009             -1.87113270480e-008
   1.313432772088e-009             -1.87181020019e-008
   1.315481809174e-009             -1.87933138985e-008
   1.317530846260e-009             -1.87675375645e-008
   1.319579883346e-009             -1.86205010157e-008
   1.321628920432e-009             -1.85749026966e-008
   1.323677957517e-009             -1.85881613919e-008
   1.325726994603e-009             -1.91409775311e-008
   1.327776031689e-009             -1.89865045202e-008
   1.329825068775e-009             -1.86244441688e-008
   1.331874105861e-009             -1.86458009893e-008
   1.333923142947e-009             -1.86807077176e-008
   1.335972180033e-009             -1.85810690195e-008
   1.338021217119e-009             -1.84804245685e-008
   1.340070254205e-009             -1.88413734125e-008
   1.342119291291e-009             -1.86370148397e-008
   1.344168328377e-009             -1.81490630960e-008
   1.346217365463e-009             -1.82751397913e-008
   1.348266402549e-009             -1.84644401371e-008
   1.350315439635e-009             -1.84584062398e-008
   1.352364476721e-009             -1.87178373056e-008
   1.354413513807e-009             -1.89335491324e-008
   1.356462550893e-009             -1.86498765681e-008
   1.358511587978e-009             -1.87540672053e-008
   1.360560625064e-009             -1.84467088961e-008
   1.362609662150e-009             -1.85730237715e-008
   1.364658699236e-009             -1.84606821318e-008
   1.366707736322e-009             -1.88541557475e-008
   1.368756773408e-009             -1.90438265441e-008
   1.370805810494e-009             -1.89421764952e-008
   1.372854847580e-009             -1.85012521515e-008
   1.374903884666e-009             -1.88023912605e-008
   1.376952921752e-009             -1.88745598474e-008
   1.379001958838e-009             -1.88674409589e-008
   1.381050995924e-009             -1.87288201089e-008
   1.383100033010e-009             -1.89660475430e-008
   1.385149070096e-009             -1.85363969049e-008
   1.387198107182e-009             -1.81864838965e-008
   1.389247144268e-009             -1.88055669959e-008
   1.391296181354e-009             -1.86202628355e-008
   1.393345218439e-009             -1.87242681698e-008
   1.395394255525e-009             -1.88123683109e-008
   1.397443292611e-009             -1.90716407449e-008
   1.399492329697e-009             -1.87910380065e-008
   1.401541366783e-009             -1.87329749260e-008
   1.403590403869e-009             -1.88265003334e-008
   1.405639440955e-009             -1.91341496999e-008
   1.407688478041e-009             -1.89515979469e-008
   1.409737515127e-009             -1.88853573478e-008
   1.411786552213e-009             -1.87215953108e-008
   1.413835589299e-009             -1.85685248647e-008
   1.415884626385e-009             -1.87903763433e-008
   1.417933663471e-009             -1.85523020980e-008
   1.419982700557e-009             -1.86817927088e-008
   1.422031737643e-009             -1.87535908450e-008
   1.424080774729e-009             -1.88647150677e-008
   1.426129811815e-009             -1.87262530044e-008
   1.428178848900e-009             -1.85078152863e-008
   1.430227885986e-009             -1.86263761262e-008
   1.432276923072e-009             -1.85144049373e-008
   1.434325960158e-009             -1.89114777714e-008
   1.436374997244e-009             -1.88649797640e-008
   1.438424034330e-009             -1.88808319248e-008
   1.440473071416e-009             -1.88891682302e-008
   1.442522108502e-009             -1.85080271054e-008
   1.444571145588e-009             -1.86136466684e-008
   1.446620182674e-009             -1.84062976632e-008
   1.448669219760e-009             -1.90966760223e-008
   1.450718256846e-009             -1.92764226457e-008
   1.452767293932e-009             -1.89551706493e-008
   1.454816331018e-009             -1.84049479756e-008
   1.456865368104e-009             -1.87207219836e-008
   1.458914405190e-009             -1.86483415776e-008
   1.460963442276e-009             -1.87265705779e-008
   1.463012479361e-009             -1.87559990076e-008
   1.465061516447e-009             -1.89463843446e-008
   1.467110553533e-009             -1.83824267705e-008
   1.469159590619e-009             -1.86013672099e-008
   1.471208627705e-009             -1.85990119245e-008
   1.473257664791e-009             -1.87010059080e-008
   1.475306701877e-009             -1.89808941060e-008
   1.477355738963e-009             -1.87954840360e-008
   1.479404776049e-009             -1.87230772690e-008
   1.481453813135e-009             -1.89374659244e-008
   1.483502850221e-009             -1.86889909907e-008
   1.485551887307e-009             -1.85607177968e-008
   1.487600924393e-009             -1.86597478640e-008
   1.489649961479e-009             -1.87445663602e-008
   1.491698998565e-009             -1.86822690691e-008
   1.493748035651e-009             -1.85596591667e-008
   1.495797072736e-009             -1.85360793314e-008
   1.497846109822e-009             -1.84729352293e-008
   1.499895146908e-009             -1.80962136178e-008
   1.501944183994e-009             -1.81532974616e-008
   1.503993221080e-009             -1.83866609809e-008
   1.506042258166e-009             -1.86404287553e-008
   1.508091295252e-009             -1.82415563895e-008
   1.510140332338e-009             -1.80794616136e-008
   1.512189369424e-009             -1.84368112391e-008
   1.514238406510e-009             -1.86993915241e-008
   1.516287443596e-009             -1.88687376142e-008
   1.518336480682e-009             -1.86759969917e-008
   1.520385517768e-009             -1.85800632666e-008
   1.522434554854e-009             -1.89990221588e-008
   1.524483591940e-009             -1.88316345423e-008
   1.526532629026e-009             -1.88506889547e-008
   1.528581666112e-009             -1.88407911427e-008
   1.530630703197e-009             -1.89231485990e-008
   1.532679740283e-009             -1.94147259223e-008
   1.534728777369e-009             -1.91287509498e-008
   1.536777814455e-009             -1.86697777916e-008
   1.538826851541e-009             -1.87055578471e-008
   1.540875888627e-009             -1.88640534045e-008
   1.542924925713e-009             -1.88483071532e-008
   1.544973962799e-009             -1.88255741289e-008
   1.547022999885e-009             -1.91873963001e-008
   1.549072036971e-009             -1.88539969607e-008
   1.551121074057e-009             -1.87183401820e-008
   1.553170111143e-009             -1.86515703453e-008
   1.555219148229e-009             -1.88668321729e-008
   1.557268185315e-009             -1.88585223837e-008
   1.559317222401e-009             -1.92490319279e-008
   1.561366259487e-009             -1.90725404333e-008
   1.563415296573e-009             -1.91261574842e-008
   1.565464333658e-009             -1.90565294856e-008
   1.567513370744e-009             -1.90998782738e-008
   1.569562407830e-009             -1.91269779342e-008
   1.571611444916e-009             -1.90551004047e-008
   1.573660482002e-009             -1.91323236521e-008
   1.575709519088e-009             -1.89639302827e-008
   1.577758556174e-009             -1.91908630929e-008
   1.579807593260e-009             -1.87056901177e-008
   1.581856630346e-009             -1.89650154290e-008
   1.583905667432e-009             -1.87860097071e-008
   1.585954704518e-009             -1.87590953496e-008
   1.588003741604e-009             -1.89127215494e-008
   1.590052778690e-009             -1.92276222301e-008
   1.592101815776e-009             -1.89826671215e-008
   1.594150852862e-009             -1.89013682954e-008
   1.596199889948e-009             -1.90823852130e-008
   1.598248927034e-009             -1.91510076137e-008
   1.600297964119e-009             -1.94602448480e-008
   1.602347001205e-009             -1.94500296175e-008
   1.604396038291e-009             -1.91701679356e-008
   1.606445075377e-009             -1.92029837647e-008
   1.608494112463e-009             -1.93133405697e-008
   1.610543149549e-009             -1.92589032238e-008
   1.612592186635e-009             -1.93307277210e-008
   1.614641223721e-009             -1.94248353983e-008
   1.616690260807e-009             -1.91600055823e-008
   1.618739297893e-009             -1.88407647816e-008
   1.620788334979e-009             -1.90110635922e-008
   1.622837372065e-009             -1.92185979004e-008
   1.624886409151e-009             -1.90525069392e-008
   1.626935446237e-009             -1.91167625487e-008
   1.628984483323e-009             -1.91248871901e-008
   1.631033520409e-009             -1.87682255889e-008
   1.633082557494e-009             -1.90623517189e-008
   1.635131594580e-009             -1.89309026346e-008
   1.637180631666e-009             -1.93101119571e-008
   1.639229668752e-009             -1.89508568903e-008
   1.641278705838e-009             -1.91221349377e-008
   1.643327742924e-009             -1.92413307696e-008
   1.645376780010e-009             -1.90916742390e-008
   1.647425817096e-009             -1.92320417436e-008
   1.649474854182e-009             -1.92930952566e-008
   1.651523891268e-009             -1.94182192312e-008
   1.653572928354e-009             -1.93378731256e-008
   1.655621965440e-009             -1.95083043620e-008
   1.657671002526e-009             -1.91321913815e-008
   1.659720039612e-009             -1.89935970476e-008
   1.661769076698e-009             -1.91405276869e-008
   1.663818113784e-009             -1.90501251376e-008
   1.665867150870e-009             -1.89587433516e-008
   1.667916187955e-009             -1.89855517995e-008
   1.669965225041e-009             -1.91394426957e-008
   1.672014262127e-009             -1.90136570578e-008
   1.674063299213e-009             -1.86153404457e-008
   1.676112336299e-009             -1.88986160430e-008
   1.678161373385e-009             -1.90655274543e-008
   1.680210410471e-009             -1.94159433392e-008
   1.682259447557e-009             -1.92005225697e-008
   1.684308484643e-009             -1.91767045543e-008
   1.686357521729e-009             -1.95131473585e-008
   1.688406558815e-009             -1.91050917211e-008
   1.690455595901e-009             -1.91948592783e-008
   1.692504632987e-009             -1.94608006017e-008
   1.694553670073e-009             -1.92153956489e-008
   1.696602707159e-009             -1.95849983718e-008
   1.698651744245e-009             -1.93349355704e-008
   1.700700781331e-009             -1.91695591496e-008
   1.702749818416e-009             -1.94512468793e-008
   1.704798855502e-009             -1.92835945665e-008
   1.706847892588e-009             -1.89329933787e-008
   1.708896929674e-009             -1.89830640884e-008
   1.710945966760e-009             -1.90467375832e-008
   1.712995003846e-009             -1.95246857604e-008
   1.715044040932e-009             -1.88781590659e-008
   1.717093078018e-009             -1.86500088387e-008
   1.719142115104e-009             -1.90500986215e-008
   1.721191152190e-009             -1.92210590953e-008
   1.723240189276e-009             -1.93108530137e-008
   1.725289226362e-009             -1.91089026035e-008
   1.727338263448e-009             -1.90673269860e-008
   1.729387300534e-009             -1.90778069128e-008
   1.731436337620e-009             -1.90485901472e-008
   1.733485374706e-009             -1.93218886942e-008
   1.735534411792e-009             -1.96705314085e-008
   1.737583448877e-009             -1.96607131449e-008
   1.739632485963e-009             -1.94116295802e-008
   1.741681523049e-009             -1.91718615578e-008
   1.743730560135e-009             -1.92586121664e-008
   1.745779597221e-009             -1.91218173642e-008
   1.747828634307e-009             -1.92074563104e-008
   1.749877671393e-009             -1.91777103072e-008
   1.751926708479e-009             -1.96138975639e-008
   1.753975745565e-009             -1.94723126425e-008
   1.756024782651e-009             -1.93596799454e-008
   1.758073819737e-009             -1.93666929244e-008
   1.760122856823e-009             -1.93960155996e-008
   1.762171893909e-009             -1.98013188296e-008
   1.764220930995e-009             -1.95693048427e-008
   1.766269968081e-009             -1.96094778955e-008
   1.768319005167e-009             -1.96569287786e-008
   1.770368042253e-009             -1.93104295306e-008
   1.772417079338e-009             -1.94615945355e-008
   1.774466116424e-009             -1.96982662159e-008
   1.776515153510e-009             -1.97452936160e-008
   1.778564190596e-009             -1.97142771635e-008
   1.780613227682e-009             -1.93735737878e-008
   1.782662264768e-009             -1.91969763836e-008
   1.784711301854e-009             -1.93145845028e-008
   1.786760338940e-009             -1.94726036999e-008
   1.788809376026e-009             -1.95203985176e-008
   1.790858413112e-009             -1.95115329746e-008
   1.792907450198e-009             -1.99879991937e-008
   1.794956487284e-009             -1.93777551210e-008
   1.797005524370e-009             -1.90866724558e-008
   1.799054561456e-009             -1.93892142846e-008
   1.801103598542e-009             -1.95546170665e-008
   1.803152635628e-009             -1.94514586984e-008
   1.805201672713e-009             -1.95008677449e-008
   1.807250709799e-009             -1.97289914559e-008
   1.809299746885e-009             -1.97653801423e-008
   1.811348783971e-009             -1.93236088325e-008
   1.813397821057e-009             -1.94804372839e-008
   1.815446858143e-009             -1.96814348183e-008
   1.817495895229e-009             -1.97457434601e-008
   1.819544932315e-009             -1.95157937013e-008
   1.821593969401e-009             -1.96514241188e-008
   1.823643006487e-009             -1.95483186280e-008
   1.825692043573e-009             -1.94401318054e-008
   1.827741080659e-009             -1.94889587371e-008
   1.829790117745e-009             -1.95045992340e-008
   1.831839154831e-009             -1.93625381073e-008
   1.833888191917e-009             -1.94405024113e-008
   1.835937229003e-009             -1.95665525904e-008
   1.837986266089e-009             -1.90385600645e-008
   1.840035303174e-009             -1.94722067329e-008
   1.842084340260e-009             -1.95143382592e-008
   1.844133377346e-009             -1.94660405651e-008
   1.846182414432e-009             -1.94907319078e-008
   1.848231451518e-009             -1.96811172448e-008
   1.850280488604e-009             -1.94887205570e-008
   1.852329525690e-009             -1.96667205260e-008
   1.854378562776e-009             -1.93798722263e-008
   1.856427599862e-009             -1.97884571012e-008
   1.858476636948e-009             -1.96668529517e-008
   1.860525674034e-009             -1.95832780784e-008
   1.862574711120e-009             -1.93704509296e-008
   1.864623748206e-009             -1.92317772023e-008
   1.866672785292e-009             -1.93974975577e-008
   1.868721822378e-009             -1.95821402100e-008
   1.870770859464e-009             -1.93300662128e-008
   1.872819896550e-009             -1.96000831149e-008
   1.874868933635e-009             -1.95033289398e-008
   1.876917970721e-009             -1.91592910419e-008
   1.878967007807e-009             -1.90153508350e-008
   1.881016044893e-009             -1.90660832080e-008
   1.883065081979e-009             -1.91721791313e-008
   1.885114119065e-009             -1.95091511731e-008
   1.887163156151e-009             -1.96961491107e-008
   1.889212193237e-009             -1.96041321776e-008
   1.891261230323e-009             -1.96978957652e-008
   1.893310267409e-009             -1.97270860147e-008
   1.895359304495e-009             -1.95540613128e-008
   1.897408341581e-009             -1.93708744127e-008
   1.899457378667e-009             -2.01875147700e-008
   1.901506415753e-009             -1.98566560189e-008
   1.903555452839e-009             -1.95763179767e-008
   1.905604489925e-009             -1.94638704275e-008
   1.907653527011e-009             -1.95404321667e-008
   1.909702564096e-009             -1.94768380654e-008
   1.911751601182e-009             -1.96108806153e-008
   1.913800638268e-009             -1.97257892044e-008
   1.915849675354e-009             -1.97173206283e-008
   1.917898712440e-009             -1.95085160260e-008
   1.919947749526e-009             -1.92906340616e-008
   1.921996786612e-009             -1.89898390423e-008
   1.924045823698e-009             -1.96504713982e-008
   1.926094860784e-009             -1.96278177674e-008
   1.928143897870e-009             -1.95279674053e-008
   1.930192934956e-009             -1.97600342694e-008
   1.932241972042e-009             -1.97962376529e-008
   1.934291009128e-009             -1.96652385678e-008
   1.936340046214e-009             -1.96368422522e-008
   1.938389083300e-009             -1.98918801656e-008
   1.940438120386e-009             -1.96439876568e-008
   1.942487157472e-009             -1.99040009924e-008
   1.944536194557e-009             -1.97729488750e-008
   1.946585231643e-009             -1.92528693266e-008
   1.948634268729e-009             -1.93527727209e-008
   1.950683305815e-009             -1.93317598350e-008
   1.952732342901e-009             -1.93569540542e-008
   1.954781379987e-009             -1.91838235978e-008
   1.956830417073e-009             -1.92731675169e-008
   1.958879454159e-009             -1.91607201228e-008
   1.960928491245e-009             -1.95368594644e-008
   1.962977528331e-009             -1.96198255516e-008
   1.965026565417e-009             -1.96172055699e-008
   1.967075602503e-009             -1.96358364992e-008
   1.969124639589e-009             -1.96584372529e-008
   1.971173676675e-009             -1.97483105646e-008
   1.973222713761e-009             -1.95699665059e-008
   1.975271750847e-009             -1.96334018205e-008
   1.977320787932e-009             -1.95434491154e-008
   1.979369825018e-009             -1.94352624479e-008
   1.981418862104e-009             -1.98519452930e-008
   1.983467899190e-009             -2.01860591729e-008
   1.985516936276e-009             -1.98813738777e-008
   1.987565973362e-009             -1.96171261766e-008
   1.989615010448e-009             -1.99863848098e-008
   1.991664047534e-009             -1.99645781451e-008
   1.993713084620e-009             -1.96658737149e-008
   1.995762121706e-009             -1.96490688334e-008
   1.997811158792e-009             -1.97814439672e-008
   1.999860195878e-009             -1.95504092171e-008
   2.001909232964e-009             -1.95523411745e-008
   2.003958270050e-009             -1.97444731660e-008
   2.006007307136e-009             -1.97634481850e-008
   2.008056344222e-009             -1.99214938982e-008
   2.010105381308e-009             -2.00233821272e-008
   2.012154418393e-009             -1.99316562515e-008
   2.014203455479e-009             -2.00908136271e-008
   2.016252492565e-009             -1.97602989657e-008
   2.018301529651e-009             -1.99128665354e-008
   2.020350566737e-009             -1.98714760657e-008
   2.022399603823e-009             -2.01111383337e-008
   2.024448640909e-009             -1.99931332475e-008
   2.026497677995e-009             -1.97882189211e-008
   2.028546715081e-009             -1.95559138768e-008
   2.030595752167e-009             -1.99232405527e-008
   2.032644789253e-009             -1.98748899812e-008
   2.034693826339e-009             -1.98117193630e-008
   2.036742863425e-009             -1.98961145312e-008
   2.038791900511e-009             -1.99904338724e-008
   2.040840937597e-009             -1.96333224271e-008
   2.042889974683e-009             -1.92470736095e-008
   2.044939011769e-009             -1.94339921537e-008
   2.046988048854e-009             -1.97653007490e-008
