# Atom Manipulation               
# 
# Sample                          Ag(111)
# Data set                        -
# Creation Comment                
# Gap voltage                     -1.000e-003 V
# Gap voltage range in Volt       -10;10
# Feedback loop enabled           No
# Regulator setpoint              1.000e-009 A
# Pre-amplifier range             0;3.33e-007
# Loop gain                       7.000e+000 %
# Z-axis offset                   -3.000e-010 m
# Parameter mode                  V before Z
# Raster time                     1.000e-003 seconds
# Channel name and data unit      I(r) [A]
# Manipulation vector: start      -1.482e+000, -1.073e+001 [nm]
#                      end        -1.267e+001, -9.438e+000 [nm]
# 
# 
#            Position                            I(r)
# -------------------             -------------------
   0.00000000000e+000             -1.56434074028e-009
   1.12667483330e-011             -1.53557381879e-009
   2.25334966661e-011             -1.53030749430e-009
   3.38002449991e-011             -1.53660593279e-009
   4.50669933321e-011             -1.55147901192e-009
   5.63337416652e-011             -1.53253050908e-009
   6.76004899982e-011             -1.48039541627e-009
   7.88672383313e-011             -1.50111708974e-009
   9.01339866643e-011             -1.49505683140e-009
   1.01400734997e-010             -1.47232380716e-009
   1.12667483330e-010             -1.42378793283e-009
   1.23934231663e-010             -1.44667974383e-009
   1.35200979996e-010             -1.43442664640e-009
   1.46467728329e-010             -1.47822543379e-009
   1.57734476663e-010             -1.48915520476e-009
   1.69001224996e-010             -1.50826249438e-009
   1.80267973329e-010             -1.53115430539e-009
   1.91534721662e-010             -1.55777760548e-009
   2.02801469995e-010             -1.53028097815e-009
   2.14068218328e-010             -1.52824326629e-009
   2.25334966661e-010             -1.51403185039e-009
   2.36601714994e-010             -1.55690427825e-009
   2.47868463327e-010             -1.57611747740e-009
   2.59135211660e-010             -1.57884321357e-009
   2.70401959993e-010             -1.55513110763e-009
   2.81668708326e-010             -1.59882398549e-009
   2.92935456659e-010             -1.62989316007e-009
   3.04202204992e-010             -1.62261548481e-009
   3.15468953325e-010             -1.64632759075e-009
   3.26735701658e-010             -1.62774953868e-009
   3.38002449991e-010             -1.61472902355e-009
   3.49269198324e-010             -1.61067996092e-009
   3.60535946657e-010             -1.64246383104e-009
   3.71802694990e-010             -1.67080726946e-009
   3.83069443323e-010             -1.68028159841e-009
   3.94336191656e-010             -1.71325621424e-009
   4.05602939989e-010             -1.70505233451e-009
   4.16869688322e-010             -1.69017925538e-009
   4.28136436655e-010             -1.64344306781e-009
   4.39403184988e-010             -1.58627983067e-009
   4.50669933321e-010             -1.58143683419e-009
   4.61936681655e-010             -1.57527051125e-009
   4.73203429988e-010             -1.54459830359e-009
   4.84470178321e-010             -1.50836840391e-009
   4.95736926654e-010             -1.49121943277e-009
   5.07003674987e-010             -1.45128456016e-009
   5.18270423320e-010             -1.44450960629e-009
   5.29537171653e-010             -1.43101273085e-009
   5.40803919986e-010             -1.42730775791e-009
   5.52070668319e-010             -1.44191614074e-009
   5.63337416652e-010             -1.42876335499e-009
   5.74604164985e-010             -1.40454837259e-009
   5.85870913318e-010             -1.45408984478e-009
   5.97137661651e-010             -1.47870179410e-009
   6.08404409984e-010             -1.52694645598e-009
   6.19671158317e-010             -1.60599575121e-009
   6.30937906650e-010             -1.69211121276e-009
   6.42204654983e-010             -1.72651490952e-009
   6.53471403316e-010             -1.69036455830e-009
   6.64738151649e-010             -1.63473615655e-009
   6.76004899982e-010             -1.68681821706e-009
   6.87271648315e-010             -1.73961481803e-009
   6.98538396648e-010             -1.75438198763e-009
   7.09805144981e-010             -1.76639690490e-009
   7.21071893314e-010             -1.76430616074e-009
   7.32338641647e-010             -1.71950193056e-009
   7.43605389980e-010             -1.72291584611e-009
   7.54872138314e-010             -1.73196669199e-009
   7.66138886647e-010             -1.71214470685e-009
   7.77405634980e-010             -1.72553582782e-009
   7.88672383313e-010             -1.65540495278e-009
   7.99939131646e-010             -1.64251670828e-009
   8.11205879979e-010             -1.61398812201e-009
   8.22472628312e-010             -1.59985609949e-009
   8.33739376645e-010             -1.64111414350e-009
   8.45006124978e-010             -1.68282218673e-009
   8.56272873311e-010             -1.64373412520e-009
   8.67539621644e-010             -1.66659942006e-009
   8.78806369977e-010             -1.63206329762e-009
   8.90073118310e-010             -1.57667323109e-009
   9.01339866643e-010             -1.56576982121e-009
   9.12606614976e-010             -1.57063933384e-009
   9.23873363309e-010             -1.56169424243e-009
   9.35140111642e-010             -1.56846919630e-009
   9.46406859975e-010             -1.57323279939e-009
   9.57673608308e-010             -1.54621253237e-009
   9.68940356641e-010             -1.53967591372e-009
   9.80207104974e-010             -1.54039045419e-009
   9.91473853307e-010             -1.56243529904e-009
   1.00274060164e-009             -1.55137310239e-009
   1.01400734997e-009             -1.55065856193e-009
   1.02527409831e-009             -1.53316565616e-009
   1.03654084664e-009             -1.61128874692e-009
   1.04780759497e-009             -1.65633115725e-009
   1.05907434331e-009             -1.68713579060e-009
   1.07034109164e-009             -1.77261610507e-009
   1.08160783997e-009             -1.76830234614e-009
   1.09287458830e-009             -1.77505078385e-009
   1.10414133664e-009             -1.75006838376e-009
   1.11540808497e-009             -1.75255593977e-009
   1.12667483330e-009             -1.78793902836e-009
   1.13794158164e-009             -1.80670222829e-009
   1.14920832997e-009             -1.84160895657e-009
   1.16047507830e-009             -1.76504721735e-009
   1.17174182664e-009             -1.82226333173e-009
   1.18300857497e-009             -1.81247158430e-009
   1.19427532330e-009             -1.80781373568e-009
   1.20554207164e-009             -1.81691761386e-009
   1.21680881997e-009             -1.74234070927e-009
   1.22807556830e-009             -1.72532400875e-009
   1.23934231663e-009             -1.69705996371e-009
   1.25060906497e-009             -1.65545783002e-009
   1.26187581330e-009             -1.65524616601e-009
   1.27314256163e-009             -1.70743413605e-009
   1.28440930997e-009             -1.68229279412e-009
   1.29567605830e-009             -1.66665229729e-009
   1.30694280663e-009             -1.64754500768e-009
   1.31820955497e-009             -1.62661167021e-009
   1.32947630330e-009             -1.62078943696e-009
   1.34074305163e-009             -1.56423483075e-009
   1.35200979996e-009             -1.58527407775e-009
   1.36327654830e-009             -1.60358758858e-009
   1.37454329663e-009             -1.62647924452e-009
   1.38581004496e-009             -1.60933027338e-009
   1.39707679330e-009             -1.63751492503e-009
   1.40834354163e-009             -1.63179860131e-009
   1.41961028996e-009             -1.62740560406e-009
   1.43087703830e-009             -1.66739335391e-009
   1.44214378663e-009             -1.68848547814e-009
   1.45341053496e-009             -1.68832669137e-009
   1.46467728329e-009             -1.68155189257e-009
   1.47594403163e-009             -1.69909783064e-009
   1.48721077996e-009             -1.70288219696e-009
   1.49847752829e-009             -1.78587480035e-009
   1.50974427663e-009             -1.79585185070e-009
   1.52101102496e-009             -1.88215246011e-009
   1.53227777329e-009             -1.88371381166e-009
   1.54354452163e-009             -1.88289351672e-009
   1.55481126996e-009             -1.88342275427e-009
   1.56607801829e-009             -1.88707484997e-009
   1.57734476663e-009             -1.86590333235e-009
   1.58861151496e-009             -1.91674145978e-009
   1.59987826329e-009             -1.85592612694e-009
   1.61114501162e-009             -1.89800462094e-009
   1.62241175996e-009             -1.86995239498e-009
   1.63367850829e-009             -1.86643256990e-009
   1.64494525662e-009             -1.83705701748e-009
   1.65621200496e-009             -1.81011614384e-009
   1.66747875329e-009             -1.75054474406e-009
   1.67874550162e-009             -1.69563088279e-009
   1.69001224996e-009             -1.68051977857e-009
   1.70127899829e-009             -1.61430569554e-009
   1.71254574662e-009             -1.66771092744e-009
   1.72381249495e-009             -1.65082665261e-009
   1.73507924329e-009             -1.61806354572e-009
   1.74634599162e-009             -1.65259966816e-009
   1.75761273995e-009             -1.62870225930e-009
   1.76887948829e-009             -1.66088309634e-009
   1.78014623662e-009             -1.65926871249e-009
   1.79141298495e-009             -1.66977515545e-009
   1.80267973329e-009             -1.64886817907e-009
   1.81394648162e-009             -1.68006977934e-009
   1.82521322995e-009             -1.68456884120e-009
   1.83647997829e-009             -1.74374327405e-009
   1.84774672662e-009             -1.77960272294e-009
   1.85901347495e-009             -1.77658577432e-009
   1.87028022328e-009             -1.75903983625e-009
   1.88154697162e-009             -1.82697405759e-009
   1.89281371995e-009             -1.82416877297e-009
   1.90408046828e-009             -1.78701266883e-009
   1.91534721662e-009             -1.76668796229e-009
   1.92661396495e-009             -1.75184139931e-009
   1.93788071328e-009             -1.79119415714e-009
   1.94914746162e-009             -1.86005458295e-009
   1.96041420995e-009             -1.86637969266e-009
   1.97168095828e-009             -1.87058754206e-009
   1.98294770661e-009             -1.88194079610e-009
   1.99421445495e-009             -1.86106033587e-009
   2.00548120328e-009             -1.82546558328e-009
   2.01674795161e-009             -1.85211524446e-009
   2.02801469995e-009             -1.84396424196e-009
   2.03928144828e-009             -1.80312952597e-009
   2.05054819661e-009             -1.79114112484e-009
   2.06181494495e-009             -1.78198452449e-009
   2.07308169328e-009             -1.82739754067e-009
   2.08434844161e-009             -1.76777310859e-009
   2.09561518994e-009             -1.73196669199e-009
   2.10688193828e-009             -1.74064693203e-009
   2.11814868661e-009             -1.67512102839e-009
   2.12941543494e-009             -1.65609297710e-009
   2.14068218328e-009             -1.62012777373e-009
   2.15194893161e-009             -1.62497077021e-009
   2.16321567994e-009             -1.60874815860e-009
   2.17448242828e-009             -1.66487928174e-009
   2.18574917661e-009             -1.67215695700e-009
   2.19701592494e-009             -1.65926871249e-009
   2.20828267328e-009             -1.68290158011e-009
   2.21954942161e-009             -1.67144241654e-009
   2.23081616994e-009             -1.65736327126e-009
   2.24208291827e-009             -1.67848191164e-009
   2.25334966661e-009             -1.66204748097e-009
   2.26461641494e-009             -1.68451580890e-009
   2.27588316327e-009             -1.69168772969e-009
   2.28714991161e-009             -1.72873792430e-009
   2.29841665994e-009             -1.75731954287e-009
   2.30968340827e-009             -1.76375040705e-009
   2.32095015661e-009             -1.74088511219e-009
   2.33221690494e-009             -1.77359518678e-009
   2.34348365327e-009             -1.77912636264e-009
   2.35475040160e-009             -1.82530679651e-009
   2.36601714994e-009             -1.76785250198e-009
   2.37728389827e-009             -1.75467320008e-009
   2.38855064660e-009             -1.82393059281e-009
   2.39981739494e-009             -1.87066693545e-009
   2.41108414327e-009             -1.91118392284e-009
   2.42235089160e-009             -1.92012901425e-009
   2.43361763994e-009             -1.96869124967e-009
   2.44488438827e-009             -1.87167253330e-009
   2.45615113660e-009             -1.87603916947e-009
   2.46741788494e-009             -1.85113616276e-009
   2.47868463327e-009             -1.81816139187e-009
   2.48995138160e-009             -1.80230923103e-009
   2.50121812993e-009             -1.76483555335e-009
   2.51248487827e-009             -1.77243080215e-009
   2.52375162660e-009             -1.73845043341e-009
   2.53501837493e-009             -1.69661011956e-009
   2.54628512327e-009             -1.67064848269e-009
   2.55755187160e-009             -1.66098900588e-009
   2.56881861993e-009             -1.63309541162e-009
   2.58008536827e-009             -1.60800710199e-009
   2.59135211660e-009             -1.58365984897e-009
   2.60261886493e-009             -1.58620043728e-009
   2.61388561326e-009             -1.63380995208e-009
   2.62515236160e-009             -1.67448588131e-009
   2.63641910993e-009             -1.68594488983e-009
   2.64768585826e-009             -1.70198235358e-009
   2.65895260660e-009             -1.73453364140e-009
   2.67021935493e-009             -1.77266898231e-009
   2.68148610326e-009             -1.78616585774e-009
   2.69275285160e-009             -1.74244661880e-009
   2.70401959993e-009             -1.75237079192e-009
   2.71528634826e-009             -1.79807486548e-009
   2.72655309660e-009             -1.82011971034e-009
   2.73781984493e-009             -1.84486408535e-009
   2.74908659326e-009             -1.88225836964e-009
   2.76035334159e-009             -1.84684891997e-009
   2.77162008993e-009             -1.81270976446e-009
   2.78288683826e-009             -1.84242925150e-009
   2.79415358659e-009             -1.85124191723e-009
   2.80542033493e-009             -1.88352866380e-009
   2.81668708326e-009             -1.84131774411e-009
   2.82795383159e-009             -1.80305013258e-009
   2.83922057993e-009             -1.81612368001e-009
   2.85048732826e-009             -1.84917768922e-009
   2.86175407659e-009             -1.85529097986e-009
   2.87302082492e-009             -1.85076555692e-009
   2.88428757326e-009             -1.87630386578e-009
   2.89555432159e-009             -1.78674812759e-009
   2.90682106992e-009             -1.75035944115e-009
   2.91808781826e-009             -1.75668439579e-009
   2.92935456659e-009             -1.71608801501e-009
   2.94062131492e-009             -1.70357022128e-009
   2.95188806326e-009             -1.70600505513e-009
   2.96315481159e-009             -1.68239870365e-009
   2.97442155992e-009             -1.70775170959e-009
   2.98568830825e-009             -1.71603498271e-009
   2.99695505659e-009             -1.65101180046e-009
   3.00822180492e-009             -1.61819597141e-009
   3.01948855325e-009             -1.58048411357e-009
   3.03075530159e-009             -1.61049481307e-009
   3.04202204992e-009             -1.58757648591e-009
   3.05328879825e-009             -1.59228721177e-009
   3.06455554659e-009             -1.63153406007e-009
   3.07582229492e-009             -1.68258400657e-009
   3.08708904325e-009             -1.68965001783e-009
   3.09835579159e-009             -1.70386143373e-009
   3.10962253992e-009             -1.76218905550e-009
   3.12088928825e-009             -1.77931151049e-009
   3.13215603658e-009             -1.75636682225e-009
   3.14342278492e-009             -1.74713082851e-009
   3.15468953325e-009             -1.75644621563e-009
   3.16595628158e-009             -1.79998030672e-009
   3.17722302992e-009             -1.85939307479e-009
   3.18848977825e-009             -1.86243638450e-009
   3.19975652658e-009             -1.84920420537e-009
   3.21102327492e-009             -1.85455007831e-009
   3.22229002325e-009             -1.79757198902e-009
   3.23355677158e-009             -1.83067903053e-009
   3.24482351991e-009             -1.75554652731e-009
   3.25609026825e-009             -1.76658220782e-009
   3.26735701658e-009             -1.68562731629e-009
   3.27862376491e-009             -1.66847834514e-009
   3.28989051325e-009             -1.65741630356e-009
   3.30115726158e-009             -1.73239002000e-009
   3.31242400991e-009             -1.73088154569e-009
   3.32369075825e-009             -1.72781171983e-009
   3.33495750658e-009             -1.67805858363e-009
   3.34622425491e-009             -1.65805145063e-009
   3.35749100325e-009             -1.64439578843e-009
   3.36875775158e-009             -1.64368124796e-009
   3.38002449991e-009             -1.66559382220e-009
   3.39129124824e-009             -1.67824373149e-009
   3.40255799658e-009             -1.64606304951e-009
   3.41382474491e-009             -1.64574547597e-009
   3.42509149324e-009             -1.65556373955e-009
   3.43635824158e-009             -1.64384003473e-009
   3.44762498991e-009             -1.63383646823e-009
   3.45889173824e-009             -1.62216564065e-009
   3.47015848658e-009             -1.61385569632e-009
   3.48142523491e-009             -1.56812510661e-009
   3.49269198324e-009             -1.59191676100e-009
   3.50395873157e-009             -1.56561103444e-009
   3.51522547991e-009             -1.60623393137e-009
   3.52649222824e-009             -1.66212687435e-009
   3.53775897657e-009             -1.70309386097e-009
   3.54902572491e-009             -1.79095597699e-009
   3.56029247324e-009             -1.78415450697e-009
   3.57155922157e-009             -1.75885453333e-009
   3.58282596991e-009             -1.76457085705e-009
   3.59409271824e-009             -1.77647986478e-009
   3.60535946657e-009             -1.85251221138e-009
   3.61662621491e-009             -1.90123338864e-009
   3.62789296324e-009             -1.87577447317e-009
   3.63915971157e-009             -1.86402425220e-009
   3.65042645990e-009             -1.84764285382e-009
   3.66169320824e-009             -1.78939447037e-009
   3.67295995657e-009             -1.76951976306e-009
   3.68422670490e-009             -1.74022360403e-009
   3.69549345324e-009             -1.73747119664e-009
   3.70676020157e-009             -1.65691342710e-009
   3.71802694990e-009             -1.61697855448e-009
   3.72929369824e-009             -1.56476422336e-009
   3.74056044657e-009             -1.56608739475e-009
   3.75182719490e-009             -1.61472902355e-009
   3.76309394323e-009             -1.62076292081e-009
   3.77436069157e-009             -1.56897207276e-009
   3.78562743990e-009             -1.58249530928e-009
   3.79689418823e-009             -1.57950487680e-009
   3.80816093657e-009             -1.57672610833e-009
   3.81942768490e-009             -1.62235078851e-009
   3.83069443323e-009             -1.64945044891e-009
   3.84196118157e-009             -1.60012064073e-009
   3.85322792990e-009             -1.63944688241e-009
   3.86449467823e-009             -1.63267192855e-009
   3.87576142656e-009             -1.67353316069e-009
   3.88702817490e-009             -1.65590782924e-009
   3.89829492323e-009             -1.63825598164e-009
   3.90956167156e-009             -1.64352246119e-009
   3.92082841990e-009             -1.65302315124e-009
   3.93209516823e-009             -1.64272852735e-009
   3.94336191656e-009             -1.63230147777e-009
   3.95462866490e-009             -1.66366186481e-009
   3.96589541323e-009             -1.67051621207e-009
   3.97716216156e-009             -1.71090092884e-009
   3.98842890990e-009             -1.73813285987e-009
   3.99969565823e-009             -1.79688396471e-009
   4.01096240656e-009             -1.79754562794e-009
   4.02222915489e-009             -1.77182217122e-009
   4.03349590323e-009             -1.74924793376e-009
   4.04476265156e-009             -1.79431686024e-009
   4.05602939989e-009             -1.83348431515e-009
   4.06729614823e-009             -1.82014622649e-009
   4.07856289656e-009             -1.81091007769e-009
   4.08982964489e-009             -1.80688753121e-009
   4.10109639323e-009             -1.81787033448e-009
   4.11236314156e-009             -1.80926933275e-009
   4.12362988989e-009             -1.78783311883e-009
   4.13489663822e-009             -1.79069128068e-009
   4.14616338656e-009             -1.78296360620e-009
   4.15743013489e-009             -1.74212904526e-009
   4.16869688322e-009             -1.78126998403e-009
   4.17996363156e-009             -1.82223697065e-009
   4.19123037989e-009             -1.90213307696e-009
   4.20249712822e-009             -1.98353781265e-009
   4.21376387656e-009             -2.04377087565e-009
   4.22503062489e-009             -2.08434089535e-009
   4.23629737322e-009             -2.16833909659e-009
   4.24756412156e-009             -2.26260556064e-009
   4.25883086989e-009             -2.34086092202e-009
   4.27009761822e-009             -2.49409015491e-009
   4.28136436655e-009             -2.65295631813e-009
   4.29263111489e-009             -2.81738001830e-009
   4.30389786322e-009             -3.07390004497e-009
   4.31516461155e-009             -3.46070461629e-009
   4.32643135989e-009             -3.84187225728e-009
   4.33769810822e-009             -4.71588767077e-009
   4.34896485655e-009             -6.17879018127e-009
   4.36023160489e-009             -6.73025663291e-009
   4.37149835322e-009             -7.14492828234e-009
   4.38276510155e-009             -7.44966645474e-009
   4.39403184988e-009             -7.84086417839e-009
   4.40529859822e-009             -8.84968940439e-009
   4.41656534655e-009             -9.78015351455e-009
   4.42783209488e-009             -1.05110225000e-008
   4.43909884322e-009             -1.10521412954e-008
   4.45036559155e-009             -1.13868638062e-008
   4.46163233988e-009             -1.16454745771e-008
   4.47289908822e-009             -1.18809024795e-008
   4.48416583655e-009             -1.23426278900e-008
   4.49543258488e-009             -1.24711922964e-008
   4.50669933321e-009             -1.28033742189e-008
   4.51796608155e-009             -1.30698184186e-008
   4.52923282988e-009             -1.29621873498e-008
   4.54049957821e-009             -1.27835787499e-008
   4.55176632655e-009             -1.29890753462e-008
   4.56303307488e-009             -1.29345849680e-008
   4.57429982321e-009             -1.26544057126e-008
   4.58556657155e-009             -1.26550143435e-008
   4.59683331988e-009             -1.23046249748e-008
   4.60810006821e-009             -1.17103389725e-008
   4.61936681655e-009             -1.15911429856e-008
   4.63063356488e-009             -1.13487814976e-008
   4.64190031321e-009             -1.14151543674e-008
   4.65316706154e-009             -1.12673504008e-008
   4.66443380988e-009             -1.11654621718e-008
   4.67570055821e-009             -1.10908852673e-008
   4.68696730654e-009             -1.11315877126e-008
   4.69823405488e-009             -1.06907162462e-008
   4.70950080321e-009             -1.03479219712e-008
   4.72076755154e-009             -1.05169241266e-008
   4.73203429988e-009             -1.03027471352e-008
   4.74330104821e-009             -1.00400080634e-008
   4.75456779654e-009             -9.85375118237e-009
   4.76583454487e-009             -9.63301105615e-009
   4.77710129321e-009             -9.38509203120e-009
   4.78836804154e-009             -8.94432631922e-009
   4.79963478987e-009             -8.13229077827e-009
   4.81090153821e-009             -6.35192063763e-009
   4.82216828654e-009             -4.83701546000e-009
   4.83343503487e-009             -4.04326691374e-009
   4.84470178321e-009             -3.67768673727e-009
   4.85596853154e-009             -3.45030408287e-009
   4.86723527987e-009             -3.26465598784e-009
   4.87850202821e-009             -3.12489711424e-009
   4.88976877654e-009             -3.00011722929e-009
   4.90103552487e-009             -2.79864317946e-009
   4.91230227320e-009             -2.70326536309e-009
   4.92356902154e-009             -2.52669447503e-009
   4.93483576987e-009             -2.43290437129e-009
   4.94610251820e-009             -2.36195320132e-009
   4.95736926654e-009             -2.31315263068e-009
   4.96863601487e-009             -2.25366062429e-009
   4.97990276320e-009             -2.15740932562e-009
   4.99116951154e-009             -2.06848873451e-009
   5.00243625987e-009             -2.00735582813e-009
   5.01370300820e-009             -1.95844950302e-009
   5.02496975653e-009             -1.90941090729e-009
   5.03623650487e-009             -1.82512149359e-009
   5.04750325320e-009             -1.72836747352e-009
   5.05877000153e-009             -1.70854564344e-009
   5.07003674987e-009             -1.69052334507e-009
   5.08130349820e-009             -1.70182356681e-009
   5.09257024653e-009             -1.76068058118e-009
   5.10383699487e-009             -1.74596628882e-009
   5.11510374320e-009             -1.77576532432e-009
   5.12637049153e-009             -1.78039665679e-009
   5.13763723987e-009             -1.79974212656e-009
   5.14890398820e-009             -1.80678162167e-009
   5.16017073653e-009             -1.84129138303e-009
   5.17143748486e-009             -1.87857975779e-009
   5.18270423320e-009             -1.91443905162e-009
   5.19397098153e-009             -1.93741025601e-009
   5.20523772986e-009             -1.98094434710e-009
   5.21650447820e-009             -2.00627083689e-009
   5.22777122653e-009             -2.03212656422e-009
   5.23903797486e-009             -2.05835289739e-009
   5.25030472320e-009             -1.97588953155e-009
   5.26157147153e-009             -1.95747026625e-009
   5.27283821986e-009             -1.94053311417e-009
   5.28410496819e-009             -1.96461567089e-009
   5.29537171653e-009             -1.91740312301e-009
   5.30663846486e-009             -1.92311944673e-009
   5.31790521319e-009             -1.97414287708e-009
   5.32917196153e-009             -1.94939865714e-009
   5.34043870986e-009             -1.95233621238e-009
   5.35170545819e-009             -1.89019770814e-009
   5.36297220653e-009             -1.90017475849e-009
   5.37423895486e-009             -1.84573741258e-009
   5.38550570319e-009             -1.84960117229e-009
   5.39677245152e-009             -1.81069841368e-009
   5.40803919986e-009             -1.80842252167e-009
   5.41930594819e-009             -1.82236924127e-009
   5.43057269652e-009             -1.82678875467e-009
   5.44183944486e-009             -1.78502783420e-009
   5.45310619319e-009             -1.79206748438e-009
   5.46437294152e-009             -1.79262323807e-009
   5.47563968986e-009             -1.74837460652e-009
   5.48690643819e-009             -1.73416319062e-009
   5.49817318652e-009             -1.70992169207e-009
   5.50943993486e-009             -1.69962706818e-009
   5.52070668319e-009             -1.64862999891e-009
   5.53197343152e-009             -1.66773744360e-009
   5.54324017985e-009             -1.74069996434e-009
   5.55450692819e-009             -1.79857774194e-009
   5.56577367652e-009             -1.80408224658e-009
   5.57704042485e-009             -1.82348074865e-009
   5.58830717319e-009             -1.85817565786e-009
   5.59957392152e-009             -1.83274325854e-009
   5.61084066985e-009             -1.86428894850e-009
   5.62210741819e-009             -1.91343345377e-009
   5.63337416652e-009             -1.96686520182e-009
   5.64464091485e-009             -1.96276326195e-009
   5.65590766318e-009             -1.94156522818e-009
   5.66717441152e-009             -1.97276682845e-009
   5.67844115985e-009             -1.96969684752e-009
   5.68970790818e-009             -2.00039572640e-009
   5.70097465652e-009             -1.96985563429e-009
   5.71224140485e-009             -1.94143280249e-009
   5.72350815318e-009             -1.91377754346e-009
   5.73477490152e-009             -1.90853758005e-009
   5.74604164985e-009             -1.84510226550e-009
   5.75730839818e-009             -1.88188776380e-009
   5.76857514652e-009             -1.83695110794e-009
   5.77984189485e-009             -1.89538463924e-009
   5.79110864318e-009             -1.88268169765e-009
   5.80237539151e-009             -1.85767278140e-009
   5.81364213985e-009             -1.84737815752e-009
   5.82490888818e-009             -1.83356370854e-009
   5.83617563651e-009             -1.73156972507e-009
   5.84744238485e-009             -1.77468033308e-009
   5.85870913318e-009             -1.73958845695e-009
   5.86997588151e-009             -1.81800260510e-009
   5.88124262985e-009             -1.78087301710e-009
   5.89250937818e-009             -1.83406658500e-009
   5.90377612651e-009             -1.78171982819e-009
   5.91504287484e-009             -1.75845756641e-009
   5.92630962318e-009             -1.80148878103e-009
   5.93757637151e-009             -1.81495914032e-009
   5.94884311984e-009             -1.80080075672e-009
   5.96010986818e-009             -1.79182930422e-009
   5.97137661651e-009             -1.79108824761e-009
   5.98264336484e-009             -1.84115895734e-009
   5.99391011318e-009             -1.86272759695e-009
   6.00517686151e-009             -1.89639039216e-009
   6.01644360984e-009             -1.93304361984e-009
   6.02771035818e-009             -1.97903890586e-009
   6.03897710651e-009             -1.98978337391e-009
   6.05024385484e-009             -2.03704895409e-009
   6.06151060317e-009             -1.98687233482e-009
   6.07277735151e-009             -1.99134488052e-009
   6.08404409984e-009             -2.01873559832e-009
   6.09531084817e-009             -2.00545038689e-009
   6.10657759651e-009             -2.03625502024e-009
   6.11784434484e-009             -2.10119880910e-009
   6.12911109317e-009             -2.10405697096e-009
   6.14037784151e-009             -2.02177890803e-009
   6.15164458984e-009             -1.98520507373e-009
   6.16291133817e-009             -1.94336475988e-009
   6.17417808650e-009             -1.92169036580e-009
   6.18544483484e-009             -1.93359937354e-009
   6.19671158317e-009             -1.87310161423e-009
   6.20797833150e-009             -1.90859045729e-009
   6.21924507984e-009             -1.89646978554e-009
   6.23051182817e-009             -1.86436834189e-009
   6.24177857650e-009             -1.84631952736e-009
   6.25304532484e-009             -1.82115182434e-009
   6.26431207317e-009             -1.85335917753e-009
   6.27557882150e-009             -1.83565445270e-009
   6.28684556983e-009             -1.81675882709e-009
   6.29811231817e-009             -1.79579897347e-009
   6.30937906650e-009             -1.83020267022e-009
   6.32064581483e-009             -1.82776799144e-009
   6.33191256317e-009             -1.86341562127e-009
   6.34317931150e-009             -1.89496131123e-009
   6.35444605983e-009             -1.95678224193e-009
   6.36571280817e-009             -1.95929631410e-009
   6.37697955650e-009             -1.94362945619e-009
   6.38824630483e-009             -1.94489975035e-009
   6.39951305317e-009             -1.92026128487e-009
   6.41077980150e-009             -1.92698320644e-009
   6.42204654983e-009             -1.88527531827e-009
   6.43331329816e-009             -1.93942160679e-009
   6.44458004650e-009             -2.06091984680e-009
   6.45584679483e-009             -2.01256927538e-009
   6.46711354316e-009             -1.99497046008e-009
   6.47838029150e-009             -1.96953806075e-009
   6.48964703983e-009             -1.95784087209e-009
   6.50091378816e-009             -1.98676642528e-009
   6.51218053650e-009             -1.96363658919e-009
   6.52344728483e-009             -2.03292049807e-009
   6.53471403316e-009             -1.98374947665e-009
   6.54598078149e-009             -1.98962458714e-009
   6.55724752983e-009             -1.97401060646e-009
   6.56851427816e-009             -2.01635379677e-009
   6.57978102649e-009             -2.01323093861e-009
   6.59104777483e-009             -2.02953309867e-009
   6.60231452316e-009             -1.99454697700e-009
   6.61358127149e-009             -1.93314952938e-009
   6.62484801983e-009             -1.91473026408e-009
   6.63611476816e-009             -1.86190714696e-009
   6.64738151649e-009             -1.81061902030e-009
   6.65864826483e-009             -1.82832374513e-009
   6.66991501316e-009             -1.86039867264e-009
   6.68118176149e-009             -1.87172541054e-009
   6.69244850982e-009             -1.89644326939e-009
   6.70371525816e-009             -1.87868566732e-009
   6.71498200649e-009             -1.79643412055e-009
   6.72624875482e-009             -1.82673587744e-009
   6.73751550316e-009             -1.75562592070e-009
   6.74878225149e-009             -1.79693684194e-009
   6.76004899982e-009             -1.86841740452e-009
   6.77131574816e-009             -1.89287056707e-009
   6.78258249649e-009             -1.86579742282e-009
   6.79384924482e-009             -1.90851106390e-009
   6.80511599315e-009             -1.94368233342e-009
   6.81638274149e-009             -1.89120330599e-009
   6.82764948982e-009             -1.89107103537e-009
   6.83891623815e-009             -1.91343345377e-009
   6.85018298649e-009             -1.88503713812e-009
   6.86144973482e-009             -1.89369101707e-009
   6.87271648315e-009             -1.89657554001e-009
   6.88398323149e-009             -1.93815131263e-009
   6.89524997982e-009             -1.96032842810e-009
   6.90651672815e-009             -2.00867899952e-009
   6.91778347648e-009             -2.04493541534e-009
   6.92905022482e-009             -2.07417854208e-009
   6.94031697315e-009             -1.99269456807e-009
   6.95158372148e-009             -1.98819550621e-009
   6.96285046982e-009             -1.97313727923e-009
   6.97411721815e-009             -1.95469149777e-009
   6.98538396648e-009             -2.00362433903e-009
   6.99665071482e-009             -1.99565848439e-009
   7.00791746315e-009             -1.98867186652e-009
   7.01918421148e-009             -1.98957170990e-009
   7.03045095982e-009             -1.89948673417e-009
   7.04171770815e-009             -1.85730233063e-009
   7.05298445648e-009             -1.84407015150e-009
   7.06425120481e-009             -1.81514444324e-009
   7.07551795315e-009             -1.77732667587e-009
   7.08678470148e-009             -1.78029074726e-009
   7.09805144981e-009             -1.74157329157e-009
   7.10931819815e-009             -1.75004186761e-009
   7.12058494648e-009             -1.73477182155e-009
   7.13185169481e-009             -1.78584828420e-009
   7.14311844315e-009             -1.81982865295e-009
   7.15438519148e-009             -1.81019553722e-009
   7.16565193981e-009             -1.79085006745e-009
   7.17691868814e-009             -1.82033152941e-009
   7.18818543648e-009             -1.85637612616e-009
   7.19945218481e-009             -1.86219820434e-009
   7.21071893314e-009             -1.92465443719e-009
   7.22198568148e-009             -1.92833289398e-009
   7.23325242981e-009             -1.95048364837e-009
   7.24451917814e-009             -1.97435469615e-009
   7.25578592648e-009             -1.98565491789e-009
   7.26705267481e-009             -2.00052799702e-009
   7.27831942314e-009             -2.02122315434e-009
   7.28958617148e-009             -2.01590379755e-009
   7.30085291981e-009             -1.99785513809e-009
   7.31211966814e-009             -1.96091069795e-009
   7.32338641647e-009             -1.95360650654e-009
   7.33465316481e-009             -1.92965622044e-009
   7.34591991314e-009             -2.02889795159e-009
   7.35718666147e-009             -2.01241048861e-009
   7.36845340981e-009             -2.00801749136e-009
   7.37972015814e-009             -1.93624587139e-009
   7.39098690647e-009             -1.92833289398e-009
   7.40225365481e-009             -1.88622803889e-009
   7.41352040314e-009             -1.88127913288e-009
   7.42478715147e-009             -1.84211167796e-009
   7.43605389980e-009             -1.84793391121e-009
   7.44732064814e-009             -1.83742746825e-009
   7.45858739647e-009             -1.79704275148e-009
   7.46985414480e-009             -1.80024500302e-009
   7.48112089314e-009             -1.79394640947e-009
   7.49238764147e-009             -1.76946673076e-009
   7.50365438980e-009             -1.72564158229e-009
   7.51492113814e-009             -1.70632262867e-009
   7.52618788647e-009             -1.69070849292e-009
   7.53745463480e-009             -1.69232287677e-009
   7.54872138314e-009             -1.70796337360e-009
   7.55998813147e-009             -1.71741118640e-009
   7.57125487980e-009             -1.76187148196e-009
   7.58252162813e-009             -1.75374684055e-009
   7.59378837647e-009             -1.81673231094e-009
   7.60505512480e-009             -1.79913349563e-009
   7.61632187313e-009             -1.79331126239e-009
   7.62758862147e-009             -1.79714866101e-009
   7.63885536980e-009             -1.80098590457e-009
   7.65012211813e-009             -1.85994882848e-009
   7.66138886647e-009             -1.87648901363e-009
   7.67265561480e-009             -1.89154739568e-009
   7.68392236313e-009             -1.90499123882e-009
   7.69518911146e-009             -1.93240847276e-009
   7.70645585980e-009             -1.93463148754e-009
   7.71772260813e-009             -1.91504783762e-009
   7.72898935646e-009             -1.94537611065e-009
   7.74025610480e-009             -1.85740824016e-009
   7.75152285313e-009             -1.88490471243e-009
   7.76278960146e-009             -1.82580967297e-009
   7.77405634980e-009             -1.83671292779e-009
   7.78532309813e-009             -1.82199879049e-009
   7.79658984646e-009             -1.87831506148e-009
   7.80785659479e-009             -1.86259517127e-009
   7.81912334313e-009             -1.82493634573e-009
   7.83039009146e-009             -1.82940873637e-009
   7.84165683979e-009             -1.81588549985e-009
   7.85292358813e-009             -1.75782241933e-009
   7.86419033646e-009             -1.79304656608e-009
   7.87545708479e-009             -1.75448789716e-009
   7.88672383313e-009             -1.74644264913e-009
   7.89799058146e-009             -1.74157329157e-009
   7.90925732979e-009             -1.76721735490e-009
   7.92052407813e-009             -1.80831661214e-009
   7.93179082646e-009             -1.77430972724e-009
   7.94305757479e-009             -1.74009117834e-009
   7.95432432312e-009             -1.71767588271e-009
   7.96559107146e-009             -1.67864069841e-009
   7.97685781979e-009             -1.68853851044e-009
   7.98812456812e-009             -1.67612662625e-009
   7.99939131646e-009             -1.67078075331e-009
   8.01065806479e-009             -1.66628184652e-009
   8.02192481312e-009             -1.73040518538e-009
   8.03319156146e-009             -1.76996960722e-009
   8.04445830979e-009             -1.79002961745e-009
   8.05572505812e-009             -1.80746980105e-009
   8.06699180645e-009             -1.82451286266e-009
   8.07825855479e-009             -1.84978647521e-009
   8.08952530312e-009             -1.87807688133e-009
   8.10079205145e-009             -1.91300997069e-009
   8.11205879979e-009             -1.92780365644e-009
   8.12332554812e-009             -1.99044503714e-009
   8.13459229645e-009             -2.00261874118e-009
   8.14585904479e-009             -2.02159376018e-009
   8.15712579312e-009             -2.03686365117e-009
   8.16839254145e-009             -2.02778644420e-009
   8.17965928979e-009             -1.94294127681e-009
   8.19092603812e-009             -1.95347423592e-009
   8.20219278645e-009             -1.86640605375e-009
   8.21345953478e-009             -1.83578672332e-009
   8.22472628312e-009             -1.82604785312e-009
   8.23599303145e-009             -1.83414597838e-009
   8.24725977978e-009             -1.82467164943e-009
   8.25852652812e-009             -1.80426754950e-009
   8.26979327645e-009             -1.79982151995e-009
   8.28106002478e-009             -1.75737257517e-009
   8.29232677312e-009             -1.71180077222e-009
   8.30359352145e-009             -1.64018793903e-009
   8.31486026978e-009             -1.67006621284e-009
   8.32612701811e-009             -1.64646001644e-009
   8.33739376645e-009             -1.67477693870e-009
   8.34866051478e-009             -1.71960768503e-009
   8.35992726311e-009             -1.73567166494e-009
   8.37119401145e-009             -1.77198095799e-009
   8.38246075978e-009             -1.75192079269e-009
   8.39372750811e-009             -1.77266898231e-009
   8.40499425645e-009             -1.70785746406e-009
   8.41626100478e-009             -1.71296515685e-009
   8.42752775311e-009             -1.71045108468e-009
   8.43879450144e-009             -1.70873079130e-009
   8.45006124978e-009             -1.69729814387e-009
   8.46132799811e-009             -1.76483555335e-009
   8.47259474644e-009             -1.79399928670e-009
   8.48386149478e-009             -1.80291786196e-009
   8.49512824311e-009             -1.76941385353e-009
   8.50639499144e-009             -1.79259672192e-009
   8.51766173978e-009             -1.78952689606e-009
   8.52892848811e-009             -1.80678162167e-009
   8.54019523644e-009             -1.85756702693e-009
   8.55146198478e-009             -1.87715067686e-009
   8.56272873311e-009             -1.82639178775e-009
   8.57399548144e-009             -1.87479539146e-009
   8.58526222977e-009             -1.87678022609e-009
   8.59652897811e-009             -1.90964908744e-009
   8.60779572644e-009             -1.91592116485e-009
   8.61906247477e-009             -1.85751399463e-009
   8.63032922311e-009             -1.83044085038e-009
   8.64159597144e-009             -1.75988664734e-009
   8.65286271977e-009             -1.72000465196e-009
   8.66412946811e-009             -1.74649568143e-009
   8.67539621644e-009             -1.74766006606e-009
   8.68666296477e-009             -1.74953899115e-009
   8.69792971310e-009             -1.74869218006e-009
   8.70919646144e-009             -1.67557087255e-009
   8.72046320977e-009             -1.69518103863e-009
   8.73172995810e-009             -1.68988819799e-009
   8.74299670644e-009             -1.70526399851e-009
   8.75426345477e-009             -1.69279923708e-009
   8.76553020310e-009             -1.68433066104e-009
   8.77679695144e-009             -1.66559382220e-009
   8.78806369977e-009             -1.67329498054e-009
   8.79933044810e-009             -1.72347159981e-009
   8.81059719644e-009             -1.73133154491e-009
   8.82186394477e-009             -1.73119911923e-009
   8.83313069310e-009             -1.73527469801e-009
   8.84439744143e-009             -1.77446851401e-009
   8.85566418977e-009             -1.76033649149e-009
   8.86693093810e-009             -1.73336925677e-009
   8.87819768643e-009             -1.76695265859e-009
   8.88946443477e-009             -1.77883515018e-009
   8.90073118310e-009             -1.75477895455e-009
   8.91199793143e-009             -1.80514087674e-009
   8.92326467977e-009             -1.83303447100e-009
   8.93453142810e-009             -1.86878785529e-009
   8.94579817643e-009             -1.91584177146e-009
   8.95706492476e-009             -1.87011118175e-009
   8.96833167310e-009             -1.87349858115e-009
   8.97959842143e-009             -1.86132487711e-009
   8.99086516976e-009             -1.84920420537e-009
   9.00213191810e-009             -1.86934360899e-009
   9.01339866643e-009             -1.89257950968e-009
   9.02466541476e-009             -1.89210314937e-009
   9.03593216310e-009             -1.94995441083e-009
   9.04719891143e-009             -1.92113461210e-009
   9.05846565976e-009             -1.90197429019e-009
   9.06973240809e-009             -1.85772581370e-009
   9.08099915643e-009             -1.81371536231e-009
   9.09226590476e-009             -1.82406301850e-009
   9.10353265309e-009             -1.78500147312e-009
   9.11479940143e-009             -1.74980368745e-009
   9.12606614976e-009             -1.72561522120e-009
   9.13733289809e-009             -1.71622028563e-009
   9.14859964643e-009             -1.72826156399e-009
   9.15986639476e-009             -1.74297585635e-009
   9.17113314309e-009             -1.75943680318e-009
   9.18239989143e-009             -1.72304811673e-009
   9.19366663976e-009             -1.68038735288e-009
   9.20493338809e-009             -1.63481554994e-009
   9.21620013642e-009             -1.69107909876e-009
   9.22746688476e-009             -1.69009986199e-009
   9.23873363309e-009             -1.71328273039e-009
   9.25000038142e-009             -1.75374684055e-009
   9.26126712976e-009             -1.78449859666e-009
   9.27253387809e-009             -1.82178697142e-009
   9.28380062642e-009             -1.84309091473e-009
   9.29506737476e-009             -1.83935942564e-009
   9.30633412309e-009             -1.86479182496e-009
   9.31760087142e-009             -1.86648544713e-009
   9.32886761975e-009             -1.87116965684e-009
   9.34013436809e-009             -1.90909333375e-009
   9.35140111642e-009             -1.92907395060e-009
   9.36266786475e-009             -1.92153157903e-009
   9.37393461309e-009             -1.94093008110e-009
   9.38520136142e-009             -1.93209089922e-009
   9.39646810975e-009             -1.93868055017e-009
   9.40773485809e-009             -1.92468079828e-009
   9.41900160642e-009             -1.92380747104e-009
   9.43026835475e-009             -1.86121912264e-009
   9.44153510309e-009             -1.85304160399e-009
   9.45280185142e-009             -1.82191939711e-009
   9.46406859975e-009             -1.79349656531e-009
   9.47533534808e-009             -1.82792677821e-009
   9.48660209642e-009             -1.89070042953e-009
   9.49786884475e-009             -1.84975995906e-009
   9.50913559308e-009             -1.83843322117e-009
   9.52040234142e-009             -1.80320891935e-009
   9.53166908975e-009             -1.77182217122e-009
   9.54293583808e-009             -1.76274480919e-009
   9.55420258642e-009             -1.74231419312e-009
   9.56546933475e-009             -1.74760718882e-009
   9.57673608308e-009             -1.68149886027e-009
   9.58800283141e-009             -1.71873435780e-009
   9.59926957975e-009             -1.73903270325e-009
   9.61053632808e-009             -1.77113399184e-009
   9.62180307641e-009             -1.79034719099e-009
   9.63306982475e-009             -1.76359162028e-009
   9.64433657308e-009             -1.72280993658e-009
   9.65560332141e-009             -1.75369396331e-009
   9.66687006975e-009             -1.77007551675e-009
   9.67813681808e-009             -1.84084138380e-009
   9.68940356641e-009             -1.84761633767e-009
   9.70067031475e-009             -1.88225836964e-009
   9.71193706308e-009             -1.96734156213e-009
   9.72320381141e-009             -1.98885716944e-009
   9.73447055974e-009             -1.97763618602e-009
   9.74573730808e-009             -1.97395772923e-009
   9.75700405641e-009             -1.96874412691e-009
   9.76827080474e-009             -1.99846376901e-009
   9.77953755308e-009             -1.95897874056e-009
   9.79080430141e-009             -1.90340337112e-009
   9.80207104974e-009             -1.95040425499e-009
   9.81333779808e-009             -2.01534804385e-009
   9.82460454641e-009             -1.98713703112e-009
   9.83587129474e-009             -1.95792026547e-009
   9.84713804307e-009             -1.97583665431e-009
   9.85840479141e-009             -1.91753539363e-009
   9.86967153974e-009             -1.89128269938e-009
   9.88093828807e-009             -1.85407371800e-009
   9.89220503641e-009             -1.85447068492e-009
   9.90347178474e-009             -1.88225836964e-009
   9.91473853307e-009             -1.84764285382e-009
   9.92600528141e-009             -1.87426599885e-009
   9.93727202974e-009             -1.82123121773e-009
   9.94853877807e-009             -1.85743460125e-009
   9.95980552640e-009             -1.85732884678e-009
   9.97107227474e-009             -1.87212237746e-009
   9.98233902307e-009             -1.84351439780e-009
   9.99360577140e-009             -1.77947029726e-009
   1.00048725197e-008             -1.77388639923e-009
   1.00161392681e-008             -1.72095737258e-009
   1.00274060164e-008             -1.74480190420e-009
   1.00386727647e-008             -1.82234272512e-009
   1.00499395131e-008             -1.82501573912e-009
   1.00612062614e-008             -1.87021693622e-009
   1.00724730097e-008             -1.83901533595e-009
   1.00837397581e-008             -1.81498565647e-009
   1.00950065064e-008             -1.83218750485e-009
   1.01062732547e-008             -1.85526461877e-009
   1.01175400031e-008             -1.89480252446e-009
   1.01288067514e-008             -1.93484315155e-009
   1.01400734997e-008             -1.92155809518e-009
   1.01513402481e-008             -1.92610987920e-009
   1.01626069964e-008             -2.01987346679e-009
   1.01738737447e-008             -2.03911318209e-009
   1.01851404931e-008             -2.03683729008e-009
   1.01964072414e-008             -2.00455054350e-009
   1.02076739897e-008             -1.96292204872e-009
   1.02189407381e-008             -1.97075547768e-009
   1.02302074864e-008             -1.92663927181e-009
   1.02414742347e-008             -1.89575524508e-009
   1.02527409831e-008             -1.90128626587e-009
   1.02640077314e-008             -1.90684380282e-009
   1.02752744797e-008             -1.87887081518e-009
   1.02865412281e-008             -1.89424677077e-009
   1.02978079764e-008             -1.94812836298e-009
   1.03090747247e-008             -1.86757059343e-009
   1.03203414731e-008             -1.85015692599e-009
   1.03316082214e-008             -1.77748546264e-009
   1.03428749697e-008             -1.78235497527e-009
   1.03541417181e-008             -1.78243436865e-009
   1.03654084664e-008             -1.80469103258e-009
   1.03766752147e-008             -1.83276977469e-009
   1.03879419631e-008             -1.84441408612e-009
   1.03992087114e-008             -1.79992742948e-009
   1.04104754597e-008             -1.84094729334e-009
   1.04217422081e-008             -1.79725441548e-009
   1.04330089564e-008             -1.78695979159e-009
   1.04442757047e-008             -1.76658220782e-009
   1.04555424531e-008             -1.76023073702e-009
   1.04668092014e-008             -1.76293011211e-009
   1.04780759497e-008             -1.83425173285e-009
   1.04893426981e-008             -1.86712059421e-009
   1.05006094464e-008             -1.87712416071e-009
   1.05118761947e-008             -1.87789173347e-009
   1.05231429431e-008             -1.86926421560e-009
   1.05344096914e-008             -1.88336987703e-009
   1.05456764397e-008             -1.91652979578e-009
   1.05569431881e-008             -1.95331544915e-009
   1.05682099364e-008             -1.98369659942e-009
   1.05794766847e-008             -1.91197785669e-009
   1.05907434331e-008             -1.92957682706e-009
   1.06020101814e-008             -1.96321310611e-009
   1.06132769297e-008             -2.01555986292e-009
   1.06245436781e-008             -2.09058661167e-009
   1.06358104264e-008             -2.08275302765e-009
   1.06470771747e-008             -2.01166958706e-009
   1.06583439231e-008             -1.96411294950e-009
   1.06696106714e-008             -1.90263595342e-009
   1.06808774197e-008             -1.93214377646e-009
   1.06921441681e-008             -1.90676440943e-009
   1.07034109164e-008             -1.89244708400e-009
   1.07146776647e-008             -1.93002667122e-009
   1.07259444131e-008             -1.89803113709e-009
   1.07372111614e-008             -1.84282621842e-009
   1.07484779097e-008             -1.80834312829e-009
   1.07597446581e-008             -1.79352292639e-009
   1.07710114064e-008             -1.78428693266e-009
   1.07822781547e-008             -1.79548139993e-009
   1.07935449030e-008             -1.80143590380e-009
   1.08048116514e-008             -1.76832886229e-009
   1.08160783997e-008             -1.77904696925e-009
   1.08273451480e-008             -1.76729674828e-009
   1.08386118964e-008             -1.80786676798e-009
   1.08498786447e-008             -1.83343143792e-009
   1.08611453930e-008             -1.88863620152e-009
   1.08724121414e-008             -1.89014467584e-009
   1.08836788897e-008             -1.88585743305e-009
   1.08949456380e-008             -1.84663710090e-009
   1.09062123864e-008             -1.84631952736e-009
   1.09174791347e-008             -1.90274186295e-009
   1.09287458830e-008             -1.93187923522e-009
   1.09400126314e-008             -1.97202577184e-009
   1.09512793797e-008             -1.99504985346e-009
   1.09625461280e-008             -2.00579447658e-009
   1.09738128764e-008             -1.97676285878e-009
   1.09850796247e-008             -1.95466513669e-009
   1.09963463730e-008             -1.89514645909e-009
   1.10076131214e-008             -1.92322535626e-009
   1.10188798697e-008             -1.95450634992e-009
   1.10301466180e-008             -1.97925056986e-009
   1.10414133664e-008             -1.95548543162e-009
   1.10526801147e-008             -1.95643815224e-009
   1.10639468630e-008             -1.98025616772e-009
   1.10752136114e-008             -2.02000589248e-009
   1.10864803597e-008             -2.01889438509e-009
   1.10977471080e-008             -1.95789374932e-009
   1.11090138564e-008             -1.95691451255e-009
   1.11202806047e-008             -1.92888864768e-009
   1.11315473530e-008             -1.85097737599e-009
   1.11428141014e-008             -1.85780520709e-009
   1.11540808497e-008             -1.84298500519e-009
   1.11653475980e-008             -1.87056102591e-009
   1.11766143464e-008             -1.79751911179e-009
   1.11878810947e-008             -1.77595062724e-009
   1.11991478430e-008             -1.77939090388e-009
   1.12104145914e-008             -1.74236722542e-009
   1.12216813397e-008             -1.70637550590e-009
   1.12329480880e-008             -1.68994107522e-009
   1.12442148364e-008             -1.68724170013e-009
   1.12554815847e-008             -1.69682178356e-009
