# Atom Manipulation               
# 
# Sample                          Ag(111)
# Data set                        -
# Creation Comment                
# Gap voltage                     -1.000e-004 V
# Gap voltage range in Volt       -1;1
# Feedback loop enabled           No
# Regulator setpoint              1.000e-009 A
# Pre-amplifier range             0;3.33e-007
# Loop gain                       7.000e+000 %
# Z-axis offset                   -8.000e-010 m
# Parameter mode                  V before Z
# Raster time                     1.000e-003 seconds
# Channel name and data unit      I(r) [A]
# Manipulation vector: start      2.728e+001, 4.960e-001 [nm]
#                      end        1.662e+001, 1.798e+000 [nm]
# 
# 
#            Position                              I(r)
# -------------------             ---------------------
   0.00000000000e+000             -2.5862315743770e-008
   1.07431885397e-011             -2.5831431717037e-008
   2.14863770794e-011             -2.5649938439114e-008
   3.22295656192e-011             -2.5779111476376e-008
   4.29727541589e-011             -2.5685294856487e-008
   5.37159426986e-011             -2.5717872660454e-008
   6.44591312383e-011             -2.5667510738265e-008
   7.52023197780e-011             -2.5811503977423e-008
   8.59455083178e-011             -2.5728035013723e-008
   9.66886968575e-011             -2.5830134906728e-008
   1.07431885397e-010             -2.5591398998279e-008
   1.18175073937e-010             -2.5786468545023e-008
   1.28918262477e-010             -2.5900795019306e-008
   1.39661451016e-010             -2.5638690939540e-008
   1.50404639556e-010             -2.5864882693172e-008
   1.61147828096e-010             -2.5821269363767e-008
   1.71891016636e-010             -2.5661979717471e-008
   1.82634205175e-010             -2.5593172168897e-008
   1.93377393715e-010             -2.5727690924034e-008
   2.04120582255e-010             -2.5586741304719e-008
   2.14863770794e-010             -2.5641469708012e-008
   2.25606959334e-010             -2.5729808184342e-008
   2.36350147874e-010             -2.5665023182248e-008
   2.47093336414e-010             -2.5776650281443e-008
   2.57836524953e-010             -2.5636891407837e-008
   2.68579713493e-010             -2.5611406131278e-008
   2.79322902033e-010             -2.5782551753012e-008
   2.90066090572e-010             -2.5792370171657e-008
   3.00809279112e-010             -2.5791311541503e-008
   3.11552467652e-010             -2.5726844112949e-008
   3.22295656192e-010             -2.5666822713951e-008
   3.33038844731e-010             -2.5781784335313e-008
   3.43782033271e-010             -2.5624214982400e-008
   3.54525221811e-010             -2.5583247995782e-008
   3.65268410351e-010             -2.5879120625223e-008
   3.76011598890e-010             -2.5832225650886e-008
   3.86754787430e-010             -2.5735286327901e-008
   3.97497975970e-010             -2.5543260090868e-008
   4.08241164509e-010             -2.5678731721689e-008
   4.18984353049e-010             -2.5531271689746e-008
   4.29727541589e-010             -2.5620298190389e-008
   4.40470730129e-010             -2.5798615732916e-008
   4.51213918668e-010             -2.5788850346571e-008
   4.61957107208e-010             -2.5783345686861e-008
   4.72700295748e-010             -2.5593225046132e-008
   4.83443484287e-010             -2.5710621346276e-008
   4.94186672827e-010             -2.5864776938703e-008
   5.04929861367e-010             -2.5758813130922e-008
   5.15673049907e-010             -2.5766540805409e-008
   5.26416238446e-010             -2.6004588689544e-008
   5.37159426986e-010             -2.5575970165455e-008
   5.47902615526e-010             -2.5777603002062e-008
   5.58645804066e-010             -2.5801262230768e-008
   5.69388992605e-010             -2.5686009396951e-008
   5.80132181145e-010             -2.5802267828622e-008
   5.90875369685e-010             -2.5783822047171e-008
   6.01618558224e-010             -2.5767387616493e-008
   6.12361746764e-010             -2.5594680643210e-008
   6.23104935304e-010             -2.5735471475756e-008
   6.33848123844e-010             -2.5698632945153e-008
   6.44591312383e-010             -2.5710780133046e-008
   6.55334500923e-010             -2.5635197630604e-008
   6.66077689463e-010             -2.5722398083394e-008
   6.76820878002e-010             -2.5702840794554e-008
   6.87564066542e-010             -2.5656739754067e-008
   6.98307255082e-010             -2.5678917024609e-008
   7.09050443622e-010             -2.5742299306859e-008
   7.19793632161e-010             -2.5851438850036e-008
   7.30536820701e-010             -2.5851518243421e-008
   7.41280009241e-010             -2.5830293693498e-008
   7.52023197780e-010             -2.5638188218146e-008
   7.62766386320e-010             -2.5884122408473e-008
   7.73509574860e-010             -2.5747539270263e-008
   7.84252763400e-010             -2.5587932205492e-008
   7.94995951939e-010             -2.5818067112221e-008
   8.05739140479e-010             -2.5867238133635e-008
   8.16482329019e-010             -2.5789512009800e-008
   8.27225517559e-010             -2.5547706120424e-008
   8.37968706098e-010             -2.5666611049947e-008
   8.48711894638e-010             -2.5708557118268e-008
   8.59455083178e-010             -2.5729358185117e-008
   8.70198271717e-010             -2.5671586317046e-008
   8.80941460257e-010             -2.5712024066120e-008
   8.91684648797e-010             -2.5653564018670e-008
   9.02427837337e-010             -2.5524179317403e-008
   9.13171025876e-010             -2.5688973468343e-008
   9.23914214416e-010             -2.5738620850067e-008
   9.34657402956e-010             -2.5840482562918e-008
   9.45400591495e-010             -2.5694425095753e-008
   9.56143780035e-010             -2.5938983237451e-008
   9.66886968575e-010             -2.5729570004187e-008
   9.77630157115e-010             -2.5816664547442e-008
   9.88373345654e-010             -2.5755928607980e-008
   9.99116534194e-010             -2.5672777217820e-008
   1.00985972273e-009             -2.5741584766394e-008
   1.02060291127e-009             -2.5906008466560e-008
   1.03134609981e-009             -2.5679472778303e-008
   1.04208928835e-009             -2.5458520988075e-008
   1.05283247689e-009             -2.5631016297353e-008
   1.06357566543e-009             -2.5633001131976e-008
   1.07431885397e-009             -2.5776491494674e-008
   1.08506204251e-009             -2.5699903239312e-008
   1.09580523105e-009             -2.5602858161857e-008
   1.10654841959e-009             -2.5654410829754e-008
   1.11729160813e-009             -2.5579728170696e-008
   1.12803479667e-009             -2.5632471894432e-008
   1.13877798521e-009             -2.5814256229745e-008
   1.14952117375e-009             -2.5834554420134e-008
   1.16026436229e-009             -2.5751456062274e-008
   1.17100755083e-009             -2.5753679077052e-008
   1.18175073937e-009             -2.5751958938734e-008
   1.19249392791e-009             -2.5787765355332e-008
   1.20323711645e-009             -2.5753334987362e-008
   1.21398030499e-009             -2.5638585185070e-008
   1.22472349353e-009             -2.5752170602738e-008
   1.23546668207e-009             -2.5898386701608e-008
   1.24620987061e-009             -2.5867317527020e-008
   1.25695305915e-009             -2.5621727271318e-008
   1.26769624769e-009             -2.5478210547535e-008
   1.27843943623e-009             -2.5620456977159e-008
   1.28918262477e-009             -2.5638267611531e-008
   1.29992581331e-009             -2.5709668625657e-008
   1.31066900185e-009             -2.5730946052815e-008
   1.32141219039e-009             -2.5506818527191e-008
   1.33215537893e-009             -2.5565357968026e-008
   1.34289856747e-009             -2.5633133402596e-008
   1.35364175600e-009             -2.5655919304067e-008
   1.36438494454e-009             -2.5748333204112e-008
   1.37512813308e-009             -2.5751270759354e-008
   1.38587132162e-009             -2.5783583867016e-008
   1.39661451016e-009             -2.5643983935245e-008
   1.40735769870e-009             -2.5718004931074e-008
   1.41810088724e-009             -2.5758072229372e-008
   1.42884407578e-009             -2.5689185132348e-008
   1.43958726432e-009             -2.5755002248445e-008
   1.45033045286e-009             -2.5815394253284e-008
   1.46107364140e-009             -2.5788400502411e-008
   1.47181682994e-009             -2.5694345702368e-008
   1.48256001848e-009             -2.5635938687218e-008
   1.49330320702e-009             -2.5625564669944e-008
   1.50404639556e-009             -2.5736503589759e-008
   1.51478958410e-009             -2.5643825148475e-008
   1.52553277264e-009             -2.5741822946549e-008
   1.53627596118e-009             -2.5746745336414e-008
   1.54701914972e-009             -2.5661185783622e-008
   1.55776233826e-009             -2.5555460311061e-008
   1.56850552680e-009             -2.5940094744840e-008
   1.57924871534e-009             -2.5881052582611e-008
   1.58999190388e-009             -2.5643269394781e-008
   1.60073509242e-009             -2.5878220781839e-008
   1.61147828096e-009             -2.5504833692568e-008
   1.62222146950e-009             -2.5944752438400e-008
   1.63296465804e-009             -2.5583565569322e-008
   1.64370784658e-009             -2.5756801935214e-008
   1.65445103512e-009             -2.5821401634387e-008
   1.66519422366e-009             -2.5810577617888e-008
   1.67593741220e-009             -2.5803511606631e-008
   1.68668060074e-009             -2.5624373769170e-008
   1.69742378928e-009             -2.5610903254819e-008
   1.70816697782e-009             -2.5775115290980e-008
   1.71891016636e-009             -2.5654807796679e-008
   1.72965335490e-009             -2.5646259827257e-008
   1.74039654343e-009             -2.5687279691110e-008
   1.75113973197e-009             -2.5676720370916e-008
   1.76188292051e-009             -2.5574117756517e-008
   1.77262610905e-009             -2.5554904557366e-008
   1.78336929759e-009             -2.5794222580595e-008
   1.79411248613e-009             -2.5894496425747e-008
   1.80485567467e-009             -2.5701491107011e-008
   1.81559886321e-009             -2.5859245762843e-008
   1.82634205175e-009             -2.5725494425406e-008
   1.83708524029e-009             -2.5932128890198e-008
   1.84782842883e-009             -2.5647318457411e-008
   1.85857161737e-009             -2.5596083207989e-008
   1.86931480591e-009             -2.5635515204143e-008
   1.88005799445e-009             -2.5799594969685e-008
   1.89080118299e-009             -2.5797133774752e-008
   1.90154437153e-009             -2.5684209865248e-008
   1.91228756007e-009             -2.5580654375165e-008
   1.92303074861e-009             -2.5578431360387e-008
   1.93377393715e-009             -2.5523147203399e-008
   1.94451712569e-009             -2.5601587867698e-008
   1.95526031423e-009             -2.5818225898991e-008
   1.96600350277e-009             -2.5631677960582e-008
   1.97674669131e-009             -2.5565516754795e-008
   1.98748987985e-009             -2.5663991068244e-008
   1.99823306839e-009             -2.5855620183287e-008
   2.00897625693e-009             -2.5743013847323e-008
   2.01971944547e-009             -2.5699612181922e-008
   2.03046263401e-009             -2.5769134270961e-008
   2.04120582255e-009             -2.5688391198499e-008
   2.05194901109e-009             -2.5857552140675e-008
   2.06269219963e-009             -2.5759660097071e-008
   2.07343538817e-009             -2.5841911643846e-008
   2.08417857671e-009             -2.5781175704384e-008
   2.09492176525e-009             -2.5745845648095e-008
   2.10566495379e-009             -2.5771277892354e-008
   2.11640814233e-009             -2.5586106157639e-008
   2.12715133086e-009             -2.5616196250523e-008
   2.13789451940e-009             -2.5635541720293e-008
   2.14863770794e-009             -2.5629481306890e-008
   2.15938089648e-009             -2.5485885189722e-008
   2.17012408502e-009             -2.5695854176681e-008
   2.18086727356e-009             -2.5624029679480e-008
   2.19161046210e-009             -2.5539422847307e-008
   2.20235365064e-009             -2.5669627998573e-008
   2.21309683918e-009             -2.5831246414117e-008
   2.22384002772e-009             -2.5844743289553e-008
   2.23458321626e-009             -2.5679816712928e-008
   2.24532640480e-009             -2.5681695793081e-008
   2.25606959334e-009             -2.5672009800121e-008
   2.26681278188e-009             -2.5733830730822e-008
   2.27755597042e-009             -2.5572741552823e-008
   2.28829915896e-009             -2.5667537254415e-008
   2.29904234750e-009             -2.5782922358852e-008
   2.30978553604e-009             -2.5812086092202e-008
   2.32052872458e-009             -2.5696012963451e-008
   2.33127191312e-009             -2.5641099257238e-008
   2.34201510166e-009             -2.5610109320969e-008
   2.35275829020e-009             -2.5763788553087e-008
   2.36350147874e-009             -2.5628475709036e-008
   2.37424466728e-009             -2.5631519173813e-008
   2.38498785582e-009             -2.5688867558808e-008
   2.39573104436e-009             -2.5603969669246e-008
   2.40647423290e-009             -2.5605636930329e-008
   2.41721742144e-009             -2.5663091224860e-008
   2.42796060998e-009             -2.5715490858906e-008
   2.43870379852e-009             -2.5896719440525e-008
   2.44944698706e-009             -2.5763444463397e-008
   2.46019017560e-009             -2.5627867078106e-008
   2.47093336414e-009             -2.5533759400828e-008
   2.48167655268e-009             -2.5788612166416e-008
   2.49241974122e-009             -2.5624929522864e-008
   2.50316292976e-009             -2.5677567337065e-008
   2.51390611829e-009             -2.5691355269891e-008
   2.52464930683e-009             -2.5681245793856e-008
   2.53539249537e-009             -2.5712341639659e-008
   2.54613568391e-009             -2.5586106157639e-008
   2.55687887245e-009             -2.5559826947231e-008
   2.56762206099e-009             -2.5529763215432e-008
   2.57836524953e-009             -2.5502690071175e-008
   2.58910843807e-009             -2.5534579850827e-008
   2.59985162661e-009             -2.5682674874785e-008
   2.61059481515e-009             -2.5533494704523e-008
   2.62133800369e-009             -2.5520421312162e-008
   2.63208119223e-009             -2.5555275008141e-008
   2.64282438077e-009             -2.5725785482796e-008
   2.65356756931e-009             -2.5764053094326e-008
   2.66431075785e-009             -2.5775776954209e-008
   2.67505394639e-009             -2.5669442695654e-008
   2.68579713493e-009             -2.5715041014747e-008
   2.69654032347e-009             -2.5853211865589e-008
   2.70728351201e-009             -2.5653669928205e-008
   2.71802670055e-009             -2.5890341608646e-008
   2.72876988909e-009             -2.5764344306781e-008
   2.73951307763e-009             -2.5634456729055e-008
   2.75025626617e-009             -2.5661529873312e-008
   2.76099945471e-009             -2.5610188714354e-008
   2.77174264325e-009             -2.5622812262556e-008
   2.78248583179e-009             -2.5595977298454e-008
   2.79322902033e-009             -2.5723641861403e-008
   2.80397220887e-009             -2.5641152134473e-008
   2.81471539741e-009             -2.5755478608755e-008
   2.82545858595e-009             -2.5680134286467e-008
   2.83620177449e-009             -2.5723588984168e-008
   2.84694496303e-009             -2.5682489726930e-008
   2.85768815157e-009             -2.5628237528881e-008
   2.86843134011e-009             -2.5826244630867e-008
   2.87917452865e-009             -2.5704719874707e-008
   2.88991771719e-009             -2.5627787684721e-008
   2.90066090572e-009             -2.5688867558808e-008
   2.91140409426e-009             -2.5868720091799e-008
   2.92214728280e-009             -2.5813515173130e-008
   2.93289047134e-009             -2.5659386251919e-008
   2.94363365988e-009             -2.5708768937338e-008
   2.95437684842e-009             -2.5689343919118e-008
   2.96512003696e-009             -2.5632762951821e-008
   2.97586322550e-009             -2.5682277907860e-008
   2.98660641404e-009             -2.5580813161935e-008
   2.99734960258e-009             -2.5613523236521e-008
   3.00809279112e-009             -2.5618895625611e-008
   3.01883597966e-009             -2.5531589263285e-008
   3.02957916820e-009             -2.5827673711796e-008
   3.04032235674e-009             -2.5542254493014e-008
   3.05106554528e-009             -2.5786838995798e-008
   3.06180873382e-009             -2.5682410333545e-008
   3.07255192236e-009             -2.5626120423638e-008
   3.08329511090e-009             -2.6044047201848e-008
   3.09403829944e-009             -2.5905267565011e-008
   3.10478148798e-009             -2.5583168602397e-008
   3.11552467652e-009             -2.5703661244553e-008
   3.12626786506e-009             -2.5915588705050e-008
   3.13701105360e-009             -2.5617572299152e-008
   3.14775424214e-009             -2.5746560188559e-008
   3.15849743068e-009             -2.5792528958427e-008
   3.16924061922e-009             -2.5806607948642e-008
   3.17998380776e-009             -2.5663594101320e-008
   3.19072699630e-009             -2.5732798616818e-008
   3.20147018484e-009             -2.5741214315620e-008
   3.21221337338e-009             -2.5750820915195e-008
   3.22295656192e-009             -2.5657083843756e-008
   3.23369975046e-009             -2.5515763618602e-008
   3.24444293900e-009             -2.5720863092931e-008
   3.25518612754e-009             -2.5563717223092e-008
   3.26592931608e-009             -2.5586714788569e-008
   3.27667250462e-009             -2.5634192032750e-008
   3.28741569315e-009             -2.5814970770209e-008
   3.29815888169e-009             -2.5897672161144e-008
   3.30890207023e-009             -2.5732983919738e-008
   3.31964525877e-009             -2.5590869760734e-008
   3.33038844731e-009             -2.5619371985920e-008
   3.34113163585e-009             -2.5896666563290e-008
   3.35187482439e-009             -2.5486705639722e-008
   3.36261801293e-009             -2.5638929119695e-008
   3.37336120147e-009             -2.5799621330770e-008
   3.38410439001e-009             -2.5668304672115e-008
   3.39484757855e-009             -2.5600820294934e-008
   3.40559076709e-009             -2.5600529237544e-008
   3.41633395563e-009             -2.5575890772070e-008
   3.42707714417e-009             -2.5831325807502e-008
   3.43782033271e-009             -2.5687967870490e-008
   3.44856352125e-009             -2.5609685992960e-008
   3.45930670979e-009             -2.5803776302935e-008
   3.47004989833e-009             -2.5624294375785e-008
   3.48079308687e-009             -2.5582321636248e-008
   3.49153627541e-009             -2.5671189350122e-008
   3.50227946395e-009             -2.5908549054878e-008
   3.51302265249e-009             -2.5909845865186e-008
   3.52376584103e-009             -2.5919425948611e-008
   3.53450902957e-009             -2.5641363953542e-008
   3.54525221811e-009             -2.5742246429624e-008
   3.55599540665e-009             -2.5983046566081e-008
   3.56673859519e-009             -2.5759210097846e-008
   3.57748178373e-009             -2.5736741769914e-008
   3.58822497227e-009             -2.5841223464467e-008
   3.59896816081e-009             -2.5747565786413e-008
   3.60971134935e-009             -2.5718613717068e-008
   3.62045453789e-009             -2.5586053125339e-008
   3.63119772643e-009             -2.5651579184047e-008
   3.64194091497e-009             -2.5540957682706e-008
   3.65268410351e-009             -2.5624109072865e-008
   3.66342729204e-009             -2.5630963420118e-008
   3.67417048058e-009             -2.5738938423607e-008
   3.68491366912e-009             -2.5605134053870e-008
   3.69565685766e-009             -2.5588514320272e-008
   3.70640004620e-009             -2.5734651180822e-008
   3.71714323474e-009             -2.5779429049915e-008
   3.72788642328e-009             -2.5886662996790e-008
   3.73862961182e-009             -2.5773712726201e-008
   3.74937280036e-009             -2.5686565150646e-008
   3.76011598890e-009             -2.5724224131247e-008
   3.77085917744e-009             -2.5875997767061e-008
   3.78160236598e-009             -2.5716972817070e-008
   3.79234555452e-009             -2.5653775682675e-008
   3.80308874306e-009             -2.5731343019740e-008
   3.81383193160e-009             -2.5593569135822e-008
   3.82457512014e-009             -2.5697124470840e-008
   3.83531830868e-009             -2.5552549116904e-008
   3.84606149722e-009             -2.5550934888120e-008
   3.85680468576e-009             -2.5804120392625e-008
   3.86754787430e-009             -2.5635700507063e-008
   3.87829106284e-009             -2.5521903270325e-008
   3.88903425138e-009             -2.5888277380639e-008
   3.89977743992e-009             -2.5600767417699e-008
   3.91052062846e-009             -2.5619848346230e-008
   3.92126381700e-009             -2.5731872412349e-008
   3.93200700554e-009             -2.5932922824048e-008
   3.94275019408e-009             -2.5870228566112e-008
   3.95349338262e-009             -2.5908072694568e-008
   3.96423657116e-009             -2.5745210501016e-008
   3.97497975970e-009             -2.5846569337406e-008
   3.98572294824e-009             -2.6022902045310e-008
   3.99646613678e-009             -2.5656475057762e-008
   4.00720932532e-009             -2.5685665462327e-008
   4.01795251386e-009             -2.5740023414846e-008
   4.02869570240e-009             -2.5731501806510e-008
   4.03943889094e-009             -2.5721021879700e-008
   4.05018207947e-009             -2.5702576253315e-008
   4.06092526801e-009             -2.5616725488068e-008
   4.07166845655e-009             -2.5720095675231e-008
   4.08241164509e-009             -2.5633900975360e-008
   4.09315483363e-009             -2.5519283288623e-008
   4.10389802217e-009             -2.5708266060879e-008
   4.11464121071e-009             -2.5534050458218e-008
   4.12538439925e-009             -2.5604472390640e-008
   4.13612758779e-009             -2.5814070926825e-008
   4.14687077633e-009             -2.5754684674906e-008
   4.15761396487e-009             -2.5802770705081e-008
   4.16835715341e-009             -2.5890024035107e-008
   4.17910034195e-009             -2.5897037014064e-008
   4.18984353049e-009             -2.5726261843105e-008
   4.20058671903e-009             -2.5891003116811e-008
   4.21132990757e-009             -2.5626517390563e-008
   4.22207309611e-009             -2.5712659213199e-008
   4.23281628465e-009             -2.5820475429918e-008
   4.24355947319e-009             -2.5863109677619e-008
   4.25430266173e-009             -2.5798351036611e-008
   4.26504585027e-009             -2.5594918823365e-008
   4.27578903881e-009             -2.5739891144226e-008
   4.28653222735e-009             -2.5766752469413e-008
   4.29727541589e-009             -2.5701464745926e-008
   4.30801860443e-009             -2.5572159282978e-008
   4.31876179297e-009             -2.6064398269472e-008
   4.32950498151e-009             -2.5706360619641e-008
   4.34024817005e-009             -2.5683389415249e-008
   4.35099135859e-009             -2.5830425964118e-008
   4.36173454713e-009             -2.6020096760688e-008
   4.37247773567e-009             -2.5799277396145e-008
   4.38322092421e-009             -2.5968279396486e-008
   4.39396411275e-009             -2.5811053978198e-008
   4.40470730129e-009             -2.5704428662252e-008
   4.41545048983e-009             -2.6016974057591e-008
   4.42619367837e-009             -2.5655390066523e-008
   4.43693686690e-009             -2.5783557505931e-008
   4.44768005544e-009             -2.5732163469739e-008
   4.45842324398e-009             -2.5865756020407e-008
   4.46916643252e-009             -2.5726182449720e-008
   4.47990962106e-009             -2.5551570035200e-008
   4.49065280960e-009             -2.5666161050722e-008
   4.50139599814e-009             -2.6009299260339e-008
   4.51213918668e-009             -2.5624532555940e-008
   4.52288237522e-009             -2.5626702538417e-008
   4.53362556376e-009             -2.6012131061111e-008
   4.54436875230e-009             -2.5755319821985e-008
   4.55511194084e-009             -2.5660603513778e-008
   4.56585512938e-009             -2.5855090945743e-008
   4.57659831792e-009             -2.5803432213246e-008
   4.58734150646e-009             -2.5844663896168e-008
   4.59808469500e-009             -2.5950680581184e-008
   4.60882788354e-009             -2.5792740622432e-008
   4.61957107208e-009             -2.5774665446820e-008
   4.63031426062e-009             -2.5981908542542e-008
   4.64105744916e-009             -2.5933557971127e-008
   4.65180063770e-009             -2.5866020716711e-008
   4.66254382624e-009             -2.6015783156817e-008
   4.67328701478e-009             -2.5886424816635e-008
   4.68403020332e-009             -2.5771542588659e-008
   4.69477339186e-009             -2.5747936237188e-008
   4.70551658040e-009             -2.5754049527826e-008
   4.71625976894e-009             -2.5851332940501e-008
   4.72700295748e-009             -2.5747909876103e-008
   4.73774614602e-009             -2.5632789467971e-008
   4.74848933456e-009             -2.5845484346168e-008
   4.75923252310e-009             -2.5726711842330e-008
   4.76997571164e-009             -2.5629296159035e-008
   4.78071890018e-009             -2.5913762657197e-008
   4.79146208872e-009             -2.6003741723395e-008
   4.80220527726e-009             -2.5862950890850e-008
   4.81294846580e-009             -2.5871366589651e-008
   4.82369165433e-009             -2.5895343391896e-008
   4.83443484287e-009             -2.5875971405976e-008
   4.84517803141e-009             -2.5900080478841e-008
   4.85592121995e-009             -2.5837465614291e-008
   4.86666440849e-009             -2.5844822682938e-008
   4.87740759703e-009             -2.6000989471073e-008
   4.88815078557e-009             -2.5848924622804e-008
   4.89889397411e-009             -2.5781625548543e-008
   4.90963716265e-009             -2.5743860813472e-008
   4.92038035119e-009             -2.5702602614399e-008
   4.93112353973e-009             -2.5785436431019e-008
   4.94186672827e-009             -2.5787209601637e-008
   4.95260991681e-009             -2.5614184899750e-008
   4.96335310535e-009             -2.5989239250105e-008
   4.97409629389e-009             -2.5720889609081e-008
   4.98483948243e-009             -2.5694927972212e-008
   4.99558267097e-009             -2.5867396920405e-008
   5.00632585951e-009             -2.6010913644187e-008
   5.01706904805e-009             -2.5873986571353e-008
   5.02781223659e-009             -2.6052621687420e-008
   5.03855542513e-009             -2.6032349858115e-008
   5.04929861367e-009             -2.5918129293368e-008
   5.06004180221e-009             -2.5970317108344e-008
   5.07078499075e-009             -2.5908416784258e-008
   5.08152817929e-009             -2.5957455379987e-008
   5.09227136783e-009             -2.5896693079440e-008
   5.10301455637e-009             -2.5848818868334e-008
   5.11375774491e-009             -2.5749577137186e-008
   5.12450093345e-009             -2.5844557986633e-008
   5.13524412199e-009             -2.5690720122812e-008
   5.14598731053e-009             -2.5962563072772e-008
   5.15673049907e-009             -2.5850909457427e-008
   5.16747368761e-009             -2.5625987997953e-008
   5.17821687615e-009             -2.5924480764161e-008
   5.18896006469e-009             -2.5768419730497e-008
   5.19970325323e-009             -2.5697203864225e-008
   5.21044644176e-009             -2.5914397804277e-008
   5.22118963030e-009             -2.6037695731055e-008
   5.23193281884e-009             -2.6001333560762e-008
   5.24267600738e-009             -2.5984899130084e-008
   5.25341919592e-009             -2.5902673944394e-008
   5.26416238446e-009             -2.5954544340895e-008
   5.27490557300e-009             -2.6010648947883e-008
   5.28564876154e-009             -2.5831008233962e-008
   5.29639195008e-009             -2.6071332010110e-008
   5.30713513862e-009             -2.5956952658593e-008
   5.31787832716e-009             -2.5918976104452e-008
   5.32862151570e-009             -2.5923104560468e-008
   5.33936470424e-009             -2.5855302609747e-008
   5.35010789278e-009             -2.5775035897595e-008
   5.36085108132e-009             -2.5885048612942e-008
   5.37159426986e-009             -2.5938824450682e-008
   5.38233745840e-009             -2.5797160135837e-008
   5.39308064694e-009             -2.5854429282513e-008
   5.40382383548e-009             -2.5917282327219e-008
   5.41456702402e-009             -2.5702708523934e-008
   5.42531021256e-009             -2.5892035230815e-008
   5.43605340110e-009             -2.6064451301772e-008
   5.44679658964e-009             -2.5877770937679e-008
   5.45753977818e-009             -2.6012051667726e-008
   5.46828296672e-009             -2.5768472762797e-008
   5.47902615526e-009             -2.5920008218456e-008
   5.48976934380e-009             -2.5900662748686e-008
   5.50051253234e-009             -2.5818464079145e-008
   5.51125572088e-009             -2.6012528028036e-008
   5.52199890942e-009             -2.6043729628309e-008
   5.53274209796e-009             -2.5873801268433e-008
   5.54348528650e-009             -2.6012474995736e-008
   5.55422847504e-009             -2.5738832514072e-008
   5.56497166358e-009             -2.5842731938780e-008
   5.57571485212e-009             -2.5979288560840e-008
   5.58645804066e-009             -2.5767228829723e-008
   5.59720122919e-009             -2.5793931523206e-008
   5.60794441773e-009             -2.5809968986959e-008
   5.61868760627e-009             -2.5737297523609e-008
   5.62943079481e-009             -2.5743675510552e-008
   5.64017398335e-009             -2.5998051915831e-008
   5.65091717189e-009             -2.6056432569896e-008
   5.66166036043e-009             -2.5992547256121e-008
   5.67240354897e-009             -2.6048466715254e-008
   5.68314673751e-009             -2.5807507792027e-008
   5.69388992605e-009             -2.6024542790243e-008
   5.70463311459e-009             -2.5927444680488e-008
   5.71537630313e-009             -2.5854799733288e-008
   5.72611949167e-009             -2.5977250848982e-008
   5.73686268021e-009             -2.5889494642497e-008
   5.74760586875e-009             -2.5738726604537e-008
   5.75834905729e-009             -2.5866444199786e-008
   5.76909224583e-009             -2.5758177983842e-008
   5.77983543437e-009             -2.5747327606258e-008
   5.79057862291e-009             -2.5992282714882e-008
   5.80132181145e-009             -2.5904817565786e-008
   5.81206499999e-009             -2.5793878645971e-008
   5.82280818853e-009             -2.5888886011568e-008
   5.83355137707e-009             -2.5906431949635e-008
   5.84429456561e-009             -2.5805496441254e-008
   5.85503775415e-009             -2.5919293677992e-008
   5.86578094269e-009             -2.5968173486951e-008
   5.87652413123e-009             -2.6010966521422e-008
   5.88726731977e-009             -2.5924560157546e-008
   5.89801050831e-009             -2.5924586518631e-008
   5.90875369685e-009             -2.5922575322923e-008
   5.91949688539e-009             -2.6020811301152e-008
   5.93024007393e-009             -2.5897169439749e-008
   5.94098326247e-009             -2.6057517561134e-008
   5.95172645101e-009             -2.5983417016856e-008
   5.96246963955e-009             -2.5743146273008e-008
   5.97321282809e-009             -2.5851782784661e-008
   5.98395601662e-009             -2.5874806866287e-008
   5.99469920516e-009             -2.5667299074261e-008
   6.00544239370e-009             -2.5864909209323e-008
   6.01618558224e-009             -2.5887271627719e-008
   6.02692877078e-009             -2.5874145358123e-008
   6.03767195932e-009             -2.5785595217789e-008
   6.04841514786e-009             -2.5876315340601e-008
   6.05915833640e-009             -2.5781810851463e-008
   6.06990152494e-009             -2.5949833615035e-008
   6.08064471348e-009             -2.5994161639970e-008
   6.09138790202e-009             -2.5943879111166e-008
   6.10213109056e-009             -2.5908972537952e-008
   6.11287427910e-009             -2.5874277628743e-008
   6.12361746764e-009             -2.5956264479214e-008
   6.13436065618e-009             -2.6007579122021e-008
   6.14510384472e-009             -2.5908310874723e-008
   6.15584703326e-009             -2.5949463164261e-008
   6.16659022180e-009             -2.6033381972119e-008
   6.17733341034e-009             -2.5936098559444e-008
   6.18807659888e-009             -2.5770960318814e-008
   6.19881978742e-009             -2.5770113507730e-008
   6.20956297596e-009             -2.5811398067888e-008
   6.22030616450e-009             -2.5983337623471e-008
   6.23104935304e-009             -2.5775194684365e-008
   6.24179254158e-009             -2.5904208934857e-008
   6.25253573012e-009             -2.5826244630867e-008
   6.26327891866e-009             -2.5835136689978e-008
   6.27402210720e-009             -2.5795757571059e-008
   6.28476529574e-009             -2.5960234148459e-008
   6.29550848428e-009             -2.6201193071687e-008
   6.30625167282e-009             -2.6051536541116e-008
   6.31699486136e-009             -2.6051668966801e-008
   6.32773804990e-009             -2.5950601187799e-008
   6.33848123844e-009             -2.6023590069624e-008
   6.34922442698e-009             -2.5975954038673e-008
   6.35996761552e-009             -2.5879570469382e-008
   6.37071080405e-009             -2.5997046317977e-008
   6.38145399259e-009             -2.6073528508738e-008
   6.39219718113e-009             -2.5841408767387e-008
   6.40294036967e-009             -2.5777206035138e-008
   6.41368355821e-009             -2.5885366186481e-008
   6.42442674675e-009             -2.5760454030920e-008
   6.43516993529e-009             -2.6037589821520e-008
   6.44591312383e-009             -2.5789115042876e-008
   6.45665631237e-009             -2.5932446463738e-008
   6.46739950091e-009             -2.5883143171704e-008
   6.47814268945e-009             -2.6052251081580e-008
   6.48888587799e-009             -2.5831802167812e-008
   6.49962906653e-009             -2.5969364387725e-008
   6.51037225507e-009             -2.5992679681806e-008
   6.52111544361e-009             -2.6052568655119e-008
   6.53185863215e-009             -2.5969046814185e-008
   6.54260182069e-009             -2.5826112360247e-008
   6.55334500923e-009             -2.6098193490363e-008
   6.56408819777e-009             -2.5958064165982e-008
   6.57483138631e-009             -2.5895316875746e-008
   6.58557457485e-009             -2.5905585138551e-008
   6.59631776339e-009             -2.5955814635054e-008
   6.60706095193e-009             -2.5823280559475e-008
   6.61780414047e-009             -2.5911619035805e-008
   6.62854732901e-009             -2.5875653832437e-008
   6.63929051755e-009             -2.5914106591822e-008
   6.65003370609e-009             -2.6024516429158e-008
   6.66077689463e-009             -2.5945387585480e-008
   6.67152008317e-009             -2.6113648684272e-008
   6.68226327171e-009             -2.5920563972150e-008
   6.69300646025e-009             -2.5920960939075e-008
   6.70374964879e-009             -2.5837095008451e-008
   6.71449283733e-009             -2.6033170308115e-008
   6.72523602587e-009             -2.6182535626231e-008
   6.73597921441e-009             -2.6056273783126e-008
   6.74672240294e-009             -2.6002339158616e-008
   6.75746559148e-009             -2.5868164338104e-008
   6.76820878002e-009             -2.5997205104747e-008
   6.77895196856e-009             -2.6081309060460e-008
   6.78969515710e-009             -2.6124975422165e-008
   6.80043834564e-009             -2.5963436400006e-008
   6.81118153418e-009             -2.5995034967204e-008
   6.82192472272e-009             -2.5930964505575e-008
   6.83266791126e-009             -2.5779693591155e-008
   6.84341109980e-009             -2.5968332273721e-008
   6.85415428834e-009             -2.5867608584410e-008
   6.86489747688e-009             -2.5977727209292e-008
   6.87564066542e-009             -2.5876394733986e-008
   6.88638385396e-009             -2.6022425685001e-008
   6.89712704250e-009             -2.5881740606925e-008
   6.90787023104e-009             -2.5824497976399e-008
   6.91861341958e-009             -2.5774929988060e-008
   6.92935660812e-009             -2.5989027586100e-008
   6.94009979666e-009             -2.6024966273318e-008
   6.95084298520e-009             -2.6122037866923e-008
   6.96158617374e-009             -2.6056538324365e-008
   6.97232936228e-009             -2.5963145342617e-008
   6.98307255082e-009             -2.5982781869776e-008
   6.99381573936e-009             -2.6024437035774e-008
   7.00455892790e-009             -2.6018561925290e-008
   7.01530211644e-009             -2.6066144923941e-008
   7.02604530498e-009             -2.5967406069252e-008
   7.03678849352e-009             -2.5825477213168e-008
   7.04753168206e-009             -2.5747883359953e-008
   7.05827487060e-009             -2.5879808649537e-008
   7.06901805914e-009             -2.5823333591775e-008
   7.07976124768e-009             -2.5852947324350e-008
   7.09050443622e-009             -2.5872345671355e-008
   7.10124762476e-009             -2.5977780086526e-008
   7.11199081330e-009             -2.5917150056599e-008
   7.12273400184e-009             -2.5798351036611e-008
   7.13347719037e-009             -2.5771119105584e-008
   7.14422037891e-009             -2.5939353688226e-008
   7.15496356745e-009             -2.6013983470049e-008
   7.16570675599e-009             -2.6024357642389e-008
   7.17644994453e-009             -2.5830822931043e-008
   7.18719313307e-009             -2.5898175037603e-008
   7.19793632161e-009             -2.5873272030889e-008
   7.20867951015e-009             -2.5984846097784e-008
   7.21942269869e-009             -2.5938083394067e-008
   7.23016588723e-009             -2.5912412969654e-008
   7.24090907577e-009             -2.6036981190591e-008
   7.25165226431e-009             -2.5896348989750e-008
   7.26239545285e-009             -2.5818622865915e-008
   7.27313864139e-009             -2.5823651165315e-008
   7.28388182993e-009             -2.6031926375041e-008
   7.29462501847e-009             -2.5931943742344e-008
   7.30536820701e-009             -2.5836486377522e-008
   7.31611139555e-009             -2.6063101614229e-008
   7.32685458409e-009             -2.6030841383802e-008
   7.33759777263e-009             -2.5715914341981e-008
   7.34834096117e-009             -2.5826403417637e-008
   7.35908414971e-009             -2.5998263579835e-008
   7.36982733825e-009             -2.6017741475290e-008
   7.38057052679e-009             -2.5925909845090e-008
   7.39131371533e-009             -2.5910560405651e-008
   7.40205690387e-009             -2.5970131960489e-008
   7.41280009241e-009             -2.5976351005598e-008
   7.42354328095e-009             -2.5986328211013e-008
   7.43428646949e-009             -2.6095097148351e-008
   7.44502965803e-009             -2.5969179239870e-008
   7.45577284657e-009             -2.6005753074168e-008
   7.46651603511e-009             -2.5840853013692e-008
   7.47725922365e-009             -2.5803273426476e-008
   7.48800241219e-009             -2.5774374234366e-008
   7.49874560073e-009             -2.5963780489696e-008
   7.50948878927e-009             -2.5962933523547e-008
   7.52023197780e-009             -2.5830690660423e-008
   7.53097516634e-009             -2.5972619516507e-008
   7.54171835488e-009             -2.5849877343423e-008
   7.55246154342e-009             -2.5821269363767e-008
   7.56320473196e-009             -2.5760930391230e-008
   7.57394792050e-009             -2.6091180356340e-008
   7.58469110904e-009             -2.6025442633627e-008
   7.59543429758e-009             -2.5985190187474e-008
   7.60617748612e-009             -2.6066277349626e-008
   7.61692067466e-009             -2.5811186403883e-008
   7.62766386320e-009             -2.5817776054831e-008
   7.63840705174e-009             -2.5988842283180e-008
   7.64915024028e-009             -2.5999295693839e-008
   7.65989342882e-009             -2.6014909829583e-008
   7.67063661736e-009             -2.5896163686830e-008
   7.68137980590e-009             -2.5779481927150e-008
   7.69212299444e-009             -2.5811186403883e-008
   7.70286618298e-009             -2.5762756439083e-008
   7.71360937152e-009             -2.5857340321605e-008
   7.72435256006e-009             -2.5838285909225e-008
   7.73509574860e-009             -2.5813038812821e-008
   7.74583893714e-009             -2.5978230085751e-008
   7.75658212568e-009             -2.5874780505202e-008
   7.76732531422e-009             -2.5836671680442e-008
   7.77806850276e-009             -2.5835136689978e-008
   7.78881169130e-009             -2.5959837181535e-008
   7.79955487984e-009             -2.6018535409140e-008
   7.81029806838e-009             -2.6032164555195e-008
   7.82104125692e-009             -2.5972328459117e-008
   7.83178444546e-009             -2.5857710927445e-008
   7.84252763400e-009             -2.6088666284172e-008
   7.85327082254e-009             -2.6080912093535e-008
   7.86401401108e-009             -2.5951183302579e-008
   7.87475719962e-009             -2.5878035633984e-008
   7.88550038816e-009             -2.6086707810634e-008
   7.89624357670e-009             -2.5806925522182e-008
   7.90698676523e-009             -2.5896587169905e-008
   7.91772995377e-009             -2.5784774767790e-008
   7.92847314231e-009             -2.5873642481664e-008
   7.93921633085e-009             -2.5899683511917e-008
   7.94995951939e-009             -2.5733566034518e-008
   7.96070270793e-009             -2.6079747708912e-008
   7.97144589647e-009             -2.5850194916963e-008
   7.98218908501e-009             -2.5768578517267e-008
   7.99293227355e-009             -2.5758363286762e-008
   8.00367546209e-009             -2.5923528043542e-008
   8.01441865063e-009             -2.5979632650530e-008
   8.02516183917e-009             -2.5950971638574e-008
   8.03590502771e-009             -2.5830611267038e-008
   8.04664821625e-009             -2.5913762657197e-008
   8.05739140479e-009             -2.6072311246879e-008
   8.06813459333e-009             -2.5919558374296e-008
   8.07887778187e-009             -2.6085146459086e-008
   8.08962097041e-009             -2.5964150940470e-008
   8.10036415895e-009             -2.5751508939509e-008
   8.11110734749e-009             -2.5771092744499e-008
   8.12185053603e-009             -2.5664467428554e-008
   8.13259372457e-009             -2.5789485493650e-008
   8.14333691311e-009             -2.5989821519949e-008
   8.15408010165e-009             -2.5905002868706e-008
   8.16482329019e-009             -2.5745369287786e-008
   8.17556647873e-009             -2.5874965653057e-008
   8.18630966727e-009             -2.5972037401727e-008
   8.19705285581e-009             -2.5757092992603e-008
   8.20779604435e-009             -2.5892511591124e-008
   8.21853923289e-009             -2.6027321558715e-008
   8.22928242143e-009             -2.5927418319403e-008
   8.24002560997e-009             -2.5979606134380e-008
   8.25076879851e-009             -2.5956026299059e-008
   8.26151198705e-009             -2.5907543457024e-008
   8.27225517559e-009             -2.5933055249733e-008
   8.28299836413e-009             -2.5918605653677e-008
   8.29374155266e-009             -2.5935886895440e-008
   8.30448474120e-009             -2.5978282962986e-008
   8.31522792974e-009             -2.5830796569958e-008
   8.32597111828e-009             -2.5794540154135e-008
   8.33671430682e-009             -2.5817405448991e-008
   8.34745749536e-009             -2.5770669261424e-008
   8.35820068390e-009             -2.5898016250833e-008
   8.36894387244e-009             -2.5776279675604e-008
   8.37968706098e-009             -2.5766593682644e-008
   8.39043024952e-009             -2.5971984369427e-008
   8.40117343806e-009             -2.5821957388082e-008
   8.41191662660e-009             -2.5539184667153e-008
   8.42265981514e-009             -2.5746983516569e-008
   8.43340300368e-009             -2.5977991905596e-008
   8.44414619222e-009             -2.5975027834204e-008
   8.45488938076e-009             -2.5795784087209e-008
   8.46563256930e-009             -2.5889706461567e-008
   8.47637575784e-009             -2.5827805982416e-008
   8.48711894638e-009             -2.5954941307820e-008
   8.49786213492e-009             -2.5882852114314e-008
   8.50860532346e-009             -2.5963595186776e-008
   8.51934851200e-009             -2.5955761757819e-008
   8.53009170054e-009             -2.5942741242693e-008
   8.54083488908e-009             -2.5756616632294e-008
   8.55157807762e-009             -2.5802479492627e-008
   8.56232126616e-009             -2.5902859247313e-008
   8.57306445470e-009             -2.5928688613562e-008
   8.58380764324e-009             -2.5837703794446e-008
   8.59455083178e-009             -2.5683098357859e-008
   8.60529402032e-009             -2.6077789390439e-008
   8.61603720886e-009             -2.5812006698817e-008
   8.62678039740e-009             -2.5748200933493e-008
   8.63752358594e-009             -2.5932234799733e-008
   8.64826677448e-009             -2.6007685031556e-008
   8.65900996302e-009             -2.6039759959063e-008
   8.66975315156e-009             -2.5912783420428e-008
   8.68049634009e-009             -2.5834713206904e-008
   8.69123952863e-009             -2.6015888911287e-008
   8.70198271717e-009             -2.5996543441517e-008
   8.71272590571e-009             -2.5715914341981e-008
   8.72346909425e-009             -2.6052648048504e-008
   8.73421228279e-009             -2.6128680550171e-008
   8.74495547133e-009             -2.5901562437005e-008
   8.75569865987e-009             -2.5852020964816e-008
   8.76644184841e-009             -2.5943191086852e-008
   8.77718503695e-009             -2.5805496441254e-008
   8.78792822549e-009             -2.5923766223697e-008
   8.79867141403e-009             -2.5841594070307e-008
   8.80941460257e-009             -2.5692122687590e-008
   8.82015779111e-009             -2.6041771154771e-008
   8.83090097965e-009             -2.5903653181163e-008
   8.84164416819e-009             -2.5712764967669e-008
   8.85238735673e-009             -2.5831669897192e-008
   8.86313054527e-009             -2.5789908976725e-008
   8.87387373381e-009             -2.5992335592116e-008
   8.88461692235e-009             -2.5874621718433e-008
   8.89536011089e-009             -2.5989689094264e-008
   8.90610329943e-009             -2.5965262447859e-008
   8.91684648797e-009             -2.6105444649475e-008
   8.92758967651e-009             -2.5743648994402e-008
   8.93833286505e-009             -2.5868323124874e-008
   8.94907605359e-009             -2.5917229449984e-008
   8.95981924213e-009             -2.5839371055529e-008
   8.97056243067e-009             -2.5893067344818e-008
   8.98130561921e-009             -2.5693789948673e-008
   8.99204880775e-009             -2.5811980337732e-008
   9.00279199629e-009             -2.5874065964738e-008
   9.01353518483e-009             -2.5925274698011e-008
   9.02427837337e-009             -2.5623659228706e-008
   9.03502156191e-009             -2.6024119462234e-008
   9.04576475045e-009             -2.5923448650157e-008
   9.05650793899e-009             -2.5842784971080e-008
   9.06725112752e-009             -2.5832569585511e-008
   9.07799431606e-009             -2.5871128409496e-008
   9.08873750460e-009             -2.5901880010544e-008
   9.09948069314e-009             -2.5935542805750e-008
   9.11022388168e-009             -2.5926915442944e-008
   9.12096707022e-009             -2.5967220766332e-008
   9.13171025876e-009             -2.6123890430926e-008
   9.14245344730e-009             -2.5780487525004e-008
   9.15319663584e-009             -2.5896693079440e-008
   9.16393982438e-009             -2.6114019135046e-008
   9.17468301292e-009             -2.5971958008343e-008
   9.18542620146e-009             -2.5926730140024e-008
   9.19616939000e-009             -2.5882931507699e-008
   9.20691257854e-009             -2.5842043914466e-008
   9.21765576708e-009             -2.5837783187830e-008
   9.22839895562e-009             -2.5738991300842e-008
   9.23914214416e-009             -2.5560012095086e-008
   9.24988533270e-009             -2.5989821519949e-008
   9.26062852124e-009             -2.5786336274403e-008
   9.27137170978e-009             -2.5832913675200e-008
   9.28211489832e-009             -2.5862077563616e-008
   9.29285808686e-009             -2.5966797438323e-008
   9.30360127540e-009             -2.5998475398905e-008
   9.31434446394e-009             -2.6009563956644e-008
   9.32508765248e-009             -2.5772548186512e-008
   9.33583084102e-009             -2.5889362371877e-008
   9.34657402956e-009             -2.6081997239839e-008
   9.35731721810e-009             -2.5944911225170e-008
   9.36806040664e-009             -2.6022531594536e-008
   9.37880359518e-009             -2.6085067065701e-008
   9.38954678372e-009             -2.5995987687823e-008
   9.40028997226e-009             -2.5910110561491e-008
   9.41103316080e-009             -2.5850300826498e-008
   9.42177634934e-009             -2.5822036781467e-008
   9.43251953788e-009             -2.5994796787049e-008
   9.44326272642e-009             -2.5952850563662e-008
   9.45400591495e-009             -2.5677143853991e-008
   9.46474910349e-009             -2.6028830033029e-008
   9.47549229203e-009             -2.5809810200189e-008
   9.48623548057e-009             -2.5869275845493e-008
   9.49697866911e-009             -2.5936971886678e-008
   9.50772185765e-009             -2.6034466963358e-008
   9.51846504619e-009             -2.5901880010544e-008
   9.52920823473e-009             -2.6054527128658e-008
   9.53995142327e-009             -2.5844716773403e-008
   9.55069461181e-009             -2.5904447115012e-008
   9.56143780035e-009             -2.6016259517127e-008
   9.57218098889e-009             -2.5914318410892e-008
   9.58292417743e-009             -2.6021896447456e-008
   9.59366736597e-009             -2.6068262184248e-008
   9.60441055451e-009             -2.5809968986959e-008
   9.61515374305e-009             -2.5744813534091e-008
   9.62589693159e-009             -2.5883381351858e-008
   9.63664012013e-009             -2.5822619051311e-008
   9.64738330867e-009             -2.5903864845167e-008
   9.65812649721e-009             -2.5819999069609e-008
   9.66886968575e-009             -2.5746374885639e-008
   9.67961287429e-009             -2.6083135108313e-008
   9.69035606283e-009             -2.5888886011568e-008
   9.70109925137e-009             -2.5868296608724e-008
   9.71184243991e-009             -2.5907675727643e-008
   9.72258562845e-009             -2.5988260013336e-008
   9.73332881699e-009             -2.5919478980911e-008
   9.74407200553e-009             -2.5922204717084e-008
   9.75481519407e-009             -2.5856281846516e-008
   9.76555838261e-009             -2.6150646001644e-008
   9.77630157115e-009             -2.6041586006916e-008
   9.78704475969e-009             -2.5979791437299e-008
   9.79778794823e-009             -2.6017106328211e-008
   9.80853113677e-009             -2.6130956442184e-008
   9.81927432531e-009             -2.6090412938641e-008
   9.83001751385e-009             -2.5889918125572e-008
   9.84076070238e-009             -2.5829023399339e-008
   9.85150389092e-009             -2.5771754252663e-008
   9.86224707946e-009             -2.5839926809223e-008
   9.87299026800e-009             -2.5947001969328e-008
   9.88373345654e-009             -2.5587085239343e-008
   9.89447664508e-009             -2.6064821752547e-008
   9.90521983362e-009             -2.5843261331390e-008
   9.91596302216e-009             -2.5852365054505e-008
   9.92670621070e-009             -2.5861759990076e-008
   9.93744939924e-009             -2.5980426584379e-008
   9.94819258778e-009             -2.5970396501729e-008
   9.95893577632e-009             -2.5943535176542e-008
   9.96967896486e-009             -2.5966532742018e-008
   9.98042215340e-009             -2.5910348741646e-008
   9.99116534194e-009             -2.5975927677588e-008
   1.00019085305e-008             -2.5869619935183e-008
   1.00126517190e-008             -2.6112484299648e-008
   1.00233949076e-008             -2.6053918342663e-008
   1.00341380961e-008             -2.5811609731892e-008
   1.00448812846e-008             -2.5943032300082e-008
   1.00556244732e-008             -2.5872663244894e-008
   1.00663676617e-008             -2.5738012064073e-008
   1.00771108503e-008             -2.5855778970057e-008
   1.00878540388e-008             -2.5792264262122e-008
   1.00985972273e-008             -2.5845510707252e-008
   1.01093404159e-008             -2.5993473615655e-008
   1.01200836044e-008             -2.5778158755757e-008
   1.01308267930e-008             -2.5787818232567e-008
   1.01415699815e-008             -2.5902859247313e-008
   1.01523131700e-008             -2.6058681945758e-008
   1.01630563586e-008             -2.5905611499636e-008
   1.01737995471e-008             -2.5893543705128e-008
   1.01845427357e-008             -2.5922337142769e-008
   1.01952859242e-008             -2.5921119725845e-008
   1.02060291127e-008             -2.6074084262432e-008
   1.02167723013e-008             -2.5996808137822e-008
   1.02275154898e-008             -2.6001386437997e-008
   1.02382586784e-008             -2.6027877312410e-008
   1.02490018669e-008             -2.5946578486253e-008
   1.02597450554e-008             -2.5944381987626e-008
   1.02704882440e-008             -2.5862156957000e-008
   1.02812314325e-008             -2.5825688877173e-008
   1.02919746211e-008             -2.5858716525299e-008
   1.03027178096e-008             -2.5927259532633e-008
   1.03134609981e-008             -2.5913259780738e-008
   1.03242041867e-008             -2.5980902944688e-008
   1.03349473752e-008             -2.5941920792693e-008
   1.03456905638e-008             -2.5848845229419e-008
   1.03564337523e-008             -2.5852788537580e-008
   1.03671769408e-008             -2.6057676347904e-008
   1.03779201294e-008             -2.5902118190699e-008
   1.03886633179e-008             -2.5957905379212e-008
   1.03994065065e-008             -2.5968491060491e-008
   1.04101496950e-008             -2.5886583603405e-008
   1.04208928835e-008             -2.5928979670952e-008
   1.04316360721e-008             -2.6027109894711e-008
   1.04423792606e-008             -2.5949013320101e-008
   1.04531224491e-008             -2.5917996867683e-008
   1.04638656377e-008             -2.5950204220875e-008
   1.04746088262e-008             -2.5777655879297e-008
   1.04853520148e-008             -2.5919346555226e-008
   1.04960952033e-008             -2.5790067763495e-008
   1.05068383918e-008             -2.6016259517127e-008
   1.05175815804e-008             -2.5905664531936e-008
   1.05283247689e-008             -2.5915112344741e-008
   1.05390679575e-008             -2.5933557971127e-008
   1.05498111460e-008             -2.5811239281118e-008
   1.05605543345e-008             -2.5659412613004e-008
   1.05712975231e-008             -2.5955047217355e-008
   1.05820407116e-008             -2.6196667648746e-008
   1.05927839002e-008             -2.5991118175193e-008
   1.06035270887e-008             -2.5945281831010e-008
   1.06142702772e-008             -2.5867767371180e-008
   1.06250134658e-008             -2.6002127494611e-008
   1.06357566543e-008             -2.5941973669928e-008
   1.06464998429e-008             -2.6051113213106e-008
   1.06572430314e-008             -2.5878009117834e-008
   1.06679862199e-008             -2.6098934391912e-008
   1.06787294085e-008             -2.5849427499263e-008
   1.06894725970e-008             -2.5749947587961e-008
   1.07002157856e-008             -2.6018667679759e-008
   1.07109589741e-008             -2.5803987966940e-008
   1.07217021626e-008             -2.6052409868350e-008
   1.07324453512e-008             -2.5896216719130e-008
