# Atom Manipulation               
# 
# Sample                          Ag(111)
# Data set                        -
# Creation Comment                
# Gap voltage                     -1.000e-004 V
# Gap voltage range in Volt       -1;1
# Feedback loop enabled           No
# Regulator setpoint              1.000e-009 A
# Pre-amplifier range             0;3.33e-007
# Loop gain                       7.000e+000 %
# Z-axis offset                   -8.000e-010 m
# Parameter mode                  V before Z
# Raster time                     1.000e-002 seconds
# Channel name and data unit      I(r) [A]
# Manipulation vector: start      -3.060e+000, -1.044e+001 [nm]
#                      end        7.200e-001, -1.056e+001 [nm]
# 
# 
#             Position                             I(r)
# --------------------             --------------------
   0.000000000000e+000             -2.166773775373e-008
   1.890952141118e-011             -2.184787886306e-008
   3.781904282237e-011             -2.164925956365e-008
   5.672856423355e-011             -2.177877327916e-008
   7.563808564473e-011             -2.191318627983e-008
   9.454760705592e-011             -2.193051962350e-008
   1.134571284671e-010             -2.177763866706e-008
   1.323666498783e-010             -2.200787436617e-008
   1.512761712895e-010             -2.206635658795e-008
   1.701856927006e-010             -2.195492409558e-008
   1.890952141118e-010             -2.182961326738e-008
   2.080047355230e-010             -2.203289615283e-008
   2.269142569342e-010             -2.188617454139e-008
   2.458237783454e-010             -2.168150614834e-008
   2.647332997566e-010             -2.155360076912e-008
   2.836428211677e-010             -2.196216688117e-008
   3.025523425789e-010             -2.188169532789e-008
   3.214618639901e-010             -2.187386856673e-008
   3.403713854013e-010             -2.188381832561e-008
   3.592809068125e-010             -2.207195258106e-008
   3.781904282237e-010             -2.186532990122e-008
   3.970999496348e-010             -2.201024593342e-008
   4.160094710460e-010             -2.210512102839e-008
   4.349189924572e-010             -2.216894571167e-008
   4.538285138684e-010             -2.171404208470e-008
   4.727380352796e-010             -2.187989222968e-008
   4.916475566908e-010             -2.201720944657e-008
   5.105570781019e-010             -2.218524182419e-008
   5.294665995131e-010             -2.198325993580e-008
   5.483761209243e-010             -2.237739676534e-008
   5.672856423355e-010             -2.238401215711e-008
   5.861951637467e-010             -2.243457287289e-008
   6.051046851579e-010             -2.230141729597e-008
   6.240142065690e-010             -2.284812789778e-008
   6.429237279802e-010             -2.335625579556e-008
   6.618332493914e-010             -2.335187380794e-008
   6.807427708026e-010             -2.310250166695e-008
   6.996522922138e-010             -2.285905084588e-008
   7.185618136250e-010             -2.271550512491e-008
   7.374713350361e-010             -2.280269177689e-008
   7.563808564473e-010             -2.274060366884e-008
   7.752903778585e-010             -2.291660345175e-008
   7.941998992697e-010             -2.272097815131e-008
   8.131094206809e-010             -2.276624261502e-008
   8.320189420921e-010             -2.271171719208e-008
   8.509284635032e-010             -2.293379847726e-008
   8.698379849144e-010             -2.276926468080e-008
   8.887475063256e-010             -2.286726930174e-008
   9.076570277368e-010             -2.280280187319e-008
   9.265665491480e-010             -2.284227325590e-008
   9.454760705592e-010             -2.262741940486e-008
   9.643855919703e-010             -2.322746173766e-008
   9.832951133815e-010             -2.316597807378e-008
   1.002204634793e-009             -2.294412209834e-008
   1.021114156204e-009             -2.299545379832e-008
   1.040023677615e-009             -2.341319108685e-008
   1.058933199026e-009             -2.316192637504e-008
   1.077842720437e-009             -2.314873172169e-008
   1.096752241849e-009             -2.293639287320e-008
   1.115661763260e-009             -2.318146738203e-008
   1.134571284671e-009             -2.289451162214e-008
   1.153480806082e-009             -2.288032579200e-008
   1.172390327493e-009             -2.285792662315e-008
   1.191299848905e-009             -2.308336538014e-008
   1.210209370316e-009             -2.345009102328e-008
   1.229118891727e-009             -2.360009086821e-008
   1.248028413138e-009             -2.357544806091e-008
   1.266937934549e-009             -2.369546790926e-008
   1.285847455960e-009             -2.351631797671e-008
   1.304756977372e-009             -2.355000124052e-008
   1.323666498783e-009             -2.345589961079e-008
   1.342576020194e-009             -2.327511575618e-008
   1.361485541605e-009             -2.276640388283e-008
   1.380395063016e-009             -2.303890756563e-008
   1.399304584428e-009             -2.298917412272e-008
   1.418214105839e-009             -2.292991068244e-008
   1.437123627250e-009             -2.283571430787e-008
   1.456033148661e-009             -2.304084122874e-008
   1.474942670072e-009             -2.294000139559e-008
   1.493852191483e-009             -2.294359208547e-008
   1.512761712895e-009             -2.288997844594e-008
   1.531671234306e-009             -2.305143125184e-008
   1.550580755717e-009             -2.301449549536e-008
   1.569490277128e-009             -2.327403758781e-008
   1.588399798539e-009             -2.326745041790e-008
   1.607309319951e-009             -2.329300748965e-008
   1.626218841362e-009             -2.312519794073e-008
   1.645128362773e-009             -2.319588115803e-008
   1.664037884184e-009             -2.297606646095e-008
   1.682947405595e-009             -2.295576485912e-008
   1.701856927006e-009             -2.274395354246e-008
   1.720766448418e-009             -2.284275225232e-008
   1.739675969829e-009             -2.298400579944e-008
   1.758585491240e-009             -2.302436834189e-008
   1.777495012651e-009             -2.285759617919e-008
   1.796404534062e-009             -2.296570950085e-008
   1.815314055474e-009             -2.301268991611e-008
   1.834223576885e-009             -2.280821349377e-008
   1.853133098296e-009             -2.264154367411e-008
   1.872042619707e-009             -2.277689916110e-008
   1.890952141118e-009             -2.275853633953e-008
   1.909861662530e-009             -2.258539208237e-008
   1.928771183941e-009             -2.261734156213e-008
   1.947680705352e-009             -2.293667462668e-008
   1.966590226763e-009             -2.287066786584e-008
   1.985499748174e-009             -2.283699747244e-008
   2.004409269585e-009             -2.287498333049e-008
   2.023318790997e-009             -2.294689326862e-008
   2.042228312408e-009             -2.326394951077e-008
   2.061137833819e-009             -2.328695312379e-008
   2.080047355230e-009             -2.325639426879e-008
   2.098956876641e-009             -2.329135294391e-008
   2.117866398053e-009             -2.314611173999e-008
   2.136775919464e-009             -2.321892322722e-008
   2.155685440875e-009             -2.319709516352e-008
   2.174594962286e-009             -2.308817767371e-008
   2.193504483697e-009             -2.296112778924e-008
   2.212414005108e-009             -2.309088464699e-008
   2.231323526520e-009             -2.329624214982e-008
   2.250233047931e-009             -2.320231202221e-008
   2.269142569342e-009             -2.322181457303e-008
   2.288052090753e-009             -2.341812371102e-008
   2.306961612164e-009             -2.345791514832e-008
   2.325871133576e-009             -2.341147777140e-008
   2.344780654987e-009             -2.338189985889e-008
   2.363690176398e-009             -2.340094403697e-008
   2.382599697809e-009             -2.330881189040e-008
   2.401509219220e-009             -2.324898509823e-008
   2.420418740631e-009             -2.311481275877e-008
   2.439328262043e-009             -2.308526570423e-008
   2.458237783454e-009             -2.299668051916e-008
   2.477147304865e-009             -2.298689730031e-008
   2.496056826276e-009             -2.310399478981e-008
   2.514966347687e-009             -2.317306967080e-008
   2.533875869099e-009             -2.305783404922e-008
   2.552785390510e-009             -2.311135790600e-008
   2.571694911921e-009             -2.337906480175e-008
   2.590604433332e-009             -2.337164276078e-008
   2.609513954743e-009             -2.333887376142e-008
   2.628423476154e-009             -2.342713361969e-008
   2.647332997566e-009             -2.340839166369e-008
   2.666242518977e-009             -2.335664252818e-008
   2.685152040388e-009             -2.303605203988e-008
   2.704061561799e-009             -2.308928406395e-008
   2.722971083210e-009             -2.309230349362e-008
   2.741880604622e-009             -2.299433469274e-008
   2.760790126033e-009             -2.305101893346e-008
   2.779699647444e-009             -2.340564096202e-008
   2.798609168855e-009             -2.343932438090e-008
   2.817518690266e-009             -2.338114438121e-008
   2.836428211677e-009             -2.341228193956e-008
   2.855337733089e-009             -2.344384980384e-008
   2.874247254500e-009             -2.333574159934e-008
   2.893156775911e-009             -2.325383832902e-008
   2.912066297322e-009             -2.326430290437e-008
   2.930975818733e-009             -2.323474809657e-008
   2.949885340145e-009             -2.324749461148e-008
   2.968794861556e-009             -2.336136519406e-008
   2.987704382967e-009             -2.342106901952e-008
   3.006613904378e-009             -2.341343190312e-008
   3.025523425789e-009             -2.343254772132e-008
   3.044432947201e-009             -2.353507280311e-008
   3.063342468612e-009             -2.354266882724e-008
   3.082251990023e-009             -2.347633953077e-008
   3.101161511434e-009             -2.343865837585e-008
   3.120071032845e-009             -2.344073035712e-008
   3.138980554256e-009             -2.338521127634e-008
   3.157890075668e-009             -2.308787545163e-008
   3.176799597079e-009             -2.302811781854e-008
   3.195709118490e-009             -2.320712679682e-008
   3.214618639901e-009             -2.310925274078e-008
   3.233528161312e-009             -2.304608894540e-008
   3.252437682724e-009             -2.311182155096e-008
   3.271347204135e-009             -2.324216998248e-008
   3.290256725546e-009             -2.308701747585e-008
   3.309166246957e-009             -2.332408100606e-008
   3.328075768368e-009             -2.348225821458e-008
   3.346985289779e-009             -2.347188078587e-008
   3.365894811191e-009             -2.332550233373e-008
   3.384804332602e-009             -2.343922699995e-008
   3.403713854013e-009             -2.346562654096e-008
   3.422623375424e-009             -2.312250368280e-008
   3.441532896835e-009             -2.299848609840e-008
   3.460442418247e-009             -2.309311277892e-008
   3.479351939658e-009             -2.306720494968e-008
   3.498261461069e-009             -2.300506551505e-008
   3.517170982480e-009             -2.309710555288e-008
   3.536080503891e-009             -2.354317092838e-008
   3.554990025302e-009             -2.345639132255e-008
   3.573899546714e-009             -2.335556684086e-008
   3.592809068125e-009             -2.335619438974e-008
   3.611718589536e-009             -2.335984896649e-008
   3.630628110947e-009             -2.334862627735e-008
   3.649537632358e-009             -2.318615670890e-008
   3.668447153770e-009             -2.322383786382e-008
   3.687356675181e-009             -2.332657042286e-008
   3.706266196592e-009             -2.314241358991e-008
   3.725175718003e-009             -2.315339034564e-008
   3.744085239414e-009             -2.318756532122e-008
   3.762994760825e-009             -2.327477771403e-008
