# Atom Manipulation               
# 
# Sample                          Ag(111)
# Data set                        -
# Creation Comment                
# Gap voltage                     -1.000e-004 V
# Gap voltage range in Volt       -1;1
# Feedback loop enabled           No
# Regulator setpoint              9.901e-012 A
# Pre-amplifier range             0;3.29703e-009
# Loop gain                       7.000e+000 %
# Z-axis offset                   -6.000e-010 m
# Parameter mode                  V before Z
# Raster time                     1.000e-002 seconds
# Channel name and data unit      I(r) [A]
# Manipulation vector: start      2.613e-001, 5.789e+000 [nm]
#                      end        -5.830e-001, 3.337e+000 [nm]
# 
# 
#             Position                             I(r)
# --------------------             --------------------
   0.000000000000e+000             -1.218573615057e-009
   2.593754964971e-012             -1.211678282995e-009
   5.187509929942e-012             -1.172629922764e-009
   7.781264894913e-012             -1.280462014475e-009
   1.037501985988e-011             -1.296391278027e-009
   1.296877482485e-011             -1.253586351130e-009
   1.556252978983e-011             -1.240719881770e-009
   1.815628475480e-011             -1.342913088716e-009
   2.075003971977e-011             -1.308154102265e-009
   2.334379468474e-011             -1.285223004491e-009
   2.593754964971e-011             -1.304247191439e-009
   2.853130461468e-011             -1.379122228075e-009
   3.112505957965e-011             -1.317939673187e-009
   3.371881454462e-011             -1.325382999541e-009
   3.631256950959e-011             -1.374191546060e-009
   3.890632447456e-011             -1.416771656046e-009
   4.150007943953e-011             -1.310887075837e-009
   4.409383440451e-011             -1.362280003543e-009
   4.668758936948e-011             -1.409368927604e-009
   4.928134433445e-011             -1.412654358584e-009
   5.187509929942e-011             -1.321984449263e-009
   5.446885426439e-011             -1.410752112303e-009
   5.706260922936e-011             -1.446675398936e-009
   5.965636419433e-011             -1.408546085609e-009
   6.225011915930e-011             -1.354682606858e-009
   6.484387412427e-011             -1.459430628203e-009
   6.743762908924e-011             -1.452397022502e-009
   7.003138405421e-011             -1.389786375418e-009
   7.262513901919e-011             -1.392350849919e-009
   7.521889398416e-011             -1.520917470153e-009
   7.781264894913e-011             -1.447045310821e-009
   8.040640391410e-011             -1.412144703779e-009
   8.300015887907e-011             -1.434419987813e-009
   8.559391384404e-011             -1.525814401689e-009
   8.818766880901e-011             -1.436478788539e-009
   9.078142377398e-011             -1.436385093843e-009
   9.337517873895e-011             -1.500947485249e-009
   9.596893370392e-011             -1.526292713363e-009
   9.856268866889e-011             -1.428630887853e-009
   1.011564436339e-010             -1.466148686959e-009
   1.037501985988e-010             -1.518894320606e-009
   1.063439535638e-010             -1.518880981928e-009
   1.089377085288e-010             -1.436046778413e-009
   1.115314634937e-010             -1.534111606109e-009
   1.141252184587e-010             -1.551030029068e-009
   1.167189734237e-010             -1.501040596531e-009
   1.193127283887e-010             -1.448702910267e-009
   1.219064833536e-010             -1.564028128828e-009
   1.245002383186e-010             -1.545151851056e-009
   1.270939932836e-010             -1.498371701736e-009
   1.296877482485e-010             -1.504026152898e-009
   1.322815032135e-010             -1.626088093311e-009
   1.348752581785e-010             -1.557055101423e-009
   1.374690131435e-010             -1.493209152716e-009
   1.400627681084e-010             -1.549432398403e-009
   1.426565230734e-010             -1.635222441036e-009
   1.452502780384e-010             -1.544032888255e-009
   1.478440330033e-010             -1.546301063855e-009
   1.504377879683e-010             -1.591210156495e-009
   1.530315429333e-010             -1.629284165279e-009
   1.556252978983e-010             -1.523570922910e-009
   1.582190528632e-010             -1.593386513534e-009
   1.608128078282e-010             -1.646433263851e-009
   1.634065627932e-010             -1.617385580686e-009
   1.660003177581e-010             -1.536682901942e-009
   1.685940727231e-010             -1.632717023350e-009
   1.711878276881e-010             -1.652073719227e-009
   1.737815826531e-010             -1.602827911860e-009
   1.763753376180e-010             -1.556207714601e-009
   1.789690925830e-010             -1.676811819469e-009
   1.815628475480e-010             -1.659323620929e-009
   1.841566025129e-010             -1.614671193445e-009
   1.867503574779e-010             -1.625664122011e-009
   1.893441124429e-010             -1.722020432067e-009
   1.919378674078e-010             -1.640014672853e-009
   1.945316223728e-010             -1.618232205999e-009
   1.971253773378e-010             -1.678149614586e-009
   1.997191323028e-010             -1.746393491929e-009
   2.023128872677e-010             -1.639646993293e-009
   2.049066422327e-010             -1.636134843167e-009
   2.075003971977e-010             -1.713375935323e-009
   2.100941521626e-010             -1.720006081320e-009
   2.126879071276e-010             -1.638594998702e-009
   2.152816620926e-010             -1.702130727951e-009
   2.178754170576e-010             -1.773240348458e-009
   2.204691720225e-010             -1.713681768431e-009
   2.230629269875e-010             -1.639468098712e-009
   2.256566819525e-010             -1.745682602406e-009
   2.282504369174e-010             -1.769338788149e-009
   2.308441918824e-010             -1.699783691716e-009
   2.334379468474e-010             -1.679308059138e-009
   2.360317018124e-010             -1.788146981548e-009
   2.386254567773e-010             -1.771894717174e-009
   2.412192117423e-010             -1.681882118510e-009
   2.438129667073e-010             -1.731326117632e-009
   2.464067216722e-010             -1.790995913187e-009
   2.490004766372e-010             -1.734983436426e-009
   2.515942316022e-010             -1.705834679919e-009
   2.541879865671e-010             -1.782703147317e-009
   2.567817415321e-010             -1.821412379945e-009
   2.593754964971e-010             -1.725445453972e-009
   2.619692514621e-010             -1.717097458788e-009
   2.645630064270e-010             -1.815275659108e-009
   2.671567613920e-010             -1.786124390851e-009
   2.697505163570e-010             -1.722076141929e-009
   2.723442713219e-010             -1.753194139027e-009
   2.749380262869e-010             -1.811762824238e-009
   2.775317812519e-010             -1.740542749711e-009
   2.801255362169e-010             -1.729096686840e-009
   2.827192911818e-010             -1.425325653051e-009
   2.853130461468e-010             -1.321820058651e-009
   2.879068011118e-010             -1.237613624797e-009
   2.905005560767e-010             -1.239745378328e-009
   2.930943110417e-010             -1.302866111636e-009
   2.956880660067e-010             -1.266070180976e-009
   2.982818209717e-010             -1.197774094254e-009
   3.008755759366e-010             -1.255800085025e-009
   3.034693309016e-010             -1.299970116939e-009
   3.060630858666e-010             -1.248896308819e-009
   3.086568408315e-010             -1.200568026875e-009
   3.112505957965e-010             -1.278201090093e-009
   3.138443507615e-010             -1.274601001107e-009
   3.164381057264e-010             -1.212109608377e-009
   3.190318606914e-010             -1.203384856946e-009
   3.216256156564e-010             -1.286177704111e-009
   3.242193706214e-010             -1.240459868127e-009
   3.268131255863e-010             -1.196085381972e-009
   3.294068805513e-010             -1.230253824852e-009
   3.320006355163e-010             -1.283227622364e-009
   3.345943904812e-010             -1.206431396927e-009
   3.371881454462e-010             -1.188115411194e-009
   3.397819004112e-010             -1.240779317802e-009
   3.423756553762e-010             -1.252205068667e-009
   3.449694103411e-010             -1.175376411573e-009
   3.475631653061e-010             -1.199661279251e-009
   3.501569202711e-010             -1.246178195406e-009
   3.527506752360e-010             -1.230413853679e-009
   3.553444302010e-010             -1.155967354322e-009
   3.579381851660e-010             -1.237825433119e-009
   3.605319401310e-010             -1.245338263997e-009
   3.631256950959e-010             -1.194972150443e-009
   3.657194500609e-010             -1.149605816573e-009
   3.683132050259e-010             -1.229074664510e-009
   3.709069599908e-010             -1.217922669750e-009
   3.735007149558e-010             -1.151648617947e-009
   3.760944699208e-010             -1.175494423871e-009
   3.786882248858e-010             -1.254573050988e-009
   3.812819798507e-010             -1.190665685713e-009
   3.838757348157e-010             -1.138603404464e-009
   3.864694897807e-010             -1.175991272746e-009
   3.890632447456e-010             -1.243940245239e-009
   3.916569997106e-010             -1.148043281309e-009
   3.942507546756e-010             -1.131983858173e-009
   3.968445096405e-010             -1.186579322991e-009
   3.994382646055e-010             -1.205151797321e-009
   4.020320195705e-010             -1.123510571839e-009
   4.046257745355e-010             -1.141944063221e-009
   4.072195295004e-010             -1.205694998410e-009
   4.098132844654e-010             -1.179439370196e-009
   4.124070394304e-010             -1.098765802257e-009
   4.150007943953e-010             -1.170060529165e-009
   4.175945493603e-010             -1.177730015818e-009
   4.201883043253e-010             -1.125173574003e-009
   4.227820592903e-010             -1.098055826237e-009
   4.253758142552e-010             -1.178615389009e-009
   4.279695692202e-010             -1.156099135181e-009
   4.305633241852e-010             -1.089694441711e-009
   4.331570791501e-010             -1.099300510072e-009
   4.357508341151e-010             -1.201036451224e-009
   4.383445890801e-010             -1.114799410875e-009
   4.409383440451e-010             -1.085291342188e-009
   4.435320990100e-010             -1.147323820211e-009
   4.461258539750e-010             -1.206218269782e-009
   4.487196089400e-010             -1.112789067258e-009
   4.513133639049e-010             -1.092983549731e-009
   4.539071188699e-010             -1.176292745604e-009
   4.565008738349e-010             -1.173438996197e-009
   4.590946287998e-010             -1.071276140578e-009
   4.616883837648e-010             -1.129623635253e-009
   4.642821387298e-010             -1.248422612253e-009
   4.668758936948e-010             -1.177389240839e-009
   4.694696486597e-010             -1.086493882064e-009
   4.720634036247e-010             -1.189378150146e-009
   4.746571585897e-010             -1.245698512710e-009
   4.772509135546e-010             -1.136288925780e-009
   4.798446685196e-010             -1.091428545109e-009
   4.824384234846e-010             -1.235375040551e-009
   4.850321784496e-010             -1.231041267457e-009
   4.876259334145e-010             -1.120434085850e-009
   4.902196883795e-010             -1.170201540243e-009
   4.928134433445e-010             -1.242996323419e-009
   4.954071983094e-010             -1.194984650848e-009
   4.980009532744e-010             -1.134230759133e-009
   5.005947082394e-010             -1.190071922620e-009
   5.031884632044e-010             -1.279576515390e-009
   5.057822181693e-010             -1.154770418288e-009
   5.083759731343e-010             -1.161602813835e-009
   5.109697280993e-010             -1.258244265773e-009
   5.135634830642e-010             -1.216088609171e-009
   5.161572380292e-010             -1.170015115019e-009
   5.187509929942e-010             -1.202115804844e-009
   5.213447479592e-010             -1.296377179376e-009
   5.239385029241e-010             -1.222388909982e-009
   5.265322578891e-010             -1.154366731359e-009
   5.291260128541e-010             -1.236767429367e-009
   5.317197678190e-010             -1.257037516107e-009
   5.343135227840e-010             -1.188533196774e-009
   5.369072777490e-010             -1.199834772651e-009
   5.395010327139e-010             -1.263785269082e-009
   5.420947876789e-010             -1.245994558286e-009
   5.446885426439e-010             -1.182032878736e-009
   5.472822976089e-010             -1.235662463888e-009
   5.498760525738e-010             -1.279553820599e-009
   5.524698075388e-010             -1.231249323509e-009
   5.550635625038e-010             -1.187709062057e-009
   5.576573174687e-010             -1.294740220490e-009
   5.602510724337e-010             -1.285142723703e-009
   5.628448273987e-010             -1.243709849051e-009
   5.654385823637e-010             -1.243954597215e-009
   5.680323373286e-010             -1.343981234654e-009
   5.706260922936e-010             -1.306239354044e-009
   5.732198472586e-010             -1.256639661780e-009
   5.758136022235e-010             -1.294855469250e-009
   5.784073571885e-010             -1.373895425254e-009
   5.810011121535e-010             -3.100745060674e-009
   5.835948671185e-010             -3.270564289957e-009
   5.861886220834e-010             -3.287818112813e-009
   5.887823770484e-010             -3.297029623135e-009
   5.913761320134e-010             -3.281623400660e-009
   5.939698869783e-010             -3.295636928794e-009
   5.965636419433e-010             -3.297029623135e-009
   5.991573969083e-010             -3.297029623135e-009
   6.017511518732e-010             -3.292906896855e-009
   6.043449068382e-010             -3.297029623135e-009
   6.069386618032e-010             -3.297029623135e-009
   6.095324167682e-010             -3.297029623135e-009
   6.121261717331e-010             -3.297023004461e-009
   6.147199266981e-010             -3.297029623135e-009
   6.173136816631e-010             -3.297029623135e-009
   6.199074366280e-010             -3.297029623135e-009
   6.225011915930e-010             -3.297029623135e-009
   6.250949465580e-010             -3.297029623135e-009
   6.276887015230e-010             -3.297029623135e-009
   6.302824564879e-010             -3.297029623135e-009
   6.328762114529e-010             -3.297029623135e-009
   6.354699664179e-010             -3.297029623135e-009
   6.380637213828e-010             -3.297029623135e-009
   6.406574763478e-010             -3.297029623135e-009
   6.432512313128e-010             -3.297029623135e-009
   6.458449862778e-010             -3.297029623135e-009
   6.484387412427e-010             -3.297029623135e-009
   6.510324962077e-010             -3.297029623135e-009
   6.536262511727e-010             -3.297029623135e-009
   6.562200061376e-010             -3.297029623135e-009
   6.588137611026e-010             -3.297029623135e-009
   6.614075160676e-010             -3.297029623135e-009
   6.640012710326e-010             -3.297029623135e-009
   6.665950259975e-010             -3.297029623135e-009
   6.691887809625e-010             -3.297029623135e-009
   6.717825359275e-010             -3.297029623135e-009
   6.743762908924e-010             -3.297029623135e-009
   6.769700458574e-010             -3.297029623135e-009
   6.795638008224e-010             -3.297029623135e-009
   6.821575557873e-010             -3.297029623135e-009
   6.847513107523e-010             -3.297029623135e-009
   6.873450657173e-010             -3.297029623135e-009
   6.899388206823e-010             -3.297029623135e-009
   6.925325756472e-010             -3.297029623135e-009
   6.951263306122e-010             -3.297029623135e-009
   6.977200855772e-010             -3.297029623135e-009
   7.003138405421e-010             -3.297029623135e-009
   7.029075955071e-010             -3.297029623135e-009
   7.055013504721e-010             -3.297029623135e-009
   7.080951054371e-010             -3.297029623135e-009
   7.106888604020e-010             -3.297029623135e-009
   7.132826153670e-010             -3.297029623135e-009
   7.158763703320e-010             -3.297029623135e-009
   7.184701252969e-010             -3.297029623135e-009
   7.210638802619e-010             -3.297029623135e-009
   7.236576352269e-010             -3.297029623135e-009
   7.262513901919e-010             -3.297029623135e-009
   7.288451451568e-010             -3.297029623135e-009
   7.314389001218e-010             -3.297029623135e-009
   7.340326550868e-010             -3.297029623135e-009
   7.366264100517e-010             -3.297029623135e-009
   7.392201650167e-010             -3.297029623135e-009
   7.418139199817e-010             -3.297029623135e-009
   7.444076749467e-010             -3.297029623135e-009
   7.470014299116e-010             -3.297029623135e-009
   7.495951848766e-010             -3.297029623135e-009
   7.521889398416e-010             -3.297029623135e-009
   7.547826948065e-010             -3.297029623135e-009
   7.573764497715e-010             -3.297029623135e-009
   7.599702047365e-010             -3.297029623135e-009
   7.625639597014e-010             -3.297029623135e-009
   7.651577146664e-010             -3.297029623135e-009
   7.677514696314e-010             -3.297029623135e-009
   7.703452245964e-010             -3.297029623135e-009
   7.729389795613e-010             -3.297029623135e-009
   7.755327345263e-010             -3.297029623135e-009
   7.781264894913e-010             -3.297029623135e-009
   7.807202444562e-010             -3.297029623135e-009
   7.833139994212e-010             -3.297029623135e-009
   7.859077543862e-010             -3.297029623135e-009
   7.885015093512e-010             -3.297029623135e-009
   7.910952643161e-010             -3.297029623135e-009
   7.936890192811e-010             -3.297029623135e-009
   7.962827742461e-010             -3.297029623135e-009
   7.988765292110e-010             -3.297029623135e-009
   8.014702841760e-010             -3.297029623135e-009
   8.040640391410e-010             -3.297029623135e-009
   8.066577941060e-010             -3.297029623135e-009
   8.092515490709e-010             -3.297029623135e-009
   8.118453040359e-010             -3.297029623135e-009
   8.144390590009e-010             -3.297029623135e-009
   8.170328139658e-010             -3.297029623135e-009
   8.196265689308e-010             -3.297029623135e-009
   8.222203238958e-010             -3.297029623135e-009
   8.248140788607e-010             -3.297029623135e-009
   8.274078338257e-010             -3.297029623135e-009
   8.300015887907e-010             -3.297029623135e-009
   8.325953437557e-010             -3.297029623135e-009
   8.351890987206e-010             -3.297029623135e-009
   8.377828536856e-010             -3.297029623135e-009
   8.403766086506e-010             -3.297029623135e-009
   8.429703636155e-010             -3.297029623135e-009
   8.455641185805e-010             -3.297029623135e-009
   8.481578735455e-010             -3.297029623135e-009
   8.507516285105e-010             -3.297029623135e-009
   8.533453834754e-010             -3.297029623135e-009
   8.559391384404e-010             -3.297029623135e-009
   8.585328934054e-010             -3.297029623135e-009
   8.611266483703e-010             -3.297029623135e-009
   8.637204033353e-010             -3.297029623135e-009
   8.663141583003e-010             -3.297029623135e-009
   8.689079132653e-010             -3.297029623135e-009
   8.715016682302e-010             -3.297029623135e-009
   8.740954231952e-010             -3.297029623135e-009
   8.766891781602e-010             -3.297029623135e-009
   8.792829331251e-010             -3.297029623135e-009
   8.818766880901e-010             -3.297029623135e-009
   8.844704430551e-010             -3.297029623135e-009
   8.870641980201e-010             -3.297029623135e-009
   8.896579529850e-010             -3.297029623135e-009
   8.922517079500e-010             -3.297029623135e-009
   8.948454629150e-010             -3.297029623135e-009
   8.974392178799e-010             -3.296919242809e-009
   9.000329728449e-010             -3.297029623135e-009
   9.026267278099e-010             -3.295033935483e-009
   9.052204827748e-010             -3.269258597943e-009
   9.078142377398e-010             -3.297029623135e-009
   9.104079927048e-010             -3.294228235102e-009
   9.130017476698e-010             -3.253130405692e-009
   9.155955026347e-010             -3.175124237167e-009
   9.181892575997e-010             -3.280218839993e-009
   9.207830125647e-010             -3.224293846107e-009
   9.233767675296e-010             -3.114405007900e-009
   9.259705224946e-010             -3.124099141016e-009
   9.285642774596e-010             -3.193002734828e-009
   9.311580324246e-010             -3.073849872931e-009
   9.337517873895e-010             -3.016109429362e-009
   9.363455423545e-010             -3.058655231555e-009
   9.389392973195e-010             -3.080379528998e-009
   9.415330522844e-010             -2.909721229609e-009
   9.441268072494e-010             -2.916855704457e-009
   9.467205622144e-010             -2.952454395093e-009
   9.493143171794e-010             -2.938687997907e-009
   9.519080721443e-010             -2.791593583617e-009
   9.545018271093e-010             -2.839169036273e-009
   9.570955820743e-010             -2.888907407496e-009
   9.596893370392e-010             -2.815236077563e-009
   9.622830920042e-010             -2.725095930859e-009
   9.648768469692e-010             -2.781896966387e-009
   9.674706019342e-010             -2.732311245344e-009
   9.700643568991e-010             -2.672890432308e-009
   9.726581118641e-010             -2.607766987355e-009
   9.752518668291e-010             -2.684608525608e-009
   9.778456217940e-010             -2.608051317064e-009
   9.804393767590e-010             -2.547864285397e-009
   9.830331317240e-010             -2.556808302099e-009
   9.856268866889e-010             -2.595102310026e-009
   9.882206416539e-010             -2.485088765618e-009
   9.908143966189e-010             -2.465526550003e-009
   9.934081515839e-010             -2.472643352025e-009
   9.960019065488e-010             -2.471865164203e-009
   9.985956615138e-010             -2.345854955078e-009
   1.001189416479e-009             -2.363471234407e-009
   1.003783171444e-009             -2.403554624175e-009
   1.006376926409e-009             -2.331574771597e-009
   1.008970681374e-009             -2.240512485896e-009
   1.011564436339e-009             -2.291714043181e-009
   1.014158191304e-009             -2.274712345601e-009
   1.016751946269e-009             -2.223946679678e-009
   1.019345701234e-009             -2.128012541551e-009
   1.021939456199e-009             -2.197934987454e-009
   1.024533211164e-009             -2.164788388963e-009
   1.027126966128e-009             -2.086528470816e-009
   1.029720721093e-009             -2.070398301099e-009
   1.032314476058e-009             -2.128903745807e-009
   1.034908231023e-009             -2.040835205758e-009
   1.037501985988e-009             -1.988051943466e-009
   1.040095740953e-009             -1.976713598712e-009
   1.042689495918e-009             -2.004918232275e-009
   1.045283250883e-009             -1.918027257392e-009
   1.047877005848e-009             -1.884099606211e-009
   1.050470760813e-009             -1.912971310327e-009
   1.053064515778e-009             -1.902721170193e-009
   1.055658270743e-009             -1.801472695704e-009
   1.058252025708e-009             -1.818257842423e-009
   1.060845780673e-009             -1.808681670940e-009
   1.063439535638e-009             -1.776033164916e-009
   1.066033290603e-009             -1.697324271589e-009
   1.068627045568e-009             -1.727031978284e-009
   1.071220800533e-009             -1.714544064542e-009
   1.073814555498e-009             -1.646221226768e-009
   1.076408310463e-009             -1.623973912813e-009
   1.079002065428e-009             -1.677507240854e-009
   1.081595820393e-009             -1.625591193770e-009
   1.084189575358e-009             -1.568223172299e-009
   1.086783330323e-009             -1.542333144850e-009
   1.089377085288e-009             -1.581429784095e-009
   1.091970840253e-009             -1.507903496935e-009
   1.094564595218e-009             -1.461141477962e-009
   1.097158350183e-009             -1.502941118671e-009
   1.099752105148e-009             -1.508810447219e-009
   1.102345860113e-009             -1.416930037497e-009
   1.104939615078e-009             -1.402948306941e-009
   1.107533370043e-009             -1.437453012556e-009
   1.110127125008e-009             -1.413462314319e-009
   1.112720879973e-009             -1.339430784803e-009
   1.115314634937e-009             -1.349416144192e-009
   1.117908389902e-009             -1.388460270068e-009
   1.120502144867e-009             -1.330954507707e-009
   1.123095899832e-009             -1.260469156686e-009
   1.125689654797e-009             -1.301020944703e-009
   1.128283409762e-009             -1.302455706238e-009
   1.130877164727e-009             -1.238847404938e-009
   1.133470919692e-009             -1.220061930893e-009
   1.136064674657e-009             -1.268424419300e-009
   1.138658429622e-009             -1.246623086691e-009
   1.141252184587e-009             -1.166921435216e-009
   1.143845939552e-009             -1.186981336444e-009
   1.146439694517e-009             -1.223016449655e-009
   1.149033449482e-009             -1.169700025593e-009
   1.151627204447e-009             -1.122606791948e-009
   1.154220959412e-009             -1.172625359855e-009
   1.156814714377e-009             -1.162275996413e-009
   1.159408469342e-009             -1.095263034344e-009
   1.162002224307e-009             -1.093906527002e-009
   1.164595979272e-009             -1.137355221683e-009
   1.167189734237e-009             -1.104312080854e-009
   1.169783489202e-009             -1.041769034523e-009
   1.172377244167e-009             -1.072689196054e-009
   1.174970999132e-009             -1.116820126972e-009
   1.177564754097e-009             -1.041498092621e-009
   1.180158509062e-009             -1.014419623947e-009
   1.182752264027e-009             -1.050017123190e-009
   1.185346018992e-009             -1.057967872025e-009
   1.187939773957e-009             -9.857137305940e-010
   1.190533528922e-009             -9.888752660098e-010
   1.193127283887e-009             -1.025000878959e-009
   1.195721038852e-009             -9.924871691219e-010
   1.198314793817e-009             -9.297368543473e-010
   1.200908548782e-009             -9.733377447593e-010
   1.203502303747e-009             -1.010213474122e-009
   1.206096058711e-009             -9.534264359153e-010
   1.208689813676e-009             -9.192851248405e-010
   1.211283568641e-009             -9.719029064593e-010
   1.213877323606e-009             -9.614938536605e-010
   1.216471078571e-009             -9.125565677100e-010
   1.219064833536e-009             -8.999237125251e-010
   1.221658588501e-009             -9.714658759058e-010
   1.224252343466e-009             -9.256978586723e-010
   1.226846098431e-009             -8.844001885961e-010
   1.229439853396e-009             -9.131208668790e-010
   1.232033608361e-009             -9.395351037686e-010
   1.234627363326e-009             -8.846605062280e-010
   1.237221118291e-009             -8.750169612164e-010
   1.239814873256e-009             -9.153960910365e-010
   1.242408628221e-009             -9.314179346574e-010
   1.245002383186e-009             -8.614948040106e-010
   1.247596138151e-009             -8.864032303306e-010
   1.250189893116e-009             -9.314251628453e-010
   1.252783648081e-009             -9.029536451761e-010
   1.255377403046e-009             -8.530851911348e-010
   1.257971158011e-009             -8.989893249121e-010
   1.260564912976e-009             -9.141134991323e-010
   1.263158667941e-009             -8.751916460079e-010
   1.265752422906e-009             -8.435699280359e-010
   1.268346177871e-009             -9.209839808432e-010
   1.270939932836e-009             -9.188311553325e-010
   1.273533687801e-009             -8.681677787094e-010
   1.276127442766e-009             -8.655433599928e-010
   1.278721197731e-009             -9.142955641065e-010
   1.281314952696e-009             -8.720095974615e-010
   1.283908707661e-009             -8.470932351806e-010
   1.286502462626e-009             -8.741677489246e-010
   1.289096217591e-009             -9.218225949655e-010
   1.291689972556e-009             -8.548286506456e-010
   1.294283727520e-009             -8.637201017780e-010
   1.296877482485e-009             -8.981003284158e-010
   1.299471237450e-009             -9.050064613061e-010
   1.302064992415e-009             -8.404809646714e-010
   1.304658747380e-009             -8.747965306540e-010
   1.307252502345e-009             -9.099244141567e-010
   1.309846257310e-009             -8.855740997505e-010
   1.312440012275e-009             -8.399161081888e-010
   1.315033767240e-009             -8.901972506172e-010
   1.317627522205e-009             -9.084847089587e-010
   1.320221277170e-009             -8.575342390881e-010
   1.322815032135e-009             -8.428295484885e-010
   1.325408787100e-009             -9.132134454122e-010
   1.328002542065e-009             -8.940361768658e-010
   1.330596297030e-009             -8.509555670635e-010
   1.333190051995e-009             -8.597282704902e-010
   1.335783806960e-009             -9.168963253999e-010
   1.338377561925e-009             -8.659291698991e-010
   1.340971316890e-009             -8.332769607343e-010
   1.343565071855e-009             -8.760044717120e-010
   1.346158826820e-009             -9.174524076483e-010
   1.348752581785e-009             -8.608526590382e-010
   1.351346336750e-009             -8.469676154764e-010
   1.353940091715e-009             -8.936512052328e-010
   1.356533846680e-009             -8.943539546003e-010
   1.359127601645e-009             -8.414348782178e-010
   1.361721356610e-009             -8.722716131341e-010
   1.364315111575e-009             -9.049705046021e-010
   1.366908866540e-009             -8.829370792993e-010
   1.369502621505e-009             -8.380501993663e-010
   1.372096376470e-009             -8.835057648177e-010
   1.374690131435e-009             -9.006567395253e-010
   1.377283886400e-009             -8.587178364443e-010
   1.379877641365e-009             -8.548357759685e-010
   1.382471396330e-009             -8.958710496179e-010
   1.385065151294e-009             -8.729307477260e-010
   1.387658906259e-009             -8.402883015278e-010
   1.390252661224e-009             -8.703245867858e-010
   1.392846416189e-009             -9.122847629706e-010
   1.395440171154e-009             -8.642552149119e-010
   1.398033926119e-009             -8.370924322192e-010
   1.400627681084e-009             -8.824103842101e-010
   1.403221436049e-009             -9.027164276539e-010
   1.405815191014e-009             -8.479014949053e-010
   1.408408945979e-009             -8.605968045207e-010
   1.411002700944e-009             -8.981191941707e-010
   1.413596455909e-009             -8.754014016359e-010
   1.416190210874e-009             -8.298221187158e-010
   1.418783965839e-009             -8.619572944284e-010
   1.421377720804e-009             -9.024598638282e-010
   1.423971475769e-009             -8.567604637156e-010
   1.426565230734e-009             -8.379846513083e-010
   1.429158985699e-009             -8.814802816168e-010
   1.431752740664e-009             -8.987861633936e-010
   1.434346495629e-009             -8.535516364829e-010
   1.436940250594e-009             -8.534635717289e-010
   1.439534005559e-009             -8.822540830895e-010
   1.442127760524e-009             -8.609656002428e-010
   1.444721515489e-009             -8.332700380708e-010
   1.447315270454e-009             -8.717961663275e-010
   1.449909025419e-009             -8.846835802376e-010
   1.452502780384e-009             -8.473529678636e-010
   1.455096535349e-009             -8.327888093280e-010
   1.457690290314e-009             -8.797708781097e-010
   1.460284045279e-009             -8.579354403675e-010
   1.462877800244e-009             -8.387840876693e-010
   1.465471555209e-009             -8.519124713724e-010
   1.468065310174e-009             -9.066506222797e-010
   1.470659065139e-009             -8.561834599469e-010
   1.473252820103e-009             -8.311632346847e-010
   1.475846575068e-009             -8.626813936646e-010
   1.478440330033e-009             -8.773547426693e-010
   1.481034084998e-009             -8.249622585109e-010
   1.483627839963e-009             -8.389064602160e-010
   1.486221594928e-009             -8.816769779910e-010
   1.488815349893e-009             -8.887146153869e-010
   1.491409104858e-009             -8.172207325557e-010
   1.494002859823e-009             -8.521066314326e-010
   1.496596614788e-009             -8.712581867903e-010
   1.499190369753e-009             -8.533581611662e-010
   1.501784124718e-009             -8.199133369740e-010
   1.504377879683e-009             -8.810012084339e-010
   1.506971634648e-009             -8.885401071547e-010
   1.509565389613e-009             -8.446808274464e-010
   1.512159144578e-009             -8.242074763230e-010
   1.514752899543e-009             -8.770511403511e-010
   1.517346654508e-009             -8.536598873490e-010
   1.519940409473e-009             -8.287909166795e-010
   1.522534164438e-009             -8.361556618221e-010
   1.525127919403e-009             -8.912220351034e-010
   1.527721674368e-009             -8.416382930606e-010
   1.530315429333e-009             -8.365418770474e-010
   1.532909184298e-009             -8.492523999411e-010
   1.535502939263e-009             -8.677535181762e-010
   1.538096694228e-009             -8.185817030121e-010
   1.540690449193e-009             -8.378726481713e-010
   1.543284204158e-009             -8.651237489424e-010
   1.545877959123e-009             -8.573177127913e-010
   1.548471714088e-009             -8.096127361655e-010
   1.551065469053e-009             -8.668063507338e-010
   1.553659224018e-009             -8.732083083016e-010
   1.556252978983e-009             -8.377996953660e-010
   1.558846733948e-009             -8.116489695303e-010
   1.561440488912e-009             -8.653447122535e-010
   1.564034243877e-009             -8.649709467683e-010
   1.566627998842e-009             -8.321968456053e-010
   1.569221753807e-009             -8.228874829985e-010
   1.571815508772e-009             -8.859455837813e-010
   1.574409263737e-009             -8.415896332923e-010
   1.577003018702e-009             -8.118423189525e-010
   1.579596773667e-009             -8.446902603238e-010
   1.582190528632e-009             -8.805870492304e-010
   1.584784283597e-009             -8.255086806576e-010
   1.587378038562e-009             -8.179755393083e-010
   1.589971793527e-009             -8.509009472642e-010
   1.592565548492e-009             -8.732599864679e-010
   1.595159303457e-009             -8.082291968129e-010
   1.597753058422e-009             -8.269778774153e-010
   1.600346813387e-009             -8.553020954222e-010
   1.602940568352e-009             -8.389360531054e-010
   1.605534323317e-009             -7.973697747824e-010
   1.608128078282e-009             -8.539936383348e-010
   1.610721833247e-009             -8.595048982949e-010
   1.613315588212e-009             -8.362116250081e-010
   1.615909343177e-009             -7.968450832585e-010
   1.618503098142e-009             -8.613442587261e-010
   1.621096853107e-009             -8.501553446293e-010
   1.623690608072e-009             -8.164185817859e-010
   1.626284363037e-009             -8.328921902254e-010
   1.628878118002e-009             -8.783244268076e-010
   1.631471872967e-009             -8.294953901878e-010
   1.634065627932e-009             -8.083123179039e-010
   1.636659382897e-009             -8.209739522697e-010
   1.639253137862e-009             -8.739354505005e-010
   1.641846892827e-009             -8.002371914222e-010
   1.644440647792e-009             -8.016458590144e-010
   1.647034402757e-009             -8.523224975508e-010
   1.649628157722e-009             -8.590527035926e-010
   1.652221912686e-009             -7.994098371831e-010
   1.654815667651e-009             -8.159664638485e-010
   1.657409422616e-009             -8.486083527331e-010
   1.660003177581e-009             -8.491942059656e-010
   1.662596932546e-009             -8.007082779794e-010
   1.665190687511e-009             -8.399073093899e-010
   1.667784442476e-009             -8.536577056890e-010
   1.670378197441e-009             -8.093262508964e-010
   1.672971952406e-009             -7.965398074643e-010
   1.675565707371e-009             -8.481378250247e-010
   1.678159462336e-009             -8.367387760811e-010
   1.680753217301e-009             -8.106062312569e-010
   1.683346972266e-009             -8.162289355050e-010
   1.685940727231e-009             -8.616337117283e-010
   1.688534482196e-009             -8.212458061387e-010
   1.691128237161e-009             -7.967935570868e-010
   1.693721992126e-009             -8.395794907996e-010
   1.696315747091e-009             -8.488042875990e-010
   1.698909502056e-009             -7.986721950739e-010
   1.701503257021e-009             -8.060456376857e-010
   1.704097011986e-009             -8.619116008579e-010
   1.706690766951e-009             -8.399958055630e-010
   1.709284521916e-009             -7.893135140554e-010
   1.711878276881e-009             -8.142944602265e-010
   1.714472031846e-009             -8.621963865508e-010
   1.717065786811e-009             -8.280441978822e-010
   1.719659541776e-009             -7.819499603048e-010
   1.722253296741e-009             -8.376837879635e-010
   1.724847051706e-009             -8.516481988102e-010
   1.727440806671e-009             -8.050163378849e-010
   1.730034561636e-009             -8.005467522360e-010
   1.732628316601e-009             -8.523435695304e-010
   1.735222071566e-009             -8.563055807046e-010
   1.737815826531e-009             -7.941323694931e-010
   1.740409581495e-009             -8.087609123300e-010
   1.743003336460e-009             -8.448698903136e-010
   1.745597091425e-009             -8.224211896449e-010
   1.748190846390e-009             -8.000427519376e-010
   1.750784601355e-009             -8.392340500468e-010
   1.753378356320e-009             -8.424733053714e-010
   1.755972111285e-009             -8.088719758639e-010
   1.758565866250e-009             -8.059010508969e-010
   1.761159621215e-009             -8.433843902153e-010
   1.763753376180e-009             -8.225082150014e-010
   1.766347131145e-009             -7.974086209192e-010
   1.768940886110e-009             -8.392361549418e-010
   1.771534641075e-009             -8.733956731281e-010
   1.774128396040e-009             -8.071770256621e-010
   1.776722151005e-009             -8.031543594279e-010
   1.779315905970e-009             -8.477651496018e-010
   1.781909660935e-009             -8.550803214732e-010
   1.784503415900e-009             -8.027094666079e-010
   1.787097170865e-009             -8.097771528769e-010
   1.789690925830e-009             -8.568957189568e-010
   1.792284680795e-009             -8.384988690219e-010
   1.794878435760e-009             -7.842869311199e-010
   1.797472190725e-009             -8.301485923841e-010
   1.800065945690e-009             -8.536204055984e-010
   1.802659700655e-009             -8.182071023242e-010
   1.805253455620e-009             -7.957968424733e-010
   1.807847210585e-009             -8.490153098487e-010
   1.810440965550e-009             -8.526447614291e-010
   1.813034720515e-009             -8.133890559891e-010
   1.815628475480e-009             -7.986042135669e-010
   1.818222230445e-009             -8.597456899933e-010
   1.820815985410e-009             -8.286489168695e-010
   1.823409740375e-009             -8.092935904795e-010
   1.826003495340e-009             -8.309394571705e-010
   1.828597250305e-009             -8.562120886684e-010
   1.831191005269e-009             -8.048331321836e-010
   1.833784760234e-009             -7.991361563082e-010
   1.836378515199e-009             -8.383593026610e-010
   1.838972270164e-009             -8.562468033154e-010
   1.841566025129e-009             -7.919994491347e-010
   1.844159780094e-009             -8.232429139423e-010
   1.846753535059e-009             -8.493803271999e-010
   1.849347290024e-009             -8.297526648570e-010
   1.851941044989e-009             -7.910532704250e-010
   1.854534799954e-009             -8.448065484804e-010
   1.857128554919e-009             -8.461246917695e-010
   1.859722309884e-009             -8.113389020677e-010
   1.862316064849e-009             -7.808005694117e-010
   1.864909819814e-009             -8.642257740172e-010
   1.867503574779e-009             -8.511839090219e-010
   1.870097329744e-009             -7.975223742970e-010
   1.872691084709e-009             -8.074140128894e-010
   1.875284839674e-009             -8.663022506409e-010
   1.877878594639e-009             -8.339063765422e-010
   1.880472349604e-009             -8.076505702331e-010
   1.883066104569e-009             -8.207807302773e-010
   1.885659859534e-009             -8.723432471176e-010
   1.888253614499e-009             -7.983474209816e-010
   1.890847369464e-009             -8.045439586059e-010
   1.893441124429e-009             -8.515343195378e-010
   1.896034879394e-009             -8.555305387103e-010
   1.898628634359e-009             -7.950888178182e-010
   1.901222389324e-009             -8.088714185503e-010
   1.903816144289e-009             -8.450277896806e-010
   1.906409899254e-009             -8.392929809658e-010
   1.909003654219e-009             -7.953087923967e-010
   1.911597409184e-009             -8.486241755252e-010
   1.914191164149e-009             -8.511232293972e-010
   1.916784919114e-009             -8.169267412095e-010
   1.919378674078e-009             -7.975855134708e-010
   1.921972429043e-009             -8.601717922882e-010
   1.924566184008e-009             -8.439186405111e-010
   1.927159938973e-009             -8.024537901851e-010
   1.929753693938e-009             -8.117277288367e-010
   1.932347448903e-009             -8.632230748079e-010
   1.934941203868e-009             -8.219877332676e-010
   1.937534958833e-009             -7.956494906108e-010
   1.940128713798e-009             -8.342069604625e-010
   1.942722468763e-009             -8.602327006724e-010
   1.945316223728e-009             -8.026626323102e-010
   1.947909978693e-009             -8.122734416753e-010
   1.950503733658e-009             -8.632640519398e-010
   1.953097488623e-009             -8.476474919585e-010
   1.955691243588e-009             -7.823170564510e-010
   1.958284998553e-009             -8.135358751028e-010
   1.960878753518e-009             -8.546845198406e-010
   1.963472508483e-009             -8.348695448713e-010
   1.966066263448e-009             -7.953595570601e-010
   1.968660018413e-009             -8.519510657202e-010
   1.971253773378e-009             -8.605253486319e-010
   1.973847528343e-009             -8.090998357384e-010
   1.976441283308e-009             -8.075348148253e-010
   1.979035038273e-009             -8.626114085924e-010
   1.981628793238e-009             -8.482506633643e-010
   1.984222548203e-009             -7.945544907574e-010
   1.986816303168e-009             -8.282850663456e-010
   1.989410058133e-009             -8.745134430018e-010
   1.992003813098e-009             -8.252621331230e-010
   1.994597568063e-009             -8.019889676480e-010
   1.997191323028e-009             -8.439671482849e-010
   1.999785077993e-009             -8.621466612849e-010
   2.002378832958e-009             -8.111698456825e-010
   2.004972587923e-009             -8.060958450355e-010
   2.007566342887e-009             -8.661837808244e-010
   2.010160097852e-009             -8.422417684557e-010
   2.012753852817e-009             -8.001695123691e-010
   2.015347607782e-009             -8.373377637970e-010
   2.017941362747e-009             -8.802622997030e-010
   2.020535117712e-009             -8.241273229650e-010
   2.023128872677e-009             -8.035506416092e-010
   2.025722627642e-009             -8.466649773259e-010
   2.028316382607e-009             -8.597244921192e-010
   2.030910137572e-009             -8.073054841343e-010
   2.033503892537e-009             -8.216298412393e-010
   2.036097647502e-009             -8.799563913655e-010
   2.038691402467e-009             -8.494376337725e-010
   2.041285157432e-009             -7.872354146206e-010
   2.043878912397e-009             -8.442897437878e-010
   2.046472667362e-009             -8.704350162412e-010
   2.049066422327e-009             -8.261418502718e-010
   2.051660177292e-009             -7.880174821433e-010
   2.054253932257e-009             -8.592723987466e-010
   2.056847687222e-009             -8.617519266852e-010
   2.059441442187e-009             -8.074982240428e-010
   2.062035197152e-009             -8.075880912379e-010
   2.064628952117e-009             -8.784653119904e-010
   2.067222707082e-009             -8.362904595442e-010
   2.069816462047e-009             -8.108718978707e-010
   2.072410217012e-009             -8.368802185775e-010
   2.075003971977e-009             -8.755172077086e-010
   2.077597726942e-009             -8.062632279448e-010
   2.080191481907e-009             -8.031150296720e-010
   2.082785236872e-009             -8.613965448709e-010
   2.085378991837e-009             -8.769517650489e-010
   2.087972746802e-009             -7.981826250513e-010
   2.090566501767e-009             -8.324478301542e-010
   2.093160256732e-009             -8.659956821249e-010
   2.095754011697e-009             -8.494638536098e-010
   2.098347766661e-009             -7.909874429425e-010
   2.100941521626e-009             -8.510381308409e-010
   2.103535276591e-009             -8.672579881226e-010
   2.106129031556e-009             -8.291025562883e-010
   2.108722786521e-009             -7.955883795671e-010
   2.111316541486e-009             -8.745412088853e-010
   2.113910296451e-009             -8.591646053997e-010
   2.116504051416e-009             -7.964726611600e-010
   2.119097806381e-009             -7.968685641223e-010
   2.121691561346e-009             -8.701350157345e-010
   2.124285316311e-009             -8.320137151336e-010
   2.126879071276e-009             -8.218822720399e-010
   2.129472826241e-009             -8.320029127694e-010
   2.132066581206e-009             -8.924067240572e-010
   2.134660336171e-009             -8.143546593026e-010
   2.137254091136e-009             -8.210701571793e-010
   2.139847846101e-009             -8.654824516085e-010
   2.142441601066e-009             -8.609983865542e-010
   2.145035356031e-009             -8.048921137675e-010
   2.147629110996e-009             -8.296260303200e-010
   2.150222865961e-009             -8.500905058795e-010
   2.152816620926e-009             -8.541739024032e-010
   2.155410375891e-009             -7.919221345447e-010
   2.158004130856e-009             -8.540477760502e-010
   2.160597885821e-009             -8.546708787085e-010
   2.163191640786e-009             -8.177777022069e-010
   2.165785395751e-009             -8.170602723099e-010
   2.168379150716e-009             -8.890785411404e-010
   2.170972905681e-009             -8.572221158601e-010
   2.173566660646e-009             -8.144260138616e-010
   2.176160415611e-009             -8.147451088826e-010
   2.178754170576e-009             -8.939637322445e-010
   2.181347925541e-009             -8.355584734767e-010
   2.183941680506e-009             -8.001234395796e-010
   2.186535435470e-009             -8.437019883198e-010
   2.189129190435e-009             -8.928464690194e-010
   2.191722945400e-009             -8.174329722975e-010
   2.194316700365e-009             -8.175951812490e-010
   2.196910455330e-009             -8.561008470398e-010
   2.199504210295e-009             -8.773412274317e-010
   2.202097965260e-009             -7.928186140886e-010
   2.204691720225e-009             -8.314892017044e-010
   2.207285475190e-009             -8.791492201679e-010
   2.209879230155e-009             -8.650777513826e-010
   2.212472985120e-009             -8.061593895282e-010
   2.215066740085e-009             -8.542725929620e-010
   2.217660495050e-009             -8.606165331136e-010
   2.220254250015e-009             -8.270745383087e-010
   2.222848004980e-009             -8.084380389379e-010
   2.225441759945e-009             -8.745132910072e-010
   2.228035514910e-009             -8.530275544728e-010
   2.230629269875e-009             -8.147791633511e-010
   2.233223024840e-009             -8.370711069153e-010
   2.235816779805e-009             -8.980708368562e-010
   2.238410534770e-009             -8.354096277683e-010
   2.241004289735e-009             -8.262581645285e-010
   2.243598044700e-009             -8.645222510125e-010
   2.246191799665e-009             -8.894841287692e-010
   2.248785554630e-009             -8.203834839283e-010
   2.251379309595e-009             -8.273172076779e-010
   2.253973064560e-009             -8.778033877602e-010
   2.256566819525e-009             -8.575139270816e-010
   2.259160574490e-009             -7.977704678778e-010
   2.261754329455e-009             -8.538337860674e-010
   2.264348084420e-009             -9.029631026183e-010
   2.266941839385e-009             -8.471989236325e-010
   2.269535594350e-009             -7.985486295997e-010
   2.272129349315e-009             -8.623710989778e-010
   2.274723104280e-009             -8.732079029826e-010
   2.277316859244e-009             -8.173201324226e-010
   2.279910614209e-009             -8.118029139669e-010
   2.282504369174e-009             -8.919822691382e-010
   2.285098124139e-009             -8.783357112557e-010
   2.287691879104e-009             -8.185898431677e-010
   2.290285634069e-009             -8.475649036162e-010
   2.292879389034e-009             -8.741898096367e-010
   2.295473143999e-009             -8.302047075647e-010
   2.298066898964e-009             -8.024602061999e-010
   2.300660653929e-009             -8.593202217770e-010
   2.303254408894e-009             -8.821885089314e-010
   2.305848163859e-009             -8.094387345820e-010
   2.308441918824e-009             -8.292518088510e-010
   2.311035673789e-009             -8.816530657082e-010
   2.313629428754e-009             -8.564030031064e-010
   2.316223183719e-009             -8.139212781549e-010
   2.318816938684e-009             -8.414482921257e-010
   2.321410693649e-009             -8.806108847483e-010
   2.324004448614e-009             -8.328456092520e-010
   2.326598203579e-009             -8.157129936505e-010
   2.329191958544e-009             -8.771039592446e-010
   2.331785713509e-009             -8.848751287540e-010
   2.334379468474e-009             -8.168537377393e-010
   2.336973223439e-009             -8.322441619869e-010
   2.339566978404e-009             -8.764126969846e-010
   2.342160733369e-009             -8.581334294635e-010
   2.344754488334e-009             -8.028884133897e-010
   2.347348243299e-009             -8.451405527906e-010
   2.349941998264e-009             -8.945201200174e-010
   2.352535753229e-009             -8.465902497149e-010
   2.355129508194e-009             -8.239446500125e-010
   2.357723263159e-009             -8.897925242911e-010
   2.360317018124e-009             -8.802308322135e-010
   2.362910773089e-009             -8.288818217367e-010
   2.365504528053e-009             -8.181699020280e-010
   2.368098283018e-009             -8.822681049758e-010
   2.370692037983e-009             -8.584493540920e-010
   2.373285792948e-009             -8.194517846239e-010
   2.375879547913e-009             -8.494094886702e-010
   2.378473302878e-009             -8.973992770891e-010
   2.381067057843e-009             -8.441459937369e-010
   2.383660812808e-009             -8.301635016732e-010
   2.386254567773e-009             -8.737142860652e-010
   2.388848322738e-009             -8.809084272412e-010
   2.391442077703e-009             -8.287743584791e-010
   2.394035832668e-009             -8.418641248051e-010
   2.396629587633e-009             -8.774528237144e-010
   2.399223342598e-009             -8.655425478196e-010
   2.401817097563e-009             -8.117806490600e-010
   2.404410852528e-009             -8.746255474685e-010
   2.407004607493e-009             -8.899331300495e-010
   2.409598362458e-009             -8.499760431935e-010
   2.412192117423e-009             -8.141320731803e-010
   2.414785872388e-009             -8.781126184848e-010
   2.417379627353e-009             -8.764637410724e-010
   2.419973382318e-009             -8.332722688603e-010
   2.422567137283e-009             -8.365816121224e-010
   2.425160892248e-009             -9.044747212242e-010
   2.427754647213e-009             -8.587526002209e-010
   2.430348402178e-009             -8.397068100800e-010
   2.432942157143e-009             -8.637222819027e-010
   2.435535912108e-009             -9.186260654784e-010
   2.438129667073e-009             -8.424813441973e-010
   2.440723422038e-009             -8.332376309783e-010
   2.443317177003e-009             -8.671978412467e-010
   2.445910931968e-009             -8.929094561986e-010
   2.448504686933e-009             -8.277790885820e-010
   2.451098441898e-009             -8.537512744901e-010
   2.453692196862e-009             -8.983817671569e-010
   2.456285951827e-009             -8.795524756774e-010
   2.458879706792e-009             -8.344980362757e-010
   2.461473461757e-009             -8.789242512615e-010
   2.464067216722e-009             -8.905795354768e-010
   2.466660971687e-009             -8.461866134512e-010
   2.469254726652e-009             -8.260837821908e-010
   2.471848481617e-009             -8.961439444197e-010
   2.474442236582e-009             -8.868081086513e-010
   2.477035991547e-009             -8.507137605323e-010
   2.479629746512e-009             -8.546822629510e-010
   2.482223501477e-009             -9.085974966335e-010
   2.484817256442e-009             -8.582814645341e-010
   2.487411011407e-009             -8.268928295239e-010
   2.490004766372e-009             -8.758329557777e-010
   2.492598521337e-009             -9.079745214051e-010
   2.495192276302e-009             -8.441525602110e-010
   2.497786031267e-009             -8.374149248571e-010
   2.500379786232e-009             -8.985548552374e-010
   2.502973541197e-009             -8.967775700177e-010
   2.505567296162e-009             -8.330424560855e-010
   2.508161051127e-009             -8.608868655012e-010
   2.510754806092e-009             -8.957653350660e-010
   2.513348561057e-009             -8.755530876476e-010
   2.515942316022e-009             -8.297525635272e-010
   2.518536070987e-009             -8.805518033700e-010
   2.521129825952e-009             -8.989310802717e-010
   2.523723580917e-009             -8.446402817335e-010
   2.526317335882e-009             -8.401981303435e-010
   2.528911090847e-009             -8.944151408737e-010
   2.531504845812e-009             -8.842147260052e-010
   2.534098600777e-009             -8.397923400552e-010
   2.536692355742e-009             -8.611521774609e-010
   2.539286110707e-009             -8.957045802116e-010
   2.541879865672e-009             -8.689322470990e-010
   2.544473620636e-009             -8.521857714932e-010
   2.547067375601e-009             -8.965418494120e-010
   2.549661130566e-009             -9.081596293420e-010
   2.552254885531e-009             -8.382083520576e-010
   2.554848640496e-009             -8.510567924010e-010
   2.557442395461e-009             -8.986008788973e-010
   2.560036150426e-009             -8.811930363748e-010
   2.562629905391e-009             -8.427341557521e-010
   2.565223660356e-009             -8.676051791164e-010
   2.567817415321e-009             -9.239279014350e-010
   2.570411170286e-009             -8.652941993792e-010
   2.573004925251e-009             -8.530218232014e-010
   2.575598680216e-009             -9.035304447500e-010
   2.578192435181e-009             -9.067412740127e-010
   2.580786190146e-009             -8.568794908457e-010
   2.583379945111e-009             -8.584038892810e-010
   2.585973700076e-009             -9.165522525985e-010
   2.588567455041e-009             -8.955480503314e-010
   2.591161210006e-009             -8.407411303087e-010
