# Atom Manipulation               
# 
# Sample                          Ag(111)
# Data set                        -
# Creation Comment                
# Gap voltage                     1.800e+000 V
# Gap voltage range in Volt       -10;10
# Feedback loop enabled           No
# Regulator setpoint              1.000e-009 A
# Pre-amplifier range             0;3.33e-007
# Loop gain                       7.000e+000 %
# Z-axis offset                   -2.000e-010 m
# Parameter mode                  V before Z
# Raster time                     1.000e-003 seconds
# Channel name and data unit      I(r) [A]
# Manipulation vector: start      -4.800e+000, -7.750e-001 [nm]
#                      end        -2.000e-001, 3.125e+000 [nm]
# 
# 
#             Position                              I(r)
# --------------------             ---------------------
   0.000000000000e+000              5.1057885840996e-010
   6.030754513326e-012              5.1534246150506e-010
   1.206150902665e-011              5.3317945696165e-010
   1.809226353998e-011              5.3990137852967e-010
   2.412301805330e-011              5.6014669168385e-010
   3.015377256663e-011              5.8274744530075e-010
   3.618452707996e-011              6.2098854068136e-010
   4.221528159328e-011              5.7607840096761e-010
   4.824603610661e-011              6.2599032393121e-010
   5.427679061993e-011              7.0300190730202e-010
   6.030754513326e-011              7.5061142210299e-010
   6.633829964658e-011              7.0670688024314e-010
   7.236905415991e-011              6.2299989145436e-010
   7.839980867324e-011              5.9047496472267e-010
   8.443056318656e-011              6.1842143621393e-010
   9.046131769989e-011              6.2027400021709e-010
   9.649207221321e-011              6.1728356774023e-010
   1.025228267265e-010              6.4496534292670e-010
   1.085535812399e-010              7.0220797345284e-010
   1.145843357532e-010              6.2030051636713e-010
   1.206150902665e-010              6.1802446928934e-010
   1.266458447798e-010              6.0489819969297e-010
   1.326765992932e-010              6.3885205228799e-010
   1.387073538065e-010              6.1789219866954e-010
   1.447381083198e-010              6.4642094000527e-010
   1.507688628331e-010              6.7592876304486e-010
   1.567996173465e-010              6.6899502240692e-010
   1.628303718598e-010              6.5070818279086e-010
   1.688611263731e-010              6.6092341329529e-010
   1.748918808864e-010              6.4594457969576e-010
   1.809226353998e-010              6.5975902867156e-010
   1.869533899131e-010              6.7526709981547e-010
   1.929841444264e-010              7.3478577741940e-010
   1.990148989398e-010              7.6606677107724e-010
   2.050456534531e-010              8.6017429329033e-010
   2.110764079664e-010              6.9715331296810e-010
   2.171071624797e-010              7.2065375490394e-010
   2.231379169931e-010              7.6027105397820e-010
   2.291686715064e-010              7.3409759803998e-010
   2.351994260197e-010              7.6434647769387e-010
   2.412301805330e-010              7.6119725844718e-010
   2.472609350464e-010              7.6926886755881e-010
   2.532916895597e-010              7.7929895020856e-010
   2.593224440730e-010              7.8750298500519e-010
   2.653531985863e-010              7.9753291258974e-010
   2.713839530997e-010              8.2312409868350e-010
   2.774147076130e-010              8.8100187628898e-010
   2.834454621263e-010              9.0725457054692e-010
   2.894762166396e-010              7.8575633053699e-010
   2.955069711530e-010              7.6619904169703e-010
   3.015377256663e-010              7.9287521902960e-010
   3.075684801796e-010              7.7419125742375e-010
   3.135992346929e-010              7.9779760889454e-010
   3.196299892063e-010              7.9250476825505e-010
   3.256607437196e-010              7.8091333405697e-010
   3.316914982329e-010              7.7307975003489e-010
   3.377222527462e-010              7.8062212160213e-010
   3.437530072596e-010              7.8448603637830e-010
   3.497837617729e-010              8.2669680100482e-010
   3.558145162862e-010              7.5653956488704e-010
   3.618452707996e-010              7.6188528276140e-010
   3.678760253129e-010              7.4105785482796e-010
   3.739067798262e-010              8.0901859231807e-010
   3.799375343395e-010              7.6138256136705e-010
   3.859682888529e-010              7.8570329823691e-010
   3.919990433662e-010              7.5611608181240e-010
   3.980297978795e-010              7.4873249701499e-010
   4.040605523928e-010              7.6090620105754e-010
   4.100913069062e-010              7.6752221309060e-010
   4.161220614195e-010              7.6506101815814e-010
   4.221528159328e-010              7.6789281893036e-010
   4.281835704461e-010              7.8673541224085e-010
   4.342143249595e-010              7.8903782040348e-010
   4.402450794728e-010              8.8100187628898e-010
   4.462758339861e-010              8.7255966133759e-010
   4.523065884994e-010              8.0827753570376e-010
   4.583373430128e-010              7.9906790305323e-010
   4.643680975261e-010              7.9938547659291e-010
   4.703988520394e-010              7.9885623904852e-010
   4.764296065527e-010              8.0478422676736e-010
   4.824603610661e-010              7.9565398750174e-010
   4.884911155794e-010              7.8705298578052e-010
   4.945218700927e-010              7.8940842624324e-010
   5.005526246060e-010              8.7811719828188e-010
   5.065833791194e-010              7.8295104591481e-010
   5.126141336327e-010              7.9340445657399e-010
   5.186448881460e-010              7.9560111026687e-010
   5.246756426593e-010              8.2050411698119e-010
   5.307063971727e-010              7.8178666129107e-010
   5.367371516860e-010              7.8541224084728e-010
   5.427679061993e-010              8.0012653320721e-010
   5.487986607127e-010              7.8713237916544e-010
   5.548294152260e-010              7.7747290235544e-010
   5.608601697393e-010              7.8001349067283e-010
   5.668909242526e-010              7.7943122082836e-010
   5.729216787660e-010              8.3926747197196e-010
   5.789524332793e-010              7.8898494316860e-010
   5.849831877926e-010              7.9012296670750e-010
   5.910139423059e-010              8.0584285692134e-010
   5.970446968193e-010              7.8438012684334e-010
   6.030754513326e-010              8.5464327249608e-010
   6.091062058459e-010              7.8644435485121e-010
   6.151369603592e-010              8.2034533021135e-010
   6.211677148726e-010              8.0158197522058e-010
   6.271984693859e-010              8.3365690272760e-010
   6.332292238992e-010              8.2010715005660e-010
   6.392599784125e-010              8.2841693932299e-010
   6.452907329259e-010              8.6739909131790e-010
   6.513214874392e-010              9.0516398145420e-010
   6.573522419525e-010              9.2006342166881e-010
   6.633829964658e-010              9.1013924855402e-010
   6.694137509792e-010              9.2038099520849e-010
   6.754445054925e-010              9.3710648327622e-010
   6.814752600058e-010              1.0129536820233e-009
   6.875060145191e-010              1.0482837383120e-009
   6.935367690325e-010              1.0634478748314e-009
   6.995675235458e-010              1.0979574811208e-009
   7.055982780591e-010              1.0897270852393e-009
   7.116290325725e-010              1.1069289336166e-009
   7.176597870858e-010              1.1191555148940e-009
   7.236905415991e-010              1.1355105521872e-009
   7.297212961124e-010              1.1595667478175e-009
   7.357520506258e-010              1.1402477941975e-009
   7.417828051391e-010              1.1946851401014e-009
   7.478135596524e-010              1.1834906728279e-009
   7.538443141657e-010              1.1752337607964e-009
   7.598750686791e-010              1.1557558653414e-009
   7.659058231924e-010              1.2041064367567e-009
   7.719365777057e-010              1.1848668765216e-009
   7.779673322190e-010              1.1797591837368e-009
   7.839980867324e-010              1.1840993037572e-009
   7.900288412457e-010              1.1940234768720e-009
   7.960595957590e-010              1.1824056815891e-009
   8.020903502723e-010              1.1602018948968e-009
   8.081211047857e-010              1.1648067112221e-009
   8.141518592990e-010              1.1638276295182e-009
   8.201826138123e-010              1.1385805331142e-009
   8.262133683256e-010              1.1461492657663e-009
   8.322441228390e-010              1.1272536401557e-009
   8.382748773523e-010              1.0956815891082e-009
   8.443056318656e-010              1.1013979128223e-009
   8.503363863789e-010              1.1057910651429e-009
   8.563671408923e-010              1.0789030687404e-009
   8.623978954056e-010              1.0732661384112e-009
   8.684286499189e-010              1.1020595760517e-009
   8.744594044323e-010              1.0484425250818e-009
   8.804901589456e-010              1.0452933058351e-009
   8.865209134589e-010              1.0236983051373e-009
   8.925516679722e-010              1.0260801066849e-009
   8.985824224856e-010              9.7278062925460e-010
   9.046131769989e-010              9.7336289909907e-010
   9.106439315122e-010              9.8090527066632e-010
   9.166746860255e-010              9.3490998464854e-010
   9.227054405389e-010              9.0910713455008e-010
   9.287361950522e-010              8.8499806168494e-010
   9.347669495655e-010              8.7899052551598e-010
   9.407977040788e-010              8.6014793220549e-010
   9.468284585922e-010              8.1105630417591e-010
   9.528592131055e-010              8.3564173735056e-010
   9.588899676188e-010              7.9769169935958e-010
   9.649207221321e-010              8.0997131293709e-010
   9.709514766455e-010              7.5137899486734e-010
   9.769822311588e-010              7.2978399416955e-010
   9.830129856721e-010              7.1676347904294e-010
   9.890437401854e-010              7.1633999596830e-010
   9.950744946988e-010              7.6183240552652e-010
   1.001105249212e-009              7.8099272744189e-010
   1.007136003725e-009              8.4897982601684e-010
   1.013166758239e-009              7.9703019119540e-010
   1.019197512752e-009              7.0387523453612e-010
   1.025228267265e-009              6.5803873528819e-010
   1.031259021779e-009              6.6240537145870e-010
   1.037289776292e-009              6.6206143683419e-010
   1.043320530805e-009              6.6036765960086e-010
   1.049351285319e-009              6.5708601466917e-010
   1.055382039832e-009              6.5007303571152e-010
   1.061412794345e-009              6.5589511389539e-010
   1.067443548859e-009              6.5163438725984e-010
   1.073474303372e-009              6.5827691544294e-010
   1.079505057885e-009              6.5017879018127e-010
   1.085535812399e-009              6.4102218983082e-010
   1.091566566912e-009              6.5721844035417e-010
   1.097597321425e-009              6.5568344989068e-010
   1.103628075939e-009              6.5608041681527e-010
   1.109658830452e-009              6.9625346958396e-010
   1.115689584965e-009              6.6595171269519e-010
   1.121720339479e-009              7.0945928763045e-010
   1.127751093992e-009              7.6162074152181e-010
   1.133781848505e-009              7.2094481229357e-010
   1.139812603019e-009              6.7346756811239e-010
   1.145843357532e-009              7.3761742312642e-010
   1.151874112045e-009              6.8659399277396e-010
   1.157904866559e-009              6.6624277008482e-010
   1.163935621072e-009              6.7150924963947e-010
   1.169966375585e-009              6.7931616244631e-010
   1.175997130099e-009              6.7590224689482e-010
   1.182027884612e-009              6.6436384499682e-010
   1.188058639125e-009              6.9958799175053e-010
   1.194089393639e-009              6.7426150196157e-010
   1.200120148152e-009              6.4430367969731e-010
   1.206150902665e-009              6.6859805548233e-010
   1.212181657178e-009              6.5671556389462e-010
   1.218212411692e-009              6.3586161981113e-010
   1.224243166205e-009              6.2749879824466e-010
   1.230273920718e-009              6.0992634402766e-010
   1.236304675232e-009              6.1746871559491e-010
   1.242335429745e-009              6.2458775915272e-010
   1.248366184258e-009              6.0828559909442e-010
   1.254396938772e-009              5.9894369582409e-010
   1.260427693285e-009              5.9163950441161e-010
   1.266458447798e-009              5.8883421978942e-010
   1.272489202312e-009              5.8086836514754e-010
   1.278519956825e-009              5.8621423808712e-010
   1.284550711338e-009              5.9574144427732e-010
   1.290581465852e-009              6.0495107692785e-010
   1.296612220365e-009              5.8843725286483e-010
   1.302642974878e-009              5.7573431127789e-010
   1.308673729392e-009              5.6885360294004e-010
   1.314704483905e-009              5.8579075501248e-010
   1.320735238418e-009              5.6848299710028e-010
   1.326765992932e-009              5.7734869512630e-010
   1.332796747445e-009              5.9616492735195e-010
   1.338827501958e-009              5.7893656282467e-010
   1.344858256472e-009              6.1384313603870e-010
   1.350889010985e-009              6.1357843973391e-010
   1.356919765498e-009              5.6702755508691e-010
   1.362950520012e-009              5.7065313464312e-010
   1.368981274525e-009              5.6274031230132e-010
   1.375012029038e-009              5.6326954984571e-010
   1.381042783552e-009              5.8293259315542e-010
   1.387073538065e-009              6.0219882460575e-010
   1.393104292578e-009              5.7282327218595e-010
   1.399135047092e-009              5.5734156212687e-010
   1.405165801605e-009              5.6914466032967e-010
   1.411196556118e-009              5.6588953154802e-010
   1.417227310632e-009              5.4617345593822e-010
   1.423258065145e-009              5.4072182852890e-010
   1.429288819658e-009              5.2447270077067e-010
   1.435319574172e-009              5.3257082603235e-010
   1.441350328685e-009              5.1113461210439e-010
   1.447381083198e-009              5.1073764517980e-010
   1.453411837712e-009              4.9001597171611e-010
   1.459442592225e-009              4.9676440943417e-010
   1.465473346738e-009              4.9210656080882e-010
   1.471504101252e-009              4.9284761742313e-010
   1.477534855765e-009              4.7847741475290e-010
   1.483565610278e-009              5.0446556777125e-010
   1.489596364791e-009              4.8657554001458e-010
   1.495627119305e-009              5.1311944672735e-010
   1.501657873818e-009              5.1131975995906e-010
   1.507688628331e-009              4.8051512661074e-010
   1.513719382845e-009              4.8445843477182e-010
   1.519750137358e-009              4.8056815891082e-010
   1.525780891871e-009              4.8631084370978e-010
   1.531811646385e-009              4.7831862798307e-010
   1.537842400898e-009              5.2952736125541e-010
   1.543873155411e-009              4.7890089782754e-010
   1.549903909925e-009              4.7636030951015e-010
   1.555934664438e-009              4.8789871140815e-010
   1.561965418951e-009              5.0094574268480e-010
   1.567996173465e-009              5.0308936407759e-010
   1.574026927978e-009              4.9467366527625e-010
   1.580057682491e-009              4.7977422506164e-010
   1.586088437005e-009              4.8019755307107e-010
   1.592119191518e-009              4.9385321527702e-010
   1.598149946031e-009              4.8922203786692e-010
   1.604180700545e-009              4.8218238769403e-010
   1.610211455058e-009              4.9014824233590e-010
   1.616242209571e-009              4.8811053047807e-010
   1.622272964085e-009              5.1010249810045e-010
   1.628303718598e-009              5.0160740591419e-010
   1.634334473111e-009              4.9229186372870e-010
   1.640365227625e-009              4.9170959388423e-010
   1.646395982138e-009              4.6945308502225e-010
   1.652426736651e-009              4.6572159593109e-010
   1.658457491165e-009              4.7397850796260e-010
   1.664488245678e-009              4.6479523639690e-010
   1.670519000191e-009              4.5532106250678e-010
   1.676549754705e-009              4.6233404146444e-010
   1.682580509218e-009              4.5783513467413e-010
   1.688611263731e-009              4.4658779016576e-010
   1.694642018245e-009              4.4097722092140e-010
   1.700672772758e-009              4.3682240382081e-010
   1.706703527271e-009              4.3245576765030e-010
   1.712734281785e-009              4.3293212795981e-010
   1.718765036298e-009              4.4137418784599e-010
   1.724795790811e-009              4.5275395803936e-010
   1.730826545325e-009              4.3706058397556e-010
   1.736857299838e-009              4.4163888415079e-010
   1.742888054351e-009              4.4378250554358e-010
   1.748918808864e-009              4.3954813999287e-010
   1.754949563378e-009              4.5248926173456e-010
   1.760980317891e-009              4.4280326877452e-010
   1.767011072404e-009              4.4878428879344e-010
   1.773041826918e-009              4.5762347066942e-010
   1.779072581431e-009              4.5547984927662e-010
   1.785103335944e-009              4.6355145838825e-010
   1.791134090458e-009              4.6331327823350e-010
   1.797164844971e-009              4.5561211989642e-010
   1.803195599484e-009              4.7871559490766e-010
   1.809226353998e-009              4.6812975856348e-010
   1.815257108511e-009              4.6823566809844e-010
   1.821287863024e-009              4.5971405976213e-010
   1.827318617538e-009              4.6273100838903e-010
   1.833349372051e-009              4.4820201894897e-010
   1.839380126564e-009              4.5727938097970e-010
   1.845410881078e-009              4.5521515297182e-010
   1.851441635591e-009              4.7617500659027e-010
   1.857472390104e-009              4.4928716525299e-010
   1.863503144618e-009              4.5177472127029e-010
   1.869533899131e-009              4.4825505124905e-010
   1.875564653644e-009              4.4396780846346e-010
   1.881595408158e-009              4.3568438028191e-010
   1.887626162671e-009              4.4116252384128e-010
   1.893656917184e-009              4.7204655057452e-010
   1.899687671698e-009              4.9361503512227e-010
   1.905718426211e-009              4.4841383801889e-010
   1.911749180724e-009              4.3682240382081e-010
   1.917779935238e-009              4.3504923320256e-010
   1.923810689751e-009              4.1980570329824e-010
   1.929841444264e-009              4.1869419590938e-010
   1.935872198778e-009              4.1004031695328e-010
   1.941902953291e-009              4.3171471103599e-010
   1.947933707804e-009              4.2176402177115e-010
   1.953964462318e-009              4.1512149358805e-010
   1.959995216831e-009              4.1991161283320e-010
   1.966025971344e-009              4.1850889298950e-010
   1.972056725858e-009              4.2348431515452e-010
   1.978087480371e-009              4.3010032718758e-010
   1.984118234884e-009              4.3092077718681e-010
   1.990148989398e-009              4.2700398517577e-010
   1.996179743911e-009              4.3150304703128e-010
   2.002210498424e-009              4.3491696258277e-010
   2.008241252937e-009              4.6064041929631e-010
   2.014272007451e-009              5.1544821597482e-010
   2.020302761964e-009              4.9258292111833e-010
   2.026333516477e-009              4.5749104498442e-010
   2.032364270991e-009              4.5611499635597e-010
   2.038395025504e-009              4.5389198157825e-010
   2.044425780017e-009              4.4245933415001e-010
   2.050456534531e-009              4.6619795624060e-010
   2.056487289044e-009              4.6320736869854e-010
   2.062518043557e-009              4.4251221138489e-010
   2.068548798071e-009              4.3875420614368e-010
   2.074579552584e-009              4.3041790072726e-010
   2.080610307097e-009              4.3470514351285e-010
   2.086641061611e-009              4.3457287289305e-010
   2.092671816124e-009              4.3848966490409e-010
   2.098702570637e-009              4.3047093302734e-010
   2.104733325151e-009              4.3322318534944e-010
   2.110764079664e-009              4.3938935322303e-010
   2.116794834177e-009              4.2009676068787e-010
   2.122825588691e-009              4.2179053792120e-010
   2.128856343204e-009              4.2830079548450e-010
   2.134887097717e-009              4.2861836902417e-010
   2.140917852231e-009              4.3227046473042e-010
   2.146948606744e-009              4.3317030811456e-010
   2.152979361257e-009              4.3674301043589e-010
   2.159010115771e-009              4.6622431732544e-010
   2.165040870284e-009              4.5381258819334e-010
   2.171071624797e-009              4.3679588767077e-010
   2.177102379311e-009              4.2536324024252e-010
   2.183133133824e-009              4.2353719238940e-010
   2.189163888337e-009              4.2838018886942e-010
   2.195194642851e-009              4.1985858053311e-010
   2.201225397364e-009              4.2888306532897e-010
   2.207256151877e-009              4.5645893098048e-010
   2.213286906391e-009              4.5362728527346e-010
   2.219317660904e-009              4.3158244041619e-010
   2.225348415417e-009              4.3602846997162e-010
   2.231379169931e-009              4.4521158647211e-010
   2.237409924444e-009              4.4351780923878e-010
   2.243440678957e-009              4.6000527221697e-010
   2.249471433471e-009              4.5645893098048e-010
   2.255502187984e-009              5.0012529268557e-010
   2.261532942497e-009              4.7416365581727e-010
   2.267563697011e-009              4.6315449146366e-010
   2.273594451524e-009              4.5381258819334e-010
   2.279625206037e-009              4.5087503295136e-010
   2.285655960550e-009              4.4499992246740e-010
   2.291686715064e-009              4.4013040983734e-010
   2.297717469577e-009              4.4224751508009e-010
   2.303748224090e-009              4.2425173285366e-010
   2.309778978604e-009              4.2589247778691e-010
   2.315809733117e-009              4.2287552916001e-010
   2.321840487630e-009              4.2480748654809e-010
   2.327871242144e-009              4.2679232117105e-010
   2.333901996657e-009              4.2880367194405e-010
   2.339932751170e-009              4.1326892958489e-010
   2.345963505684e-009              4.1999100621811e-010
   2.351994260197e-009              4.0914047356914e-010
   2.358025014710e-009              4.2179053792120e-010
   2.364055769224e-009              4.2742746825040e-010
   2.370086523737e-009              4.0231264246616e-010
   2.376117278250e-009              4.2012327683791e-010
   2.382148032764e-009              4.4113600769123e-010
   2.388178787277e-009              4.2499278946797e-010
   2.394209541790e-009              4.1853540913954e-010
   2.400240296304e-009              4.2496627331793e-010
   2.406271050817e-009              4.9668501604925e-010
   2.412301805330e-009              4.3631952736126e-010
   2.418332559844e-009              4.1832374513483e-010
   2.424363314357e-009              4.5876133914311e-010
   2.430394068870e-009              4.6765339825397e-010
   2.436424823384e-009              4.3343484935415e-010
   2.442455577897e-009              4.4248569523485e-010
   2.448486332410e-009              4.3052381026222e-010
   2.454517086924e-009              4.3851602598893e-010
   2.460547841437e-009              4.3997162306750e-010
   2.466578595950e-009              4.3997162306750e-010
   2.472609350464e-009              4.3586968320179e-010
   2.478640104977e-009              4.5270108080448e-010
   2.484670859490e-009              4.4055389291197e-010
   2.490701614004e-009              4.4068616353177e-010
   2.496732368517e-009              4.4719642109507e-010
   2.502763123030e-009              4.5484470219727e-010
   2.508793877544e-009              4.3748391198499e-010
   2.514824632057e-009              4.5966118252725e-010
   2.520855386570e-009              4.5884073252803e-010
   2.526886141084e-009              4.3190001395587e-010
   2.532916895597e-009              4.1954100699344e-010
   2.538947650110e-009              4.1504210020314e-010
   2.544978404623e-009              4.3557847074695e-010
   2.551009159137e-009              4.2777155794011e-010
   2.557039913650e-009              4.3113244119152e-010
   2.563070668163e-009              4.2062615329746e-010
   2.569101422677e-009              4.2311370931477e-010
   2.575132177190e-009              4.2581308440199e-010
   2.581162931703e-009              4.2218750484579e-010
   2.587193686217e-009              4.2761277117028e-010
   2.593224440730e-009              4.1940873637365e-010
   2.599255195243e-009              4.3287909565972e-010
   2.605285949757e-009              4.2276977469026e-010
   2.611316704270e-009              4.3187349780583e-010
   2.617347458783e-009              4.6381615469305e-010
   2.623378213297e-009              4.5854967513840e-010
   2.629408967810e-009              4.2935942563848e-010
   2.635439722323e-009              4.3491696258277e-010
   2.641470476837e-009              4.2404006884895e-010
   2.647501231350e-009              4.3332909488440e-010
   2.653531985863e-009              4.2573369101707e-010
   2.659562740377e-009              4.6225464807952e-010
   2.665593494890e-009              4.5513575958691e-010
   2.671624249403e-009              4.3745755090015e-010
   2.677655003917e-009              4.3264091550497e-010
   2.683685758430e-009              4.2864488517422e-010
   2.689716512943e-009              4.6855324163811e-010
   2.695747267457e-009              4.4915473956799e-010
   2.701778021970e-009              4.4891655941323e-010
   2.707808776483e-009              4.3838375536913e-010
   2.713839530997e-009              4.4010389368730e-010
   2.719870285510e-009              4.3806618182946e-010
   2.725901040023e-009              4.3573725751679e-010
   2.731931794537e-009              4.4910186233311e-010
   2.737962549050e-009              4.4261812091985e-010
   2.743993303563e-009              4.3846314875405e-010
   2.750024058077e-009              4.4552916001178e-010
   2.756054812590e-009              4.3965404952783e-010
   2.762085567103e-009              4.3788087890958e-010
   2.768116321617e-009              4.2906821318364e-010
   2.774147076130e-009              4.1840313851975e-010
   2.780177830643e-009              4.2684519840593e-010
   2.786208585157e-009              4.2560142039728e-010
   2.792239339670e-009              4.2014979298795e-010
   2.798270094183e-009              4.1906464668393e-010
   2.804300848697e-009              4.2869776240909e-010
   2.810331603210e-009              4.1729163113089e-010
   2.816362357723e-009              4.1946161360852e-010
   2.822393112236e-009              4.1678875467134e-010
   2.828423866750e-009              4.1760920467056e-010
   2.834454621263e-009              4.3182062057095e-010
   2.840485375776e-009              4.1819131944983e-010
   2.846516130290e-009              4.3597543767154e-010
   2.852546884803e-009              4.2377537254415e-010
   2.858577639316e-009              4.5907891268278e-010
   2.864608393830e-009              4.2917412271860e-010
   2.870639148343e-009              4.4161236800074e-010
   2.876669902856e-009              4.5333622788383e-010
   2.882700657370e-009              4.4648188063081e-010
   2.888731411883e-009              4.3451999565817e-010
   2.894762166396e-009              4.4785808432446e-010
   2.900792920910e-009              4.4468234892772e-010
   2.906823675423e-009              4.4806974832917e-010
   2.912854429936e-009              4.5762347066942e-010
   2.918885184450e-009              4.4867837925848e-010
   2.924915938963e-009              4.4346493200391e-010
   2.930946693476e-009              4.4820201894897e-010
   2.936977447990e-009              4.6463644962707e-010
   2.943008202503e-009              4.5727938097970e-010
   2.949038957016e-009              4.4822853509901e-010
   2.955069711530e-009              4.4597900417125e-010
   2.961100466043e-009              4.4370311215866e-010
   2.967131220556e-009              4.4531749600707e-010
   2.973161975070e-009              4.4730233063003e-010
   2.979192729583e-009              4.4836080571880e-010
   2.985223484096e-009              4.4841383801889e-010
   2.991254238610e-009              4.4470871001256e-010
   2.997284993123e-009              4.4187706430554e-010
   3.003315747636e-009              4.4256508861976e-010
   3.009346502150e-009              4.4383538277846e-010
   3.015377256663e-009              4.3250864488517e-010
   3.021408011176e-009              4.2835367271938e-010
   3.027438765690e-009              4.2586611670207e-010
   3.033469520203e-009              4.3639892074617e-010
   3.039500274716e-009              4.2245220115058e-010
   3.045531029230e-009              4.2568081378220e-010
   3.051561783743e-009              4.2687171455597e-010
   3.057592538256e-009              4.3690179720572e-010
   3.063623292770e-009              4.3547271627719e-010
   3.069654047283e-009              4.2959760579324e-010
   3.075684801796e-009              4.3510211043744e-010
   3.081715556309e-009              4.3470514351285e-010
   3.087746310823e-009              4.4023631937230e-010
   3.093777065336e-009              4.4521158647211e-010
   3.099807819849e-009              4.3941586937307e-010
   3.105838574363e-009              4.5169532788538e-010
   3.111869328876e-009              4.7464001612678e-010
   3.117900083389e-009              4.6021693622168e-010
   3.123930837903e-009              4.4960473879266e-010
   3.129961592416e-009              4.6363085177317e-010
   3.135992346929e-009              4.5905255159795e-010
   3.142023101443e-009              4.5375955589325e-010
   3.148053855956e-009              4.6053450976135e-010
   3.154084610469e-009              4.5129836096078e-010
   3.160115364983e-009              4.4320023569911e-010
   3.166146119496e-009              4.6992944533176e-010
   3.172176874009e-009              4.6037572299152e-010
   3.178207628523e-009              4.4145358123091e-010
   3.184238383036e-009              4.5553272651150e-010
   3.190269137549e-009              4.5246290064972e-010
   3.196299892063e-009              4.4206236722542e-010
   3.202330646576e-009              4.5502985005195e-010
   3.208361401089e-009              4.4081843415156e-010
   3.214392155603e-009              4.3317030811456e-010
   3.220422910116e-009              4.4338553861899e-010
   3.226453664629e-009              4.3332909488440e-010
   3.232484419143e-009              4.4449704600785e-010
   3.238515173656e-009              4.3761633766999e-010
   3.244545928169e-009              4.3581665090170e-010
   3.250576682683e-009              4.3594907658670e-010
   3.256607437196e-009              4.3343484935415e-010
   3.262638191709e-009              4.2655414101630e-010
   3.268668946223e-009              4.2729519763060e-010
   3.274699700736e-009              4.5039867264185e-010
   3.280730455249e-009              4.3658422366605e-010
   3.286761209763e-009              4.3962753337779e-010
   3.292791964276e-009              4.4346493200391e-010
   3.298822718789e-009              4.4394129231342e-010
   3.304853473303e-009              4.5373319480842e-010
   3.310884227816e-009              4.4886368217836e-010
   3.316914982329e-009              4.4592612693638e-010
   3.322945736843e-009              4.5169532788538e-010
   3.328976491356e-009              4.5600908682101e-010
   3.335007245869e-009              4.5984648544713e-010
   3.341038000382e-009              4.8488176278125e-010
   3.347068754896e-009              4.8191784645443e-010
   3.353099509409e-009              4.7781575152352e-010
   3.359130263922e-009              4.7649258012994e-010
   3.365161018436e-009              4.7990649568143e-010
   3.371191772949e-009              4.7622788382515e-010
   3.377222527462e-009              4.7000883871668e-010
   3.383253281976e-009              4.7598970367039e-010
   3.389284036489e-009              4.6537750624137e-010
   3.395314791002e-009              4.7072337918095e-010
   3.401345545516e-009              4.7199367333964e-010
   3.407376300029e-009              5.3696382328769e-010
   3.413407054542e-009              5.3161810541333e-010
   3.419437809056e-009              4.6609204670564e-010
   3.425468563569e-009              4.6087859945107e-010
   3.431499318082e-009              4.5839088836856e-010
   3.437530072596e-009              4.5884073252803e-010
   3.443560827109e-009              4.5280683527423e-010
   3.449591581622e-009              4.4836080571880e-010
   3.455622336136e-009              4.5471227651227e-010
   3.461653090649e-009              4.4687884755540e-010
   3.467683845162e-009              4.4103025322148e-010
   3.473714599676e-009              4.4923413295291e-010
   3.479745354189e-009              4.4296205554436e-010
   3.485776108702e-009              4.5786165082417e-010
   3.491806863216e-009              4.5354789188854e-010
   3.497837617729e-009              4.4208872831025e-010
   3.503868372242e-009              4.3901890244848e-010
   3.509899126756e-009              4.4605839755617e-010
   3.515929881269e-009              4.4034207384205e-010
   3.521960635782e-009              4.4844019910372e-010
   3.527991390296e-009              4.5375955589325e-010
   3.534022144809e-009              4.5211881096001e-010
   3.540052899322e-009              4.6434539223744e-010
   3.546083653836e-009              4.6042860022640e-010
   3.552114408349e-009              4.6588038270093e-010
   3.558145162862e-009              4.5508288235203e-010
   3.564175917376e-009              4.6347206500333e-010
   3.570206671889e-009              4.5680302067019e-010
   3.576237426402e-009              4.6347206500333e-010
   3.582268180916e-009              4.8080633906558e-010
   3.588298935429e-009              4.8212951045915e-010
   3.594329689942e-009              4.8691962970429e-010
   3.600360444456e-009              4.9297988804292e-010
   3.606391198969e-009              4.8138845384484e-010
   3.612421953482e-009              4.8316162446309e-010
   3.618452707995e-009              4.7498410581650e-010
   3.624483462509e-009              4.6715067685962e-010
   3.630514217022e-009              4.6543038347625e-010
   3.636544971535e-009              4.6310161422878e-010
   3.642575726049e-009              4.6236055761448e-010
   3.648606480562e-009              4.7074974026578e-010
   3.654637235075e-009              5.0343345376731e-010
   3.660667989589e-009              4.5296562204407e-010
   3.666698744102e-009              4.5862906852331e-010
   3.672729498615e-009              4.6093147668595e-010
   3.678760253129e-009              4.4552916001178e-010
   3.684791007642e-009              4.5336258896866e-010
   3.690821762155e-009              4.5754407728450e-010
   3.696852516669e-009              4.6524523562158e-010
   3.702883271182e-009              4.6119617299074e-010
   3.708914025695e-009              4.7903316844733e-010
   3.714944780209e-009              4.6442478562235e-010
   3.720975534722e-009              4.6953247840717e-010
   3.727006289235e-009              4.6902960194762e-010
   3.733037043749e-009              4.6945308502225e-010
   3.739067798262e-009              4.6540402239142e-010
   3.745098552775e-009              4.6466296577711e-010
   3.751129307289e-009              4.6802400409372e-010
   3.757160061802e-009              4.7583091690056e-010
   3.763190816315e-009              4.7982710229652e-010
   3.769221570829e-009              4.9213307695886e-010
   3.775252325342e-009              4.7985361844656e-010
   3.781283079855e-009              4.9369442850719e-010
   3.787313834369e-009              4.9464714912621e-010
   3.793344588882e-009              4.8916900556684e-010
   3.799375343395e-009              5.1743305059778e-010
   3.805406097909e-009              5.0351284715223e-010
   3.811436852422e-009              4.9028051295570e-010
   3.817467606935e-009              4.9462078804137e-010
   3.823498361449e-009              4.9694955728884e-010
   3.829529115962e-009              4.9991362868086e-010
   3.835559870475e-009              5.1838577121680e-010
   3.841590624989e-009              5.1663911674859e-010
   3.847621379502e-009              4.9395912481198e-010
   3.853652134015e-009              5.0097225883484e-010
   3.859682888529e-009              4.8644326939478e-010
   3.865713643042e-009              4.7358154103801e-010
   3.871744397555e-009              4.8498767231621e-010
   3.877775152068e-009              4.6439826947231e-010
   3.883805906582e-009              4.7429608150227e-010
   3.889836661095e-009              4.6730946362946e-010
   3.895867415608e-009              4.5947587960737e-010
   3.901898170122e-009              4.6791809455876e-010
   3.907928924635e-009              4.7027337995627e-010
   3.913959679148e-009              4.7524880212129e-010
   3.919990433662e-009              4.6471584301199e-010
   3.926021188175e-009              4.6820915194839e-010
   3.932051942688e-009              4.5444773527268e-010
   3.938082697202e-009              4.7117322334041e-010
   3.944113451715e-009              4.6381615469305e-010
   3.950144206228e-009              4.8244708399882e-010
   3.956174960742e-009              4.7114670719037e-010
   3.962205715255e-009              4.7662485074974e-010
   3.968236469768e-009              4.8432600908682e-010
   3.974267224282e-009              4.9144505264464e-010
   3.980297978795e-009              4.8866628417249e-010
   3.986328733308e-009              4.8167966629968e-010
   3.992359487822e-009              4.8705190032409e-010
   3.998390242335e-009              4.9345624835243e-010
   4.004420996848e-009              4.8390268107739e-010
   4.010451751362e-009              4.8488176278125e-010
   4.016482505875e-009              4.8953961140660e-010
   4.022513260388e-009              4.9956953899115e-010
   4.028544014902e-009              4.8919552171688e-010
   4.034574769415e-009              4.8980415264619e-010
   4.040605523928e-009              4.9824636759757e-010
   4.046636278442e-009              5.0083983314984e-010
   4.052667032955e-009              5.0020468607049e-010
   4.058697787468e-009              4.9295352695809e-010
   4.064728541982e-009              4.9284761742313e-010
   4.070759296495e-009              5.0121043898960e-010
   4.076790051008e-009              4.9006884895098e-010
   4.082820805522e-009              4.9777000728806e-010
   4.088851560035e-009              5.0242770084821e-010
   4.094882314548e-009              4.9094217618509e-010
   4.100913069062e-009              4.8382328769247e-010
   4.106943823575e-009              4.8268526415358e-010
   4.112974578088e-009              4.7612212935539e-010
   4.119005332602e-009              4.6924126595233e-010
   4.125036087115e-009              4.7712772720929e-010
   4.131066841628e-009              4.6450417900727e-010
   4.137097596142e-009              4.6932065933725e-010
   4.143128350655e-009              4.7426956535223e-010
   4.149159105168e-009              4.7202003442448e-010
   4.155189859681e-009              4.7990649568143e-010
   4.161220614195e-009              4.7260230426895e-010
   4.167251368708e-009              4.7638667059499e-010
   4.173282123221e-009              4.8138845384484e-010
   4.179312877735e-009              5.3950441160508e-010
   4.185343632248e-009              5.0652979577913e-010
   4.191374386761e-009              4.7908604568221e-010
   4.197405141275e-009              5.1814759106204e-010
   4.203435895788e-009              5.0467723177596e-010
   4.209466650301e-009              5.0499480531564e-010
   4.215497404815e-009              5.1245778349796e-010
   4.221528159328e-009              5.0518010823551e-010
   4.227558913841e-009              5.0570934577990e-010
   4.233589668355e-009              4.9700258958892e-010
   4.239620422868e-009              5.0012529268557e-010
   4.245651177381e-009              5.1147854672890e-010
   4.251681931895e-009              5.0793236055761e-010
   4.257712686408e-009              5.2574299492937e-010
   4.263743440921e-009              5.3310006357673e-010
   4.269774195435e-009              5.1743305059778e-010
   4.275804949948e-009              5.0271891330304e-010
   4.281835704461e-009              5.0062816914513e-010
   4.287866458975e-009              4.9237125711362e-010
   4.293897213488e-009              5.0885856502659e-010
   4.299927968001e-009              4.8723720324396e-010
   4.305958722515e-009              4.8824280109786e-010
   4.311989477028e-009              4.9750531098327e-010
   4.318020231541e-009              4.8715780985905e-010
   4.324050986055e-009              4.9533532850564e-010
   4.330081740568e-009              5.0187194715378e-010
   4.336112495081e-009              4.8649614662966e-010
   4.342143249595e-009              4.8051512661074e-010
   4.348174004108e-009              4.7225821457923e-010
   4.354204758621e-009              4.8517297523609e-010
   4.360235513135e-009              4.7755121028392e-010
   4.366266267648e-009              4.8493479508133e-010
   4.372297022161e-009              5.1486610119555e-010
   4.378327776675e-009              4.8064755229574e-010
   4.384358531188e-009              4.7104095272062e-010
   4.390389285701e-009              4.7747181689901e-010
   4.396420040215e-009              4.9488532928096e-010
   4.402450794728e-009              4.7956240599172e-010
   4.408481549241e-009              4.8064755229574e-010
   4.414512303754e-009              4.8721068709392e-010
   4.420543058268e-009              4.7530167935617e-010
   4.426573812781e-009              4.9226534757866e-010
   4.432604567294e-009              4.9054520926049e-010
   4.438635321808e-009              4.9856394113725e-010
   4.444666076321e-009              4.9885499852688e-010
   4.450696830834e-009              5.1158445626386e-010
   4.456727585348e-009              5.2058242490967e-010
   4.462758339861e-009              5.0883220394176e-010
   4.468789094374e-009              5.0629161562437e-010
   4.474819848888e-009              5.0470374792600e-010
   4.480850603401e-009              5.0973189226070e-010
   4.486881357914e-009              5.0946735102110e-010
   4.492912112428e-009              5.0083983314984e-010
   4.498942866941e-009              5.0824993409729e-010
   4.504973621454e-009              5.0827645024733e-010
   4.511004375968e-009              5.0512707593543e-010
   4.517035130481e-009              5.0187194715378e-010
   4.523065884994e-009              4.9859045728729e-010
   4.529096639508e-009              5.0234830746329e-010
   4.535127394021e-009              4.9986075144598e-010
   4.541158148534e-009              4.8432600908682e-010
   4.547188903048e-009              4.9792879405790e-010
   4.553219657561e-009              5.1261657026780e-010
   4.559250412074e-009              4.8932779233668e-010
   4.565281166588e-009              5.1468079827567e-010
   4.571311921101e-009              5.3275597388702e-010
   4.577342675614e-009              4.9986075144598e-010
   4.583373430128e-009              4.7929786475213e-010
   4.589404184641e-009              4.8721068709392e-010
   4.595434939154e-009              4.8898385771217e-010
   4.601465693668e-009              4.9578517266511e-010
   4.607496448181e-009              4.9215959310890e-010
   4.613527202694e-009              4.8371737815752e-010
   4.619557957208e-009              4.8842810401774e-010
   4.625588711721e-009              4.8453782815674e-010
   4.631619466234e-009              4.7731303012917e-010
   4.637650220748e-009              4.7916543906713e-010
   4.643680975261e-009              4.7053807626107e-010
   4.649711729774e-009              4.8607266355502e-010
   4.655742484288e-009              4.9938439113647e-010
   4.661773238801e-009              5.0308936407759e-010
   4.667803993314e-009              4.9718773744360e-010
   4.673834747827e-009              5.0390981407682e-010
   4.679865502341e-009              5.0189846330382e-010
   4.685896256854e-009              5.1020825257021e-010
   4.691927011367e-009              5.1939152413590e-010
   4.697957765881e-009              5.1489246228039e-010
   4.703988520394e-009              5.0708554947355e-010
   4.710019274907e-009              5.0600040316953e-010
   4.716050029421e-009              4.9737304036347e-010
   4.722080783934e-009              5.0211012730853e-010
   4.728111538447e-009              4.9430321450170e-010
   4.734142292961e-009              5.0316875746251e-010
   4.740173047474e-009              4.9589108220007e-010
   4.746203801987e-009              4.9184201956923e-010
   4.752234556501e-009              4.8631084370978e-010
   4.758265311014e-009              4.8953961140660e-010
   4.764296065527e-009              4.9522941897068e-010
   4.770326820041e-009              4.7940361922188e-010
   4.776357574554e-009              4.8596690908527e-010
   4.782388329067e-009              4.7069686303090e-010
   4.788419083581e-009              4.7535455659105e-010
   4.794449838094e-009              4.6818279086356e-010
   4.800480592607e-009              4.6498053931678e-010
   4.806511347121e-009              4.4748747848470e-010
   4.812542101634e-009              4.3129122796136e-010
   4.818572856147e-009              4.4928716525299e-010
   4.824603610661e-009              4.7077625641582e-010
   4.830634365174e-009              4.5532106250678e-010
   4.836665119687e-009              4.3941586937307e-010
   4.842695874201e-009              4.3002093380266e-010
   4.848726628714e-009              4.5929073175270e-010
   4.854757383227e-009              4.8109739645521e-010
   4.860788137741e-009              4.7678363751958e-010
   4.866818892254e-009              4.8154724061468e-010
   4.872849646767e-009              4.8731659662888e-010
   4.878880401281e-009              5.0221603684349e-010
   4.884911155794e-009              4.7850393090294e-010
   4.890941910307e-009              4.6625083347548e-010
   4.896972664821e-009              4.9859045728729e-010
   4.903003419334e-009              4.8710477755896e-010
   4.909034173847e-009              4.9734652421343e-010
   4.915064928361e-009              5.0684736931880e-010
   4.921095682874e-009              4.9581168881515e-010
   4.927126437387e-009              5.1309293057731e-010
   4.933157191901e-009              5.1902091829614e-010
   4.939187946414e-009              5.1126688272419e-010
   4.945218700927e-009              5.0168679929911e-010
   4.951249455440e-009              5.0205725007366e-010
   4.957280209954e-009              5.0240133976337e-010
   4.963310964467e-009              4.9821985144753e-010
   4.969341718980e-009              4.9623501682457e-010
   4.975372473494e-009              5.0250709423313e-010
   4.981403228007e-009              4.8567569663043e-010
   4.987433982520e-009              4.8363798477260e-010
   4.993464737034e-009              4.8546403262572e-010
   4.999495491547e-009              4.7651909627999e-010
   5.005526246060e-009              4.9859045728729e-010
   5.011557000574e-009              4.7958892214176e-010
   5.017587755087e-009              4.8453782815674e-010
   5.023618509600e-009              4.7487819628154e-010
   5.029649264114e-009              4.7411077858239e-010
   5.035680018627e-009              4.7567213013072e-010
   5.041710773140e-009              4.8416722231698e-010
   5.047741527654e-009              4.8284405092341e-010
   5.053772282167e-009              4.9213307695886e-010
   5.059803036680e-009              4.9943726837135e-010
   5.065833791194e-009              5.0086634929988e-010
   5.071864545707e-009              4.8641675324474e-010
   5.077895300220e-009              4.9649971312937e-010
   5.083926054734e-009              4.9316519096280e-010
   5.089956809247e-009              4.8318814061313e-010
   5.095987563760e-009              4.9411791158182e-010
   5.102018318274e-009              4.9700258958892e-010
   5.108049072787e-009              4.8800462094311e-010
   5.114079827300e-009              4.9951666175627e-010
   5.120110581814e-009              5.0409496193149e-010
   5.126141336327e-009              4.9978135806106e-010
   5.132172090840e-009              5.0848811425204e-010
   5.138202845354e-009              4.9493836158104e-010
   5.144233599867e-009              4.9684380281909e-010
   5.150264354380e-009              4.9059808649537e-010
   5.156295108894e-009              5.0065468529517e-010
   5.162325863407e-009              4.9284761742313e-010
   5.168356617920e-009              5.0168679929911e-010
   5.174387372434e-009              5.0565646854502e-010
   5.180418126947e-009              4.6895020856270e-010
   5.186448881460e-009              4.6569507978105e-010
   5.192479635974e-009              4.8329389508288e-010
   5.198510390487e-009              4.8795174370823e-010
   5.204541145000e-009              4.8252647738374e-010
   5.210571899513e-009              4.5227759772985e-010
   5.216602654027e-009              4.4494689016732e-010
   5.222633408540e-009              4.4473522616260e-010
   5.228664163053e-009              4.6656840701515e-010
   5.234694917567e-009              4.6857975778815e-010
   5.240725672080e-009              4.8287056707345e-010
   5.246756426593e-009              4.6955883949201e-010
   5.252787181107e-009              4.6675370993503e-010
   5.258817935620e-009              4.7453426165703e-010
   5.264848690133e-009              4.7903316844733e-010
   5.270879444647e-009              4.6553629301121e-010
   5.276910199160e-009              4.6932065933725e-010
   5.282940953673e-009              4.8493479508133e-010
   5.288971708187e-009              4.8236769061390e-010
   5.295002462700e-009              4.8848098125262e-010
   5.301033217213e-009              4.9361503512227e-010
   5.307063971727e-009              5.0277179053792e-010
   5.313094726240e-009              4.9255656003349e-010
   5.319125480753e-009              5.0070756253004e-010
   5.325156235267e-009              4.8480236939633e-010
   5.331186989780e-009              4.9541472189055e-010
   5.337217744293e-009              5.0817054071237e-010
   5.343248498807e-009              5.0377738839182e-010
   5.349279253320e-009              4.9279474018825e-010
   5.355310007833e-009              5.0711191055839e-010
   5.361340762347e-009              4.9599683666982e-010
   5.367371516860e-009              5.0814402456233e-010
   5.373402271373e-009              4.9755834328335e-010
   5.379433025887e-009              5.1335762688210e-010
   5.385463780400e-009              5.0576222301478e-010
   5.391494534913e-009              4.8784583417327e-010
   5.397525289427e-009              4.9160383941447e-010
   5.403556043940e-009              4.9914621098172e-010
   5.409586798453e-009              5.0094574268480e-010
   5.415617552967e-009              4.9591744328490e-010
   5.421648307480e-009              4.9419730496674e-010
   5.427679061993e-009              4.9091566003504e-010
   5.433709816507e-009              4.8133557660996e-010
   5.439740571020e-009              4.7305214842841e-010
   5.445771325533e-009              4.8287056707345e-010
   5.451802080047e-009              4.7273457488874e-010
   5.457832834560e-009              4.6204298407480e-010
   5.463863589073e-009              4.6609204670564e-010
   5.469894343587e-009              4.7014110933648e-010
   5.475925098100e-009              4.7233760796415e-010
   5.481955852613e-009              4.6969126517701e-010
   5.487986607126e-009              4.7681015366962e-010
   5.494017361640e-009              4.7863620152274e-010
   5.500048116153e-009              4.6532462900650e-010
   5.506078870666e-009              4.7133201011025e-010
   5.512109625180e-009              4.6143435314550e-010
   5.518140379693e-009              4.8138845384484e-010
   5.524171134206e-009              4.8824280109786e-010
   5.530201888720e-009              4.8586099955031e-010
   5.536232643233e-009              4.8030346260603e-010
   5.542263397746e-009              5.0618570608941e-010
   5.548294152260e-009              4.9340337111755e-010
   5.554324906773e-009              4.9917257206655e-010
   5.560355661286e-009              4.9819349036270e-010
   5.566386415800e-009              4.9475305866117e-010
   5.572417170313e-009              4.9943726837135e-010
   5.578447924826e-009              4.9393260866194e-010
   5.584478679340e-009              4.9882863744204e-010
   5.590509433853e-009              4.9747894989843e-010
   5.596540188366e-009              4.9168323279939e-010
   5.602570942880e-009              4.9425018220162e-010
   5.608601697393e-009              4.6471584301199e-010
   5.614632451906e-009              4.7059095349595e-010
   5.620663206420e-009              4.4904898509823e-010
   5.626693960933e-009              4.6188419730497e-010
   5.632724715446e-009              4.7704833382437e-010
   5.638755469960e-009              4.9001597171611e-010
   5.644786224473e-009              4.8001240521639e-010
   5.650816978986e-009              4.8006528245127e-010
   5.656847733500e-009              4.8249996123370e-010
   5.662878488013e-009              4.7559273674580e-010
   5.668909242526e-009              4.7683666981966e-010
   5.674939997040e-009              4.8263238691870e-010
   5.680970751553e-009              4.7879498829258e-010
   5.687001506066e-009              4.7241700134907e-010
   5.693032260580e-009              4.6971762626184e-010
   5.699063015093e-009              4.7471940951170e-010
   5.705093769606e-009              4.7792166105848e-010
   5.711124524120e-009              4.6889733132782e-010
   5.717155278633e-009              4.7535455659105e-010
   5.723186033146e-009              4.8064755229574e-010
   5.729216787660e-009              4.7379320504272e-010
   5.735247542173e-009              4.8175905968460e-010
   5.741278296686e-009              4.8186481415435e-010
   5.747309051199e-009              4.7884786552745e-010
   5.753339805713e-009              4.8395555831227e-010
   5.759370560226e-009              4.9380033804215e-010
   5.765401314739e-009              4.9170959388423e-010
   5.771432069253e-009              5.0335406038239e-010
   5.777462823766e-009              5.0454496115617e-010
   5.783493578279e-009              5.0171316038394e-010
   5.789524332793e-009              5.1261657026780e-010
   5.795555087306e-009              5.0422738761649e-010
   5.801585841819e-009              5.0684736931880e-010
   5.807616596333e-009              4.9824636759757e-010
   5.813647350846e-009              5.0541828839027e-010
   5.819678105359e-009              5.1431034750112e-010
   5.825708859873e-009              5.0070756253004e-010
   5.831739614386e-009              4.9483245204609e-010
   5.837770368899e-009              4.8766053125339e-010
   5.843801123413e-009              4.9192141295415e-010
   5.849831877926e-009              4.9274170788817e-010
   5.855862632439e-009              4.9583804989998e-010
   5.861893386953e-009              4.8175905968460e-010
   5.867924141466e-009              4.8284405092341e-010
   5.873954895979e-009              4.8152087952984e-010
   5.879985650493e-009              4.8429964800198e-010
   5.886016405006e-009              4.7419017196731e-010
   5.892047159519e-009              4.7109382995550e-010
   5.898077914033e-009              4.7614849044023e-010
   5.904108668546e-009              4.8781931802323e-010
   5.910139423059e-009              4.7559273674580e-010
   5.916170177573e-009              4.7636030951015e-010
   5.922200932086e-009              4.7638667059499e-010
   5.928231686599e-009              4.7853029198778e-010
   5.934262441113e-009              4.7770999705376e-010
   5.940293195626e-009              4.7202003442448e-010
   5.946323950139e-009              4.8001240521639e-010
   5.952354704653e-009              4.7882150444262e-010
   5.958385459166e-009              4.8395555831227e-010
   5.964416213679e-009              4.9051869311045e-010
   5.970446968193e-009              4.8070042953062e-010
   5.976477722706e-009              4.8252647738374e-010
   5.982508477219e-009              4.7379320504272e-010
   5.988539231733e-009              5.0076043976492e-010
   5.994569986246e-009              4.8493479508133e-010
   6.000600740759e-009              4.8951309525656e-010
   6.006631495272e-009              4.8525236862101e-010
   6.012662249786e-009              5.0203073392361e-010
   6.018693004299e-009              5.0539177224023e-010
   6.024723758812e-009              5.0769418040286e-010
