# Atom Manipulation               
# 
# Sample                          Ag(111)
# Data set                        -
# Creation Comment                
# Gap voltage                     -1.000e-003 V
# Gap voltage range in Volt       -10;10
# Feedback loop enabled           No
# Regulator setpoint              1.000e-009 A
# Pre-amplifier range             0;3.33e-007
# Loop gain                       7.000e+000 %
# Z-axis offset                   -4.000e-010 m
# Parameter mode                  V before Z
# Raster time                     1.000e-003 seconds
# Channel name and data unit      I(r) [A]
# Manipulation vector: start      -6.143e+000, 5.519e+000 [nm]
#                      end        3.174e+000, 3.008e+000 [nm]
# 
# 
#             Position                            I(r)
# --------------------             -------------------
   0.000000000000e+000             -4.85696971577e-009
   9.649158024724e-012             -4.85900742762e-009
   1.929831604945e-011             -4.89057947867e-009
   2.894747407417e-011             -4.79231698429e-009
   3.859663209890e-011             -4.77638543007e-009
   4.824579012362e-011             -4.92064321047e-009
   5.789494814835e-011             -4.95951945293e-009
   6.754410617307e-011             -4.95332676891e-009
   7.719326419779e-011             -4.94779574811e-009
   8.684242222252e-011             -5.08707810634e-009
   9.649158024724e-011             -5.18015366962e-009
   1.061407382720e-010             -5.48878227295e-009
   1.157898962967e-010             -5.71425948611e-009
   1.254390543214e-010             -5.66392408008e-009
   1.350882123461e-010             -5.53083425080e-009
   1.447373703709e-010             -5.59945665152e-009
   1.543865283956e-010             -5.64635162586e-009
   1.640356864203e-010             -5.81056366202e-009
   1.736848444450e-010             -5.88807796679e-009
   1.833340024698e-010             -5.93492006389e-009
   1.929831604945e-010             -5.82660112577e-009
   2.026323185192e-010             -5.74998650933e-009
   2.122814765439e-010             -5.81178092388e-009
   2.219306345687e-010             -5.94862875839e-009
   2.315797925934e-010             -5.96821240832e-009
   2.412289506181e-010             -5.87709531858e-009
   2.508781086428e-010             -5.69163237141e-009
   2.605272666676e-010             -5.63086991580e-009
   2.701764246923e-010             -5.66900525671e-009
   2.798255827170e-010             -6.09090170417e-009
   2.894747407417e-010             -6.35835150181e-009
   2.991238987665e-010             -6.55135682054e-009
   3.087730567912e-010             -6.54259703205e-009
   3.184222148159e-010             -6.62969157531e-009
   3.280713728406e-010             -6.66462466467e-009
   3.377205308654e-010             -6.89134581091e-009
   3.473696888901e-010             -6.99805052024e-009
   3.570188469148e-010             -7.32546883965e-009
   3.666680049395e-010             -7.70369892540e-009
   3.763171629642e-010             -8.07473057421e-009
   3.859663209890e-010             -8.32905410225e-009
   3.956154790137e-010             -8.67367427003e-009
   4.052646370384e-010             -9.11571027617e-009
   4.149137950631e-010             -9.38588596505e-009
   4.245629530879e-010             -1.00045192203e-008
   4.342121111126e-010             -1.04335345563e-008
   4.438612691373e-010             -1.08608297539e-008
   4.535104271620e-010             -1.22439947898e-008
   4.631595851868e-010             -2.07517370404e-008
   4.728087432115e-010             -2.10810342849e-008
   4.824579012362e-010             -2.13165944580e-008
   4.921070592609e-010             -2.12501421948e-008
   5.017562172857e-010             -2.11393620617e-008
   5.114053753104e-010             -2.16124936036e-008
   5.210545333351e-010             -2.17232210144e-008
   5.307036913598e-010             -2.20514067515e-008
   5.403528493846e-010             -2.23072916311e-008
   5.500020074093e-010             -2.24671633922e-008
   5.596511654340e-010             -2.23354762828e-008
   5.693003234587e-010             -2.24160605685e-008
   5.789494814835e-010             -2.19203547892e-008
   5.885986395082e-010             -2.08316333018e-008
   5.982477975329e-010             -1.96602102684e-008
   6.078969555576e-010             -1.97484693514e-008
   6.175461135824e-010             -1.98976758827e-008
   6.271952716071e-010             -1.96903003613e-008
   6.368444296318e-010             -1.97248629999e-008
   6.464935876565e-010             -1.96698433841e-008
   6.561427456813e-010             -1.94569103258e-008
   6.657919037060e-010             -2.02054046427e-008
   6.754410617307e-010             -2.01899759649e-008
   6.850902197554e-010             -2.00662016778e-008
   6.947393777802e-010             -2.00685834794e-008
   7.043885358049e-010             -2.02275025198e-008
   7.140376938296e-010             -2.03672877545e-008
   7.236868518543e-010             -2.04648358635e-008
   7.333360098791e-010             -2.05629130549e-008
   7.429851679038e-010             -2.08741351238e-008
   7.526343259285e-010             -2.10489329963e-008
   7.622834839532e-010             -2.11130034580e-008
   7.719326419779e-010             -2.08352588814e-008
   7.815818000027e-010             -2.12768714044e-008
   7.912309580274e-010             -2.11801437454e-008
   8.008801160521e-010             -2.13875986602e-008
   8.105292740768e-010             -2.18417553381e-008
   8.201784321016e-010             -2.19809848191e-008
   8.298275901263e-010             -2.21977552761e-008
   8.394767481510e-010             -2.16425043031e-008
   8.491259061757e-010             -2.09816602831e-008
   8.587750642005e-010             -2.04806351471e-008
   8.684242222252e-010             -2.10706337515e-008
   8.780733802499e-010             -2.07913808556e-008
   8.877225382746e-010             -2.04100544279e-008
   8.973716962994e-010             -2.01532962211e-008
   9.070208543241e-010             -1.98187059809e-008
   9.166700123488e-010             -2.00893315139e-008
   9.263191703735e-010             -2.04765860844e-008
   9.359683283983e-010             -2.03436815581e-008
   9.456174864230e-010             -2.01613149529e-008
   9.552666444477e-010             -2.02005352851e-008
   9.649158024724e-010             -1.99263634108e-008
   9.745649604972e-010             -1.99046625006e-008
   9.842141185219e-010             -1.97677354277e-008
   9.938632765466e-010             -1.95874330506e-008
   1.003512434571e-009             -1.98288418180e-008
   1.013161592596e-009             -1.97741662919e-008
   1.022810750621e-009             -2.03327516321e-008
   1.032459908646e-009             -2.00810746019e-008
   1.042109066670e-009             -2.03300787731e-008
   1.051758224695e-009             -2.11649002155e-008
   1.061407382720e-009             -2.10318103863e-008
   1.071056540744e-009             -2.14348377243e-008
   1.080705698769e-009             -2.13702380251e-008
   1.090354856794e-009             -2.15760520399e-008
   1.100004014819e-009             -2.11903326149e-008
   1.109653172843e-009             -2.15000462094e-008
   1.119302330868e-009             -2.15759462854e-008
   1.128951488893e-009             -2.17653789018e-008
   1.138600646917e-009             -2.21815059933e-008
   1.148249804942e-009             -2.19500479151e-008
   1.157898962967e-009             -2.15766077936e-008
   1.167548120992e-009             -2.19617716200e-008
   1.177197279016e-009             -2.15257431500e-008
   1.186846437041e-009             -2.14833735986e-008
   1.196495595066e-009             -2.19525091101e-008
   1.206144753091e-009             -2.18196045837e-008
   1.215793911115e-009             -2.15705475352e-008
   1.225443069140e-009             -2.16732031819e-008
   1.235092227165e-009             -2.11040848827e-008
   1.244741385189e-009             -2.19241920327e-008
   1.254390543214e-009             -2.22053770410e-008
   1.264039701239e-009             -2.03055197010e-008
   1.273688859264e-009             -2.00619144350e-008
   1.283338017288e-009             -2.02416610585e-008
   1.292987175313e-009             -2.08086886136e-008
   1.302636333338e-009             -2.10093156973e-008
   1.312285491363e-009             -2.11023647444e-008
   1.321934649387e-009             -2.11315284777e-008
   1.331583807412e-009             -2.13876515375e-008
   1.341232965437e-009             -2.14359492317e-008
   1.350882123461e-009             -2.09865032796e-008
   1.360531281486e-009             -2.12277003830e-008
   1.370180439511e-009             -2.09549047124e-008
   1.379829597536e-009             -2.12892831336e-008
   1.389478755560e-009             -2.10474773992e-008
   1.399127913585e-009             -2.11983248306e-008
   1.408777071610e-009             -2.10692311867e-008
   1.418426229634e-009             -2.07784397339e-008
   1.428075387659e-009             -2.03634505109e-008
   1.437724545684e-009             -1.94560369986e-008
   1.447373703709e-009             -2.01884674906e-008
   1.457022861733e-009             -2.09336801625e-008
   1.466672019758e-009             -2.10068808634e-008
   1.476321177783e-009             -2.12273299322e-008
   1.485970335808e-009             -2.10418139528e-008
   1.495619493832e-009             -2.12521006683e-008
   1.505268651857e-009             -2.10059281428e-008
   1.514917809882e-009             -2.17215007211e-008
   1.524566967906e-009             -2.17034255454e-008
   1.534216125931e-009             -2.20169235063e-008
   1.543865283956e-009             -2.14789275690e-008
   1.553514441981e-009             -2.16025165532e-008
   1.563163600005e-009             -2.06777689218e-008
   1.572812758030e-009             -2.07610260665e-008
   1.582461916055e-009             -2.08216826125e-008
   1.592111074080e-009             -2.12395299974e-008
   1.601760232104e-009             -2.06816326815e-008
   1.611409390129e-009             -2.07095262758e-008
   1.621058548154e-009             -2.07690447983e-008
   1.630707706178e-009             -2.08879760889e-008
   1.640356864203e-009             -2.12372275892e-008
   1.650006022228e-009             -2.14940917056e-008
   1.659655180253e-009             -2.10921229977e-008
   1.669304338277e-009             -2.13324731350e-008
   1.678953496302e-009             -2.13180765712e-008
   1.688602654327e-009             -2.09825864876e-008
   1.698251812351e-009             -2.00695890772e-008
   1.707900970376e-009             -1.93869382375e-008
   1.717550128401e-009             -1.97339138458e-008
   1.727199286426e-009             -2.07932069035e-008
   1.736848444450e-009             -2.02213892292e-008
   1.746497602475e-009             -2.05674384779e-008
   1.756146760500e-009             -2.04593577199e-008
   1.765795918525e-009             -2.07252461660e-008
   1.775445076549e-009             -2.07923864535e-008
   1.785094234574e-009             -2.08831859697e-008
   1.794743392599e-009             -2.10638059204e-008
   1.804392550623e-009             -2.06540037836e-008
   1.814041708648e-009             -2.06997872505e-008
   1.823690866673e-009             -2.07922805440e-008
   1.833340024698e-009             -2.14943298857e-008
   1.842989182722e-009             -2.12674499527e-008
   1.852638340747e-009             -2.07701563057e-008
   1.862287498772e-009             -2.08039778877e-008
   1.871936656797e-009             -2.07411512041e-008
   1.881585814821e-009             -2.05637335049e-008
   1.891234972846e-009             -2.06858405309e-008
   1.900884130871e-009             -2.10161170122e-008
   1.910533288895e-009             -2.14610375413e-008
   1.920182446920e-009             -2.11812552528e-008
   1.929831604945e-009             -2.09329392610e-008
   1.939480762970e-009             -2.10613447255e-008
   1.949129920994e-009             -2.10214363690e-008
   1.958779079019e-009             -2.06156567787e-008
   1.968428237044e-009             -1.93245350370e-008
   1.978077395068e-009             -1.97935117617e-008
   1.987726553093e-009             -1.94272171998e-008
   1.997375711118e-009             -2.06463555025e-008
   2.007024869143e-009             -2.02871798291e-008
   2.016674027167e-009             -2.02881061887e-008
   2.026323185192e-009             -2.06646424972e-008
   2.035972343217e-009             -2.08784223666e-008
   2.045621501242e-009             -2.07819065267e-008
   2.055270659266e-009             -2.11368743507e-008
   2.064919817291e-009             -2.06259514026e-008
   2.074568975316e-009             -2.04079108065e-008
   2.084218133340e-009             -2.09683750717e-008
   2.093867291365e-009             -2.13513423995e-008
   2.103516449390e-009             -2.13913301493e-008
   2.113165607415e-009             -2.13815647630e-008
   2.122814765439e-009             -2.09262965777e-008
   2.132463923464e-009             -2.11029468592e-008
   2.142113081489e-009             -2.03605393168e-008
   2.151762239514e-009             -2.03877977640e-008
   2.161411397538e-009             -2.04442729768e-008
   2.171060555563e-009             -2.05287738994e-008
   2.180709713588e-009             -2.04365981795e-008
   2.190358871612e-009             -2.01298751725e-008
   2.200008029637e-009             -2.01450393090e-008
   2.209657187662e-009             -2.03837221852e-008
   2.219306345687e-009             -2.09353739397e-008
   2.228955503711e-009             -1.92357997488e-008
   2.238604661736e-009             -1.95100773775e-008
   2.248253819761e-009             -1.94938811270e-008
   2.257902977786e-009             -2.02020172433e-008
   2.267552135810e-009             -2.05463463536e-008
   2.277201293835e-009             -2.07995583743e-008
   2.286850451860e-009             -2.08891404736e-008
   2.296499609884e-009             -2.08623849029e-008
   2.306148767909e-009             -2.08892198670e-008
   2.315797925934e-009             -2.06985434725e-008
   2.325447083959e-009             -2.09523376080e-008
   2.335096241983e-009             -2.11298877328e-008
   2.344745400008e-009             -2.09372793810e-008
   2.354394558033e-009             -2.09070833786e-008
   2.364043716057e-009             -2.11921850238e-008
   2.373692874082e-009             -2.08872880646e-008
   2.383342032107e-009             -2.10648116733e-008
   2.392991190132e-009             -2.06088024314e-008
   2.402640348156e-009             -2.03412203632e-008
   2.412289506181e-009             -2.12326227729e-008
   2.421938664206e-009             -2.09376234707e-008
   2.431587822231e-009             -2.06267983687e-008
   2.441236980255e-009             -2.01893143017e-008
   2.450886138280e-009             -2.01116410551e-008
   2.460535296305e-009             -2.03606187102e-008
   2.470184454329e-009             -2.06193882678e-008
   2.479833612354e-009             -2.01449862767e-008
   2.489482770379e-009             -1.92250022484e-008
   2.499131928404e-009             -1.90699734838e-008
   2.508781086428e-009             -1.90958557273e-008
   2.518430244453e-009             -1.91068914078e-008
   2.528079402478e-009             -1.92477352727e-008
   2.537728560503e-009             -1.92673717998e-008
   2.547377718527e-009             -1.99871258664e-008
   2.557026876552e-009             -2.01973330335e-008
   2.566676034577e-009             -2.04282089969e-008
   2.576325192601e-009             -2.04241599343e-008
   2.585974350626e-009             -2.00677895455e-008
   2.595623508651e-009             -2.04922000651e-008
   2.605272666676e-009             -2.08793487261e-008
   2.614921824700e-009             -2.11461104995e-008
   2.624570982725e-009             -2.12964285382e-008
   2.634220140750e-009             -2.11548437718e-008
   2.643869298774e-009             -2.17746148956e-008
   2.653518456799e-009             -2.12708109910e-008
   2.663167614824e-009             -2.14628635891e-008
   2.672816772849e-009             -2.16620087147e-008
   2.682465930873e-009             -2.22313915551e-008
   2.692115088898e-009             -2.18792290158e-008
   2.701764246923e-009             -2.15654398425e-008
   2.711413404948e-009             -2.16832861418e-008
   2.721062562972e-009             -2.15768196126e-008
   2.730711720997e-009             -2.17817868164e-008
   2.740360879022e-009             -2.18682990898e-008
   2.750010037046e-009             -2.14388073935e-008
   2.759659195071e-009             -2.08955449767e-008
   2.769308353096e-009             -2.07990820140e-008
   2.778957511121e-009             -2.05981637178e-008
   2.788606669145e-009             -1.90566882724e-008
   2.798255827170e-009             -1.91508488269e-008
   2.807904985195e-009             -1.91570149948e-008
   2.817554143220e-009             -1.91729995813e-008
   2.827203301244e-009             -1.94900438835e-008
   2.836852459269e-009             -1.92273311728e-008
   2.846501617294e-009             -1.94858623951e-008
   2.856150775318e-009             -2.03525999783e-008
   2.865799933343e-009             -2.07669011769e-008
   2.875449091368e-009             -2.12160560716e-008
   2.885098249393e-009             -2.09023728078e-008
   2.894747407417e-009             -2.08483059126e-008
   2.904396565442e-009             -2.11757771093e-008
   2.914045723467e-009             -2.10519499450e-008
   2.923694881491e-009             -2.09982006234e-008
   2.933344039516e-009             -2.10290316178e-008
   2.942993197541e-009             -2.12947612771e-008
   2.952642355566e-009             -2.14057268681e-008
   2.962291513590e-009             -2.13834702042e-008
   2.971940671615e-009             -2.08965240584e-008
   2.981589829640e-009             -2.11442579355e-008
   2.991238987665e-009             -2.18594600630e-008
   3.000888145689e-009             -2.20006478624e-008
   3.010537303714e-009             -2.18362506784e-008
   3.020186461739e-009             -2.15489525345e-008
   3.029835619763e-009             -2.19156705795e-008
   3.039484777788e-009             -2.16551278513e-008
   3.049133935813e-009             -2.13910919692e-008
   3.058783093838e-009             -2.19304112329e-008
   3.068432251862e-009             -2.22713529439e-008
   3.078081409887e-009             -2.15695682985e-008
   3.087730567912e-009             -1.96397004140e-008
   3.097379725937e-009             -1.96400708648e-008
   3.107028883961e-009             -1.97353694429e-008
   3.116678041986e-009             -1.93370263146e-008
   3.126327200011e-009             -2.01214858348e-008
   3.135976358035e-009             -2.04835727023e-008
   3.145625516060e-009             -2.03981189040e-008
   3.155274674085e-009             -2.08695039464e-008
   3.164923832110e-009             -2.02604242584e-008
   3.174572990134e-009             -2.03121887454e-008
   3.184222148159e-009             -2.10792082371e-008
   3.193871306184e-009             -2.10241357441e-008
   3.203520464208e-009             -2.14185885965e-008
   3.213169622233e-009             -2.10552844671e-008
   3.222818780258e-009             -2.16847152228e-008
   3.232467938283e-009             -2.14624666222e-008
   3.242117096307e-009             -2.11550025586e-008
   3.251766254332e-009             -2.17761233699e-008
   3.261415412357e-009             -2.22068061220e-008
   3.271064570382e-009             -2.17525435346e-008
   3.280713728406e-009             -2.13913036332e-008
   3.290362886431e-009             -2.13023036487e-008
   3.300012044456e-009             -2.18418082154e-008
   3.309661202480e-009             -2.12873513312e-008
   3.319310360505e-009             -2.16098736219e-008
   3.328959518530e-009             -2.17172134783e-008
   3.338608676555e-009             -2.16693392672e-008
   3.348257834579e-009             -2.13713758936e-008
   3.357906992604e-009             -2.14892221929e-008
   3.367556150629e-009             -2.14366108949e-008
   3.377205308654e-009             -2.04236570578e-008
   3.386854466678e-009             -2.02332188435e-008
   3.396503624703e-009             -2.09612033060e-008
   3.406152782728e-009             -2.10044990619e-008
   3.415801940752e-009             -2.10747887237e-008
   3.425451098777e-009             -2.11147235963e-008
   3.435100256802e-009             -2.09467537099e-008
   3.444749414827e-009             -2.13600226395e-008
   3.454398572851e-009             -2.15002578734e-008
   3.464047730876e-009             -2.13481666641e-008
   3.473696888901e-009             -2.12276209896e-008
   3.483346046925e-009             -2.12785386655e-008
   3.492995204950e-009             -2.13441439625e-008
   3.502644362975e-009             -2.12225663291e-008
   3.512293521000e-009             -2.09332038022e-008
   3.521942679024e-009             -2.13737048179e-008
   3.531591837049e-009             -2.12601987936e-008
   3.541240995074e-009             -1.98421535456e-008
   3.550890153099e-009             -1.95278880119e-008
   3.560539311123e-009             -2.08747967870e-008
   3.570188469148e-009             -2.14316354727e-008
   3.579837627173e-009             -2.13203789794e-008
   3.589486785197e-009             -2.12355074509e-008
   3.599135943222e-009             -2.15419128844e-008
   3.608785101247e-009             -2.18167727830e-008
   3.618434259272e-009             -2.13821999101e-008
   3.628083417296e-009             -2.17252587263e-008
   3.637732575321e-009             -2.16879438354e-008
   3.647381733346e-009             -2.22787894059e-008
   3.657030891371e-009             -2.21352726822e-008
   3.666680049395e-009             -2.16353325373e-008
   3.676329207420e-009             -2.10836807828e-008
   3.685978365445e-009             -2.13407300470e-008
   3.695627523469e-009             -2.10767206810e-008
   3.705276681494e-009             -2.10496210206e-008
   3.714925839519e-009             -2.10776203694e-008
   3.724574997544e-009             -2.13601814263e-008
   3.734224155568e-009             -2.10529290267e-008
   3.743873313593e-009             -2.08980061716e-008
   3.753522471618e-009             -2.12121392796e-008
   3.763171629643e-009             -2.12892037402e-008
   3.772820787667e-009             -2.14213408488e-008
   3.782469945692e-009             -2.15011577168e-008
   3.792119103717e-009             -2.15745172045e-008
   3.801768261741e-009             -2.06247076246e-008
   3.811417419766e-009             -2.01746794027e-008
   3.821066577791e-009             -2.01725094202e-008
   3.830715735816e-009             -2.09628705671e-008
   3.840364893840e-009             -2.12635333158e-008
   3.850014051865e-009             -2.14217643319e-008
   3.859663209890e-009             -2.11621214471e-008
   3.869312367914e-009             -2.10933667757e-008
   3.878961525939e-009             -2.12501421948e-008
   3.888610683964e-009             -2.13287416459e-008
   3.898259841989e-009             -2.13834173270e-008
   3.907909000013e-009             -2.11410822001e-008
   3.917558158038e-009             -2.14479641489e-008
   3.927207316063e-009             -2.12869013320e-008
   3.936856474088e-009             -2.13366015910e-008
   3.946505632112e-009             -2.13805855262e-008
   3.956154790137e-009             -2.13909331824e-008
   3.965803948162e-009             -2.11092189366e-008
   3.975453106186e-009             -2.15196298594e-008
   3.985102264211e-009             -2.13486430244e-008
   3.994751422236e-009             -2.14739786630e-008
   4.004400580261e-009             -2.12636921025e-008
   4.014049738285e-009             -2.12781680597e-008
   4.023698896310e-009             -2.17750648948e-008
   4.033348054335e-009             -2.17737680845e-008
   4.042997212360e-009             -2.17183249857e-008
   4.052646370384e-009             -2.16470297260e-008
   4.062295528409e-009             -2.13150065903e-008
   4.071944686434e-009             -2.06499282048e-008
   4.081593844458e-009             -2.03089336166e-008
   4.091243002483e-009             -2.11013855076e-008
   4.100892160508e-009             -2.11455017135e-008
   4.110541318533e-009             -2.11416908310e-008
   4.120190476557e-009             -2.11448930825e-008
   4.129839634582e-009             -2.14569884787e-008
   4.139488792607e-009             -2.10141321776e-008
   4.149137950631e-009             -2.13299590628e-008
   4.158787108656e-009             -2.17814692428e-008
   4.168436266681e-009             -2.13717464994e-008
   4.178085424706e-009             -2.16298278776e-008
   4.187734582730e-009             -2.16330036130e-008
   4.197383740755e-009             -2.15759462854e-008
   4.207032898780e-009             -2.12849695297e-008
   4.216682056805e-009             -2.17178486253e-008
   4.226331214829e-009             -2.18984950922e-008
   4.235980372854e-009             -2.15605968460e-008
   4.245629530879e-009             -2.13647598815e-008
   4.255278688903e-009             -2.08298336150e-008
   4.264927846928e-009             -2.09451658422e-008
   4.274577004953e-009             -2.10408083549e-008
   4.284226162978e-009             -2.06971409078e-008
   4.293875321002e-009             -2.11772590674e-008
   4.303524479027e-009             -2.13959878429e-008
   4.313173637052e-009             -2.11922115400e-008
   4.322822795077e-009             -2.03208691405e-008
   4.332471953101e-009             -1.97995986912e-008
   4.342121111126e-009             -1.98876459551e-008
   4.351770269151e-009             -2.02655319512e-008
   4.361419427175e-009             -2.07957738529e-008
   4.371068585200e-009             -2.08897756206e-008
   4.380717743225e-009             -2.13398038425e-008
   4.390366901250e-009             -2.14669655290e-008
   4.400016059274e-009             -2.13065908915e-008
   4.409665217299e-009             -2.13560000930e-008
   4.419314375324e-009             -2.19891094605e-008
   4.428963533348e-009             -2.17416402797e-008
   4.438612691373e-009             -2.16309659012e-008
   4.448261849398e-009             -2.13296680054e-008
   4.457911007423e-009             -2.14352875684e-008
   4.467560165447e-009             -2.16051100188e-008
   4.477209323472e-009             -2.15463854301e-008
   4.486858481497e-009             -2.16119378499e-008
   4.496507639522e-009             -2.15722676736e-008
   4.506156797546e-009             -2.16239527671e-008
   4.515805955571e-009             -2.13657126021e-008
   4.525455113596e-009             -2.12423352820e-008
   4.535104271620e-009             -2.13121484284e-008
   4.544753429645e-009             -2.10109829583e-008
   4.554402587670e-009             -2.08227941199e-008
   4.564051745695e-009             -2.09857622230e-008
   4.573700903719e-009             -2.11032115555e-008
   4.583350061744e-009             -1.98843114330e-008
   4.592999219769e-009             -1.98846553676e-008
   4.602648377794e-009             -2.00885375801e-008
   4.612297535818e-009             -2.03058637907e-008
   4.621946693843e-009             -2.03157879638e-008
   4.631595851868e-009             -2.03423847478e-008
   4.641245009892e-009             -2.04550968382e-008
   4.650894167917e-009             -2.05882925770e-008
   4.660543325942e-009             -2.09353210625e-008
   4.670192483967e-009             -2.10670081719e-008
   4.679841641991e-009             -2.12880128394e-008
   4.689490800016e-009             -2.09191776892e-008
   4.699139958041e-009             -2.13458112236e-008
   4.708789116065e-009             -2.13829673278e-008
   4.718438274090e-009             -2.15108437098e-008
   4.728087432115e-009             -2.18722687590e-008
   4.737736590140e-009             -2.27127801641e-008
   4.747385748164e-009             -2.19945082107e-008
   4.757034906189e-009             -2.22709559770e-008
   4.766684064214e-009             -2.24107677278e-008
   4.776333222239e-009             -2.22011161593e-008
   4.785982380263e-009             -2.23981176635e-008
   4.795631538288e-009             -2.25952779544e-008
   4.805280696313e-009             -2.29379661648e-008
   4.814929854337e-009             -2.29514366791e-008
   4.824579012362e-009             -2.27211693467e-008
   4.834228170387e-009             -2.25566927693e-008
   4.843877328412e-009             -2.22001634387e-008
   4.853526486436e-009             -2.21510983268e-008
   4.863175644461e-009             -2.23283308781e-008
   4.872824802486e-009             -2.23415630573e-008
   4.882473960511e-009             -2.22667744887e-008
   4.892123118535e-009             -2.18707602847e-008
   4.901772276560e-009             -1.98112430027e-008
   4.911421434585e-009             -2.01720065438e-008
   4.921070592609e-009             -2.01557574160e-008
   4.930719750634e-009             -2.04836520957e-008
   4.940368908659e-009             -2.08079740731e-008
   4.950018066684e-009             -2.11827108499e-008
   4.959667224708e-009             -2.17103062538e-008
   4.969316382733e-009             -2.12307702089e-008
   4.978965540758e-009             -2.14123693963e-008
   4.988614698783e-009             -2.15265636000e-008
   4.998263856807e-009             -2.19894005179e-008
   5.007913014832e-009             -2.24222003753e-008
   5.017562172857e-009             -2.21572646498e-008
   5.027211330881e-009             -2.16647080898e-008
   5.036860488906e-009             -2.17353682023e-008
   5.046509646931e-009             -2.21254807797e-008
   5.056158804956e-009             -2.17907317527e-008
   5.065807962980e-009             -2.21743077114e-008
   5.075457121005e-009             -2.21677180604e-008
   5.085106279030e-009             -2.24691218657e-008
   5.094755437054e-009             -2.19888712804e-008
   5.104404595079e-009             -2.20182468328e-008
   5.114053753104e-009             -2.19248802121e-008
   5.123702911129e-009             -2.22051652220e-008
   5.133352069153e-009             -2.22465028144e-008
   5.143001227178e-009             -2.21707615252e-008
   5.152650385203e-009             -2.21604138690e-008
   5.162299543228e-009             -2.22201970879e-008
   5.171948701252e-009             -2.22037626572e-008
   5.181597859277e-009             -2.24040721673e-008
   5.191247017302e-009             -2.05391744328e-008
   5.200896175326e-009             -2.08793222100e-008
   5.210545333351e-009             -2.05135834018e-008
   5.220194491376e-009             -2.07730409837e-008
   5.229843649401e-009             -2.11550025586e-008
   5.239492807425e-009             -2.11759093799e-008
   5.249141965450e-009             -2.14092201771e-008
   5.258791123475e-009             -2.14214731194e-008
   5.268440281500e-009             -2.15970912869e-008
   5.278089439524e-009             -2.15558332429e-008
   5.287738597549e-009             -2.13501514987e-008
   5.297387755574e-009             -2.11926879003e-008
   5.307036913598e-009             -2.14931918622e-008
   5.316686071623e-009             -2.16500731908e-008
   5.326335229648e-009             -2.17772613934e-008
   5.335984387673e-009             -2.15957415993e-008
   5.345633545697e-009             -2.21351138954e-008
   5.355282703722e-009             -2.20467754191e-008
   5.364931861747e-009             -2.22520073191e-008
   5.374581019771e-009             -2.19052964071e-008
   5.384230177796e-009             -2.19520062336e-008
   5.393879335821e-009             -2.22344878972e-008
   5.403528493846e-009             -2.19556848455e-008
   5.413177651870e-009             -2.20983811193e-008
   5.422826809895e-009             -2.21459377568e-008
   5.432475967920e-009             -2.17762027633e-008
   5.442125125945e-009             -2.18979658546e-008
   5.451774283969e-009             -2.21741754408e-008
   5.461423441994e-009             -2.19288233652e-008
   5.471072600019e-009             -2.16797928329e-008
   5.480721758043e-009             -2.13924945340e-008
   5.490370916068e-009             -2.07700503962e-008
   5.500020074093e-009             -2.15071916141e-008
   5.509669232118e-009             -2.18063458884e-008
   5.519318390142e-009             -2.16465270046e-008
   5.528967548167e-009             -2.14574383228e-008
   5.538616706192e-009             -2.15983352200e-008
   5.548265864217e-009             -2.16807984307e-008
   5.557915022241e-009             -2.13282652856e-008
   5.567564180266e-009             -2.16569275380e-008
   5.577213338291e-009             -2.15696742080e-008
   5.586862496315e-009             -2.18904234831e-008
   5.596511654340e-009             -2.17323776148e-008
   5.606160812365e-009             -2.13819088527e-008
   5.615809970390e-009             -2.14790333235e-008
   5.625459128414e-009             -2.14598466405e-008
   5.635108286439e-009             -2.08997263099e-008
   5.644757444464e-009             -2.04765860844e-008
   5.654406602488e-009             -2.11953607592e-008
   5.664055760513e-009             -2.10730420692e-008
   5.673704918538e-009             -2.10886296888e-008
   5.683354076563e-009             -2.10877033292e-008
   5.693003234587e-009             -2.12645389136e-008
   5.702652392612e-009             -2.18749946503e-008
   5.712301550637e-009             -2.17056750764e-008
   5.721950708662e-009             -2.17782935074e-008
   5.731599866686e-009             -2.21698881980e-008
   5.741249024711e-009             -2.17850948224e-008
   5.750898182736e-009             -2.18612595947e-008
   5.760547340760e-009             -2.20439437734e-008
   5.770196498785e-009             -2.16845564360e-008
   5.779845656810e-009             -2.14831089023e-008
   5.789494814835e-009             -2.17824484796e-008
   5.799143972859e-009             -2.13001865434e-008
   5.808793130884e-009             -2.13784949371e-008
   5.818442288909e-009             -2.15882522601e-008
   5.828091446934e-009             -2.13996399386e-008
   5.837740604958e-009             -2.15997643009e-008
   5.847389762983e-009             -2.17875560173e-008
   5.857038921008e-009             -2.16033370032e-008
   5.866688079032e-009             -2.15339206686e-008
   5.876337237057e-009             -2.12649887578e-008
   5.885986395082e-009             -2.19296966925e-008
   5.895635553107e-009             -2.17667020732e-008
   5.905284711131e-009             -2.04764536588e-008
   5.914933869156e-009             -2.04955874645e-008
   5.924583027181e-009             -2.11930054738e-008
   5.934232185205e-009             -2.14966586550e-008
   5.943881343230e-009             -2.12074815860e-008
   5.953530501255e-009             -2.11460574672e-008
   5.963179659280e-009             -2.15361171673e-008
   5.972828817304e-009             -2.16589917660e-008
   5.982477975329e-009             -2.15155807967e-008
   5.992127133354e-009             -2.12308496023e-008
   6.001776291379e-009             -2.15608085100e-008
   6.011425449403e-009             -2.17209979997e-008
   6.021074607428e-009             -2.16617440184e-008
   6.030723765453e-009             -2.15882522601e-008
   6.040372923477e-009             -2.18721630045e-008
   6.050022081502e-009             -2.17685016049e-008
   6.059671239527e-009             -2.11894327715e-008
   6.069320397552e-009             -2.10691783095e-008
   6.078969555576e-009             -2.10543317465e-008
   6.088618713601e-009             -2.15559920296e-008
   6.098267871626e-009             -2.14932183783e-008
   6.107917029651e-009             -2.16226030796e-008
   6.117566187675e-009             -2.15516519096e-008
   6.127215345700e-009             -2.16704244135e-008
   6.136864503725e-009             -2.18179108065e-008
   6.146513661749e-009             -2.15184389586e-008
   6.156162819774e-009             -2.18412259455e-008
   6.165811977799e-009             -2.06943885004e-008
   6.175461135824e-009             -2.06455086914e-008
   6.185110293848e-009             -2.12551176170e-008
   6.194759451873e-009             -2.16017754966e-008
   6.204408609898e-009             -2.15412777373e-008
   6.214057767922e-009             -2.17032138814e-008
   6.223706925947e-009             -2.14131633302e-008
   6.233356083972e-009             -2.15912426926e-008
   6.243005241997e-009             -2.15175921475e-008
   6.252654400021e-009             -2.15080384252e-008
   6.262303558046e-009             -2.13001600273e-008
   6.271952716071e-009             -2.15041746654e-008
   6.281601874096e-009             -2.15500904030e-008
   6.291251032120e-009             -2.16526402952e-008
   6.300900190145e-009             -2.18748623796e-008
   6.310549348170e-009             -2.16495439532e-008
   6.320198506194e-009             -2.15970649258e-008
   6.329847664219e-009             -2.17235120718e-008
   6.339496822244e-009             -2.16449654980e-008
   6.349145980269e-009             -2.15721354029e-008
   6.358795138293e-009             -2.11719662268e-008
   6.368444296318e-009             -2.13177589977e-008
   6.378093454343e-009             -2.08527519422e-008
   6.387742612368e-009             -2.13104017739e-008
   6.397391770392e-009             -2.08712769620e-008
   6.407040928417e-009             -2.10945047993e-008
   6.416690086442e-009             -2.13265451472e-008
   6.426339244466e-009             -2.02637324195e-008
   6.435988402491e-009             -2.01651258354e-008
   6.445637560516e-009             -2.02335364171e-008
   6.455286718541e-009             -1.96260976291e-008
   6.464935876565e-009             -2.10483772426e-008
   6.474585034590e-009             -2.17648231481e-008
   6.484234192615e-009             -2.13404918668e-008
   6.493883350640e-009             -2.13493045326e-008
   6.503532508664e-009             -2.12283355301e-008
   6.513181666689e-009             -2.16749498364e-008
   6.522830824714e-009             -2.15478145110e-008
   6.532479982738e-009             -2.14747725969e-008
   6.542129140763e-009             -2.23335443254e-008
   6.551778298788e-009             -2.19138974089e-008
   6.561427456813e-009             -2.20639509064e-008
   6.571076614837e-009             -2.13325790445e-008
   6.580725772862e-009             -2.18401938315e-008
   6.590374930887e-009             -2.18262999891e-008
   6.600024088911e-009             -2.16820422087e-008
   6.609673246936e-009             -2.15933334367e-008
   6.619322404961e-009             -2.22151424274e-008
   6.628971562986e-009             -2.26391559801e-008
   6.638620721010e-009             -2.24759496968e-008
   6.648269879035e-009             -2.19118331809e-008
   6.657919037060e-009             -2.22237963063e-008
   6.667568195085e-009             -2.26902853200e-008
   6.677217353109e-009             -2.27236305416e-008
   6.686866511134e-009             -2.28566673386e-008
   6.696515669159e-009             -2.24432924995e-008
   6.706164827183e-009             -2.07159041077e-008
   6.715813985208e-009             -1.99225260122e-008
   6.725463143233e-009             -1.98451968553e-008
   6.735112301258e-009             -2.04826728589e-008
   6.744761459282e-009             -2.07721940176e-008
   6.754410617307e-009             -2.04278385461e-008
   6.764059775332e-009             -2.05577261238e-008
   6.773708933357e-009             -2.12600928841e-008
   6.783358091381e-009             -2.15104731039e-008
   6.793007249406e-009             -2.15051008699e-008
   6.802656407431e-009             -2.17587627347e-008
   6.812305565455e-009             -2.22268661322e-008
   6.821954723480e-009             -2.17707511359e-008
   6.831603881505e-009             -2.23113141776e-008
   6.841253039530e-009             -2.20068405464e-008
   6.850902197554e-009             -2.22885547923e-008
   6.860551355579e-009             -2.26695371304e-008
   6.870200513604e-009             -2.24019814232e-008
   6.879849671628e-009             -2.23871878925e-008
   6.889498829653e-009             -2.27503332351e-008
   6.899147987678e-009             -2.26054403076e-008
   6.908797145703e-009             -2.25403906093e-008
   6.918446303727e-009             -2.23729499605e-008
   6.928095461752e-009             -2.26904706229e-008
   6.937744619777e-009             -2.30750521794e-008
   6.947393777802e-009             -2.24119321125e-008
   6.957042935826e-009             -2.20958141699e-008
   6.966692093851e-009             -2.20709375242e-008
   6.976341251876e-009             -2.20591873033e-008
   6.985990409900e-009             -2.22943770255e-008
   6.995639567925e-009             -2.17321394346e-008
   7.005288725950e-009             -2.04877275194e-008
   7.014937883975e-009             -2.03821873498e-008
   7.024587041999e-009             -2.03662821566e-008
   7.034236200024e-009             -2.03135120718e-008
   7.043885358049e-009             -2.08014638155e-008
   7.053534516074e-009             -2.15089382685e-008
   7.063183674098e-009             -2.16475591186e-008
   7.072832832123e-009             -2.12038029742e-008
   7.082481990148e-009             -2.16946128797e-008
   7.092131148172e-009             -2.17381733319e-008
   7.101780306197e-009             -2.13401479322e-008
   7.111429464222e-009             -2.18813989983e-008
   7.121078622247e-009             -2.19297232086e-008
   7.130727780271e-009             -2.20938556963e-008
   7.140376938296e-009             -2.20966874971e-008
   7.150026096321e-009             -2.20348400502e-008
   7.159675254345e-009             -2.19577225573e-008
   7.169324412370e-009             -2.21948440819e-008
   7.178973570395e-009             -2.23606439858e-008
   7.188622728420e-009             -2.20910240506e-008
   7.198271886444e-009             -2.22609524105e-008
   7.207921044469e-009             -2.21243163950e-008
   7.217570202494e-009             -2.18197368543e-008
   7.227219360519e-009             -2.17566191133e-008
   7.236868518543e-009             -2.19548909116e-008
   7.246517676568e-009             -2.20632628820e-008
   7.256166834593e-009             -2.24905050474e-008
   7.265815992617e-009             -2.25243002683e-008
   7.275465150642e-009             -2.23585532416e-008
   7.285114308667e-009             -2.20364807952e-008
   7.294763466692e-009             -2.03544525423e-008
   7.304412624716e-009             -2.03366419079e-008
   7.314061782741e-009             -2.11452900495e-008
   7.323710940766e-009             -2.12745689963e-008
   7.333360098791e-009             -2.16660841384e-008
   7.343009256815e-009             -2.17264496271e-008
   7.352658414840e-009             -2.17157315201e-008
   7.362307572865e-009             -2.16845827971e-008
   7.371956730889e-009             -2.15084619082e-008
   7.381605888914e-009             -2.15600410923e-008
   7.391255046939e-009             -2.16990060320e-008
   7.400904204964e-009             -2.18707602847e-008
   7.410553362988e-009             -2.15896813410e-008
   7.420202521013e-009             -2.12320141419e-008
   7.429851679038e-009             -2.13783625114e-008
   7.439500837062e-009             -2.16932366760e-008
   7.449149995087e-009             -2.20198081843e-008
   7.458799153112e-009             -2.21750751291e-008
   7.468448311137e-009             -2.18145497682e-008
   7.478097469161e-009             -2.17739003551e-008
   7.487746627186e-009             -2.15499316162e-008
   7.497395785211e-009             -2.12040676705e-008
   7.507044943236e-009             -2.16517933291e-008
   7.516694101260e-009             -2.20949672037e-008
   7.526343259285e-009             -2.22810124207e-008
   7.535992417310e-009             -2.19221808370e-008
   7.545641575334e-009             -2.22972880646e-008
   7.555290733359e-009             -2.23937510273e-008
   7.564939891384e-009             -2.23248640853e-008
   7.574589049409e-009             -2.21503837864e-008
   7.584238207433e-009             -2.15472852735e-008
   7.593887365458e-009             -2.16669574656e-008
   7.603536523483e-009             -2.12151562282e-008
   7.613185681508e-009             -2.13825439998e-008
   7.622834839532e-009             -2.16963330180e-008
   7.632483997557e-009             -2.19050053497e-008
   7.642133155582e-009             -2.22040802307e-008
   7.651782313606e-009             -2.19014591636e-008
   7.661431471631e-009             -2.18483184729e-008
   7.671080629656e-009             -2.17763351889e-008
   7.680729787681e-009             -2.21436089876e-008
   7.690378945705e-009             -2.20687410256e-008
   7.700028103730e-009             -2.19137651382e-008
   7.709677261755e-009             -2.18367799160e-008
   7.719326419779e-009             -2.20026592132e-008
   7.728975577804e-009             -2.19491215556e-008
   7.738624735829e-009             -2.10850833475e-008
   7.748273893854e-009             -2.16144520771e-008
   7.757923051878e-009             -2.16539899828e-008
   7.767572209903e-009             -2.15297393354e-008
   7.777221367928e-009             -2.16747645335e-008
   7.786870525953e-009             -2.18586661291e-008
   7.796519683977e-009             -2.12482897859e-008
   7.806168842002e-009             -2.12297911272e-008
   7.815818000027e-009             -2.12015005660e-008
   7.825467158051e-009             -2.19579078603e-008
   7.835116316076e-009             -2.22076529331e-008
   7.844765474101e-009             -2.21164299338e-008
   7.854414632126e-009             -2.22714852145e-008
   7.864063790150e-009             -2.19478249004e-008
   7.873712948175e-009             -2.15143105026e-008
   7.883362106200e-009             -2.15866643924e-008
   7.893011264225e-009             -2.20660680116e-008
   7.902660422249e-009             -2.14831617795e-008
   7.912309580274e-009             -2.20491043434e-008
   7.921958738299e-009             -2.18237859170e-008
   7.931607896323e-009             -2.16470827583e-008
   7.941257054348e-009             -2.17451335887e-008
   7.950906212373e-009             -2.19480365644e-008
   7.960555370398e-009             -2.17399199864e-008
   7.970204528422e-009             -2.20690849602e-008
   7.979853686447e-009             -2.22454176681e-008
   7.989502844472e-009             -2.13060616539e-008
   7.999152002496e-009             -2.05936913272e-008
   8.008801160521e-009             -2.12466754020e-008
   8.018450318546e-009             -2.16820422087e-008
   8.028099476571e-009             -2.19621951030e-008
   8.037748634595e-009             -2.18364888586e-008
   8.047397792620e-009             -2.20246776970e-008
   8.057046950645e-009             -2.19031527857e-008
   8.066696108670e-009             -2.18984685760e-008
   8.076345266694e-009             -2.21870900464e-008
   8.085994424719e-009             -2.17308427794e-008
   8.095643582744e-009             -2.19379270883e-008
   8.105292740768e-009             -2.17677076711e-008
   8.114941898793e-009             -2.16688629069e-008
   8.124591056818e-009             -2.16777814821e-008
   8.134240214843e-009             -2.19269179240e-008
   8.143889372867e-009             -2.16907226039e-008
   8.153538530892e-009             -2.14342290933e-008
   8.163187688917e-009             -2.10997182465e-008
   8.172836846941e-009             -2.12798353208e-008
   8.182486004966e-009             -2.13629867109e-008
   8.192135162991e-009             -2.14355522647e-008
   8.201784321016e-009             -2.10264381522e-008
   8.211433479040e-009             -2.16321568019e-008
   8.221082637065e-009             -2.16059569849e-008
   8.230731795090e-009             -2.17479387182e-008
   8.240380953115e-009             -2.18607038410e-008
   8.250030111139e-009             -2.16021989797e-008
   8.259679269164e-009             -2.08294896804e-008
   8.269328427189e-009             -2.07165657709e-008
   8.278977585213e-009             -2.13068555878e-008
   8.288626743238e-009             -2.16883673185e-008
   8.298275901263e-009             -2.17167371180e-008
   8.307925059288e-009             -2.22777572919e-008
   8.317574217312e-009             -2.15156867063e-008
   8.327223375337e-009             -2.19976574299e-008
   8.336872533362e-009             -2.20593989673e-008
   8.346521691387e-009             -2.18435548698e-008
   8.356170849411e-009             -2.19013532540e-008
   8.365820007436e-009             -2.19222071981e-008
   8.375469165461e-009             -2.17021287351e-008
   8.385118323485e-009             -2.15911367830e-008
   8.394767481510e-009             -2.16716947076e-008
   8.404416639535e-009             -2.17689516041e-008
   8.414065797560e-009             -2.21473933539e-008
   8.423714955584e-009             -2.20527564391e-008
   8.433364113609e-009             -2.17285403712e-008
   8.443013271634e-009             -2.18608361116e-008
   8.452662429658e-009             -2.13434559382e-008
   8.462311587683e-009             -2.11271883577e-008
   8.471960745708e-009             -2.14177681465e-008
   8.481609903733e-009             -2.14920274776e-008
   8.491259061757e-009             -2.16091062042e-008
   8.500908219782e-009             -2.17550577618e-008
   8.510557377807e-009             -2.03411673309e-008
   8.520206535832e-009             -2.04059788491e-008
   8.529855693856e-009             -2.02223419498e-008
   8.539504851881e-009             -2.03735598319e-008
   8.549154009906e-009             -2.07226525454e-008
   8.558803167930e-009             -2.15741202376e-008
   8.568452325955e-009             -2.13812737056e-008
   8.578101483980e-009             -2.17065484036e-008
   8.587750642005e-009             -2.12909503946e-008
   8.597399800029e-009             -2.17188807394e-008
   8.607048958054e-009             -2.21011598877e-008
   8.616698116079e-009             -2.20320082495e-008
   8.626347274103e-009             -2.21521834732e-008
   8.635996432128e-009             -2.19871246259e-008
   8.645645590153e-009             -2.19937671541e-008
   8.655294748178e-009             -2.20708052536e-008
   8.664943906202e-009             -2.18598039976e-008
   8.674593064227e-009             -2.20808616973e-008
   8.684242222252e-009             -2.25867034688e-008
   8.693891380277e-009             -2.23311625238e-008
   8.703540538301e-009             -2.23641901720e-008
   8.713189696326e-009             -2.27591722619e-008
   8.722838854351e-009             -2.25664581557e-008
   8.732488012375e-009             -2.21018215510e-008
   8.742137170400e-009             -2.27474220410e-008
   8.751786328425e-009             -2.24847093303e-008
   8.761435486450e-009             -2.25871267968e-008
   8.771084644474e-009             -2.25933459970e-008
   8.780733802499e-009             -2.24650197708e-008
   8.790382960524e-009             -2.23902842345e-008
   8.800032118549e-009             -2.11345719425e-008
   8.809681276573e-009             -2.06300269813e-008
   8.819330434598e-009             -2.07999288251e-008
   8.828979592623e-009             -2.06584232970e-008
   8.838628750647e-009             -2.07200855960e-008
   8.848277908672e-009             -2.08150400844e-008
   8.857927066697e-009             -2.13898481912e-008
   8.867576224722e-009             -2.14707764115e-008
   8.877225382746e-009             -2.19933436710e-008
   8.886874540771e-009             -2.20417472747e-008
   8.896523698796e-009             -2.14760694072e-008
   8.906172856820e-009             -2.20632892431e-008
   8.915822014845e-009             -2.16505760672e-008
   8.925471172870e-009             -2.20593195739e-008
   8.935120330895e-009             -2.20676558793e-008
   8.944769488919e-009             -2.20724988758e-008
   8.954418646944e-009             -2.23865527454e-008
   8.964067804969e-009             -2.24676927848e-008
   8.973716962994e-009             -2.21066380313e-008
   8.983366121018e-009             -2.25641292313e-008
   8.993015279043e-009             -2.26994949526e-008
   9.002664437068e-009             -2.27636976849e-008
   9.012313595092e-009             -2.32494264138e-008
   9.021962753117e-009             -2.29726875901e-008
   9.031611911142e-009             -2.25627001504e-008
   9.041261069167e-009             -2.25246972352e-008
   9.050910227191e-009             -2.26079808960e-008
   9.060559385216e-009             -2.26518589217e-008
   9.070208543241e-009             -2.25704278249e-008
   9.079857701266e-009             -2.27598074090e-008
   9.089506859290e-009             -2.19517945696e-008
   9.099156017315e-009             -2.07225467909e-008
   9.108805175340e-009             -2.06461173223e-008
   9.118454333364e-009             -2.07334236847e-008
   9.128103491389e-009             -2.12645917908e-008
   9.137752649414e-009             -2.17044047822e-008
   9.147401807439e-009             -2.17392848393e-008
   9.157050965463e-009             -2.17651407217e-008
   9.166700123488e-009             -2.13564764533e-008
   9.176349281513e-009             -2.14866550885e-008
   9.185998439537e-009             -2.18834368652e-008
   9.195647597562e-009             -2.25101152134e-008
   9.205296755587e-009             -2.22727026315e-008
   9.214945913612e-009             -2.22035244770e-008
   9.224595071636e-009             -2.21777216269e-008
   9.234244229661e-009             -2.20093547737e-008
   9.243893387686e-009             -2.23479410442e-008
   9.253542545711e-009             -2.25045047993e-008
   9.263191703735e-009             -2.27525032176e-008
   9.272840861760e-009             -2.26991245019e-008
   9.282490019785e-009             -2.26149938749e-008
   9.292139177809e-009             -2.24673486951e-008
   9.301788335834e-009             -2.24427632620e-008
   9.311437493859e-009             -2.23786134069e-008
   9.321086651884e-009             -2.25097976399e-008
   9.330735809908e-009             -2.25650025586e-008
   9.340384967933e-009             -2.24767436307e-008
   9.350034125958e-009             -2.22362610678e-008
   9.359683283982e-009             -2.26906294097e-008
   9.369332442007e-009             -2.26537643629e-008
   9.378981600032e-009             -2.24864559847e-008
   9.388630758057e-009             -2.18865595683e-008
   9.398279916081e-009             -2.18538231326e-008
   9.407929074106e-009             -2.19219690180e-008
   9.417578232131e-009             -2.18870359286e-008
   9.427227390156e-009             -2.18641971499e-008
   9.436876548180e-009             -2.19228159841e-008
   9.446525706205e-009             -2.21415976368e-008
   9.456174864230e-009             -2.20722343345e-008
   9.465824022254e-009             -2.18810550637e-008
   9.475473180279e-009             -2.15037776985e-008
   9.485122338304e-009             -2.16138169300e-008
   9.494771496329e-009             -2.17714656763e-008
   9.504420654353e-009             -2.16588064631e-008
   9.514069812378e-009             -2.17834540774e-008
   9.523718970403e-009             -2.20485751058e-008
   9.533368128428e-009             -2.21375220580e-008
   9.543017286452e-009             -2.16516875746e-008
   9.552666444477e-009             -2.15858174262e-008
   9.562315602502e-009             -2.16459447348e-008
   9.571964760526e-009             -2.20416942424e-008
   9.581613918551e-009             -2.18463336383e-008
   9.591263076576e-009             -2.18168786925e-008
   9.600912234601e-009             -2.21162446309e-008
   9.610561392625e-009             -2.21295827195e-008
   9.620210550650e-009             -2.21212464141e-008
   9.629859708675e-009             -2.19390385957e-008
   9.639508866699e-009             -2.25316838531e-008
