# Atom Manipulation               
# 
# Sample                          Ag(111)
# Data set                        -
# Creation Comment                
# Gap voltage                     -1.000e-003 V
# Gap voltage range in Volt       -10;10
# Feedback loop enabled           No
# Regulator setpoint              1.000e-009 A
# Pre-amplifier range             0;3.33e-007
# Loop gain                       7.000e+000 %
# Z-axis offset                   -4.000e-010 m
# Parameter mode                  V before Z
# Raster time                     1.000e-003 seconds
# Channel name and data unit      I(r) [A]
# Manipulation vector: start      -2.280e+000, -4.400e-001 [nm]
#                      end        6.200e-001, -3.260e+000 [nm]
# 
# 
#             Position                             I(r)
# --------------------             --------------------
   0.000000000000e+000             -5.764859433392e-009
   4.045046353257e-012             -5.815327265115e-009
   8.090092706515e-012             -5.714259486114e-009
   1.213513905977e-011             -5.617743491138e-009
   1.618018541303e-011             -5.607634170169e-009
   2.022523176629e-011             -5.669402223635e-009
   2.427027811954e-011             -5.660113197600e-009
   2.831532447280e-011             -5.711216021337e-009
   3.236037082606e-011             -5.561982973841e-009
   3.640541717932e-011             -5.462794119927e-009
   4.045046353257e-011             -5.512891345811e-009
   4.449550988583e-011             -5.416454899285e-009
   4.854055623909e-011             -5.290536990805e-009
   5.258560259234e-011             -5.185922870567e-009
   5.663064894560e-011             -5.171155700972e-009
   6.067569529886e-011             -5.193994634744e-009
   6.472074165212e-011             -5.161946068322e-009
   6.876578800537e-011             -5.240624912776e-009
   7.281083435863e-011             -5.443131076618e-009
   7.685588071189e-011             -5.502067329312e-009
   8.090092706515e-011             -5.538879498829e-009
   8.494597341840e-011             -5.700286250368e-009
   8.899101977166e-011             -5.807149746468e-009
   9.303606612492e-011             -5.862857386531e-009
   9.708111247817e-011             -5.853092000186e-009
   1.011261588314e-010             -5.900410457597e-009
   1.051712051847e-010             -6.161826357984e-009
   1.092162515379e-010             -6.431314022546e-009
   1.132612978912e-010             -6.650333855386e-009
   1.173063442445e-010             -6.654118376777e-009
   1.213513905977e-010             -6.660311060801e-009
   1.253964369510e-010             -6.688707376452e-009
   1.294414833042e-010             -6.702283645273e-009
   1.334865296575e-010             -6.615453798322e-009
   1.375315760107e-010             -6.945465583278e-009
   1.415766223640e-010             -7.021603839414e-009
   1.456216687173e-010             -7.011203305990e-009
   1.496667150705e-010             -6.965869683202e-009
   1.537117614238e-010             -7.062544309882e-009
   1.577568077770e-010             -7.069213354215e-009
   1.618018541303e-010             -7.124206608879e-009
   1.658469004835e-010             -7.085938997348e-009
   1.698919468368e-010             -7.169460838282e-009
   1.739369931901e-010             -6.976799454170e-009
   1.779820395433e-010             -6.828651397913e-009
   1.820270858966e-010             -6.739175053110e-009
   1.860721322498e-010             -6.745844097443e-009
   1.901171786031e-010             -6.796206019631e-009
   1.941622249563e-010             -6.659014250492e-009
   1.982072713096e-010             -6.553659228706e-009
   2.022523176629e-010             -6.431975685776e-009
   2.062973640161e-010             -6.407072523996e-009
   2.103424103694e-010             -6.329505186931e-009
   2.143874567226e-010             -6.219280807580e-009
   2.184325030759e-010             -6.385212982059e-009
   2.224775494292e-010             -6.343743118982e-009
   2.265225957824e-010             -6.285177317062e-009
   2.305676421357e-010             -6.313838329017e-009
   2.346126884889e-010             -6.542173704043e-009
   2.386577348422e-010             -6.832250616384e-009
   2.427027811954e-010             -6.748887562220e-009
   2.467478275487e-010             -6.823411434508e-009
   2.507928739020e-010             -6.980345795407e-009
   2.548379202552e-010             -6.859032703252e-009
   2.588829666085e-010             -7.085250817969e-009
   2.629280129617e-010             -7.175097768612e-009
   2.669730593150e-010             -7.383161314333e-009
   2.710181056682e-010             -7.471817209136e-009
   2.750631520215e-010             -7.661567399091e-009
   2.791081983748e-010             -7.636849695297e-009
   2.831532447280e-010             -7.644683124254e-009
   2.871982910813e-010             -7.616048628448e-009
   2.912433374345e-010             -7.679113337158e-009
   2.952883837878e-010             -7.722832731163e-009
   2.993334301410e-010             -7.634600164369e-009
   3.033784764943e-010             -7.684512087333e-009
   3.074235228476e-010             -7.604562948720e-009
   3.114685692008e-010             -7.525063809332e-009
   3.155136155541e-010             -7.701793484160e-009
   3.195586619073e-010             -7.609591248120e-009
   3.236037082606e-010             -7.633779714370e-009
   3.276487546138e-010             -7.618959667540e-009
   3.316938009671e-010             -7.528742266123e-009
   3.357388473204e-010             -7.213841740452e-009
   3.397838936736e-010             -7.234087053606e-009
   3.438289400269e-010             -7.231175859449e-009
   3.478739863801e-010             -7.365694769651e-009
   3.519190327334e-010             -7.431829459288e-009
   3.559640790866e-010             -7.352224410365e-009
   3.600091254399e-010             -7.283575493495e-009
   3.640541717932e-010             -7.213577044147e-009
   3.680992181464e-010             -7.067413822512e-009
   3.721442644997e-010             -7.046189272589e-009
   3.761893108529e-010             -7.199524415017e-009
   3.802343572062e-010             -7.190526446371e-009
   3.842794035594e-010             -7.219108064941e-009
   3.883244499127e-010             -7.111530028377e-009
   3.923694962660e-010             -7.123200855960e-009
   3.964145426192e-010             -7.263356696491e-009
   4.004595889725e-010             -7.520220812852e-009
   4.045046353257e-010             -7.661382251237e-009
   4.085496816790e-010             -7.587705190032e-009
   4.125947280322e-010             -7.648202949340e-009
   4.166397743855e-010             -7.550866659430e-009
   4.206848207388e-010             -7.664319806479e-009
   4.247298670920e-010             -7.905940237870e-009
   4.287749134453e-010             -8.090265316566e-009
   4.328199597985e-010             -8.368115647630e-009
   4.368650061518e-010             -8.447985392858e-009
   4.409100525050e-010             -8.193582471429e-009
   4.449550988583e-010             -8.408606273938e-009
   4.490001452116e-010             -8.417524849199e-009
   4.530451915648e-010             -8.312116795112e-009
   4.570902379181e-010             -8.165397819783e-009
   4.611352842713e-010             -7.992796600971e-009
   4.651803306246e-010             -7.992082060506e-009
   4.692253769778e-010             -7.968158290561e-009
   4.732704233311e-010             -8.056708275830e-009
   4.773154696844e-010             -8.150445502334e-009
   4.813605160376e-010             -8.022013366621e-009
   4.854055623909e-010             -7.761788367008e-009
   4.894506087441e-010             -7.689910837507e-009
   4.934956550974e-010             -7.957307757912e-009
   4.975407014506e-010             -7.864946890167e-009
   5.015857478039e-010             -7.745195149560e-009
   5.056307941572e-010             -8.095558157205e-009
   5.096758405104e-010             -7.888500209338e-009
   5.137208868637e-010             -7.986762703717e-009
   5.177659332169e-010             -8.128109445022e-009
   5.218109795702e-010             -8.364304765154e-009
   5.258560259234e-010             -8.211763556576e-009
   5.299010722767e-010             -8.096061033665e-009
   5.339461186300e-010             -8.139436182915e-009
   5.379911649832e-010             -8.226028004776e-009
   5.420362113365e-010             -8.370021088868e-009
   5.460812576897e-010             -8.482230457908e-009
   5.501263040430e-010             -8.650041557475e-009
   5.541713503962e-010             -8.610900618710e-009
   5.582163967495e-010             -8.897907705190e-009
   5.622614431028e-010             -9.015012947945e-009
   5.663064894560e-010             -9.211326272698e-009
   5.703515358093e-010             -9.248694195909e-009
   5.743965821625e-010             -9.436459551241e-009
   5.784416285158e-010             -9.524242118811e-009
   5.824866748690e-010             -9.450194606832e-009
   5.865317212223e-010             -9.733232024066e-009
   5.905767675756e-010             -1.000129045264e-008
   5.946218139288e-010             -9.987396610275e-009
   5.986668602821e-010             -9.720105599405e-009
   6.027119066353e-010             -9.638780257098e-009
   6.067569529886e-010             -9.531069949914e-009
   6.108019993419e-010             -9.448236133294e-009
   6.148470456951e-010             -9.471472033990e-009
   6.188920920484e-010             -9.480522879871e-009
   6.229371384016e-010             -9.326737893284e-009
   6.269821847549e-010             -9.073234815240e-009
   6.310272311081e-010             -8.939192265348e-009
   6.350722774614e-010             -8.995588084790e-009
   6.391173238147e-010             -9.155724542170e-009
   6.431623701679e-010             -9.311811936919e-009
   6.472074165212e-010             -9.100254927197e-009
   6.512524628744e-010             -9.109914559072e-009
   6.552975092277e-010             -8.976295492254e-009
   6.593425555809e-010             -8.910531253392e-009
   6.633876019342e-010             -8.960390299121e-009
   6.674326482875e-010             -9.131350773000e-009
   6.714776946407e-010             -9.383186589961e-009
   6.755227409940e-010             -9.416690598397e-009
   6.795677873472e-010             -9.340049465800e-009
   6.836128337005e-010             -9.462976941804e-009
   6.876578800537e-010             -9.471630820760e-009
   6.917029264070e-010             -9.259968056568e-009
   6.957479727603e-010             -9.608584409744e-009
   6.997930191135e-010             -9.787245886895e-009
   7.038380654668e-010             -9.791453736296e-009
   7.078831118200e-010             -9.907765045202e-009
   7.119281581733e-010             -1.004429530618e-008
   7.159732045265e-010             -1.024870675619e-008
   7.200182508798e-010             -1.048405526524e-008
   7.240632972331e-010             -1.075679790352e-008
   7.281083435863e-010             -1.068465583278e-008
   7.321533899396e-010             -1.063109181411e-008
   7.361984362928e-010             -1.064577959032e-008
   7.402434826461e-010             -1.058205306331e-008
   7.442885289993e-010             -1.063596117167e-008
   7.483335753526e-010             -1.071331684473e-008
   7.523786217059e-010             -1.066221402100e-008
   7.564236680591e-010             -1.082833134333e-008
   7.604687144124e-010             -1.051377475228e-008
   7.645137607656e-010             -1.058366744716e-008
   7.685588071189e-010             -1.066404006885e-008
   7.726038534721e-010             -1.020210283924e-008
   7.766488998254e-010             -9.872170447673e-009
   7.806939461787e-010             -9.595140411543e-009
   7.847389925319e-010             -9.728097815131e-009
   7.887840388852e-010             -9.701368760564e-009
   7.928290852384e-010             -9.712563227837e-009
   7.968741315917e-010             -9.868730015972e-009
   8.009191779449e-010             -9.503388174727e-009
   8.049642242982e-010             -9.425953108282e-009
   8.090092706515e-010             -9.393295910931e-009
   8.130543170047e-010             -9.560233838329e-009
   8.170993633580e-010             -9.767503450201e-009
   8.211444097112e-010             -9.733681868226e-009
   8.251894560645e-010             -9.437888632170e-009
   8.292345024177e-010             -9.608399106824e-009
   8.332795487710e-010             -9.680329513560e-009
   8.373245951243e-010             -9.923299787561e-009
   8.413696414775e-010             -1.020556963203e-008
   8.454146878308e-010             -9.884052939261e-009
   8.494597341840e-010             -1.014925336104e-008
   8.535047805373e-010             -9.957809393850e-009
   8.575498268905e-010             -1.002399696072e-008
   8.615948732438e-010             -1.021120656236e-008
   8.656399195971e-010             -1.005496038084e-008
   8.696849659503e-010             -9.962387694025e-009
   8.737300123036e-010             -9.935526368838e-009
   8.777750586568e-010             -9.854703902991e-009
   8.818201050101e-010             -1.010656608104e-008
   8.858651513633e-010             -1.128465815876e-008
   8.899101977166e-010             -1.360876707656e-008
   8.939552440699e-010             -1.349369970072e-008
   8.980002904231e-010             -1.356697979500e-008
   9.020453367764e-010             -1.310064941308e-008
   9.060903831296e-010             -1.306965963188e-008
   9.101354294829e-010             -1.291669494022e-008
   9.141804758361e-010             -1.302985702988e-008
   9.182255221894e-010             -1.288914543566e-008
   9.222705685427e-010             -1.262129867109e-008
   9.263156148959e-010             -1.243438012684e-008
   9.303606612492e-010             -1.228223604025e-008
   9.344057076024e-010             -1.200867279691e-008
   9.384507539557e-010             -1.160511622137e-008
   9.424958003089e-010             -1.143987222627e-008
   9.465408466622e-010             -1.164182248135e-008
   9.505858930155e-010             -1.154154863620e-008
   9.546309393687e-010             -1.153506489479e-008
   9.586759857220e-010             -1.125374761587e-008
   9.627210320752e-010             -1.134330335406e-008
   9.667660784285e-010             -1.127949758874e-008
   9.708111247818e-010             -1.128629890369e-008
   9.748561711350e-010             -1.152357921506e-008
   9.789012174883e-010             -1.156264076044e-008
   9.829462638415e-010             -1.144214811828e-008
   9.869913101948e-010             -1.124628463769e-008
   9.910363565480e-010             -1.132342849168e-008
   9.950814029013e-010             -1.173484501233e-008
   9.991264492546e-010             -1.185345872940e-008
   1.003171495608e-009             -1.190501155236e-008
   1.007216541961e-009             -1.163483586348e-008
   1.011261588314e-009             -1.165018530292e-008
   1.015306634668e-009             -1.138892803424e-008
   1.019351681021e-009             -1.137212315279e-008
   1.023396727374e-009             -1.132678953000e-008
   1.027441773727e-009             -1.131607142303e-008
   1.031486820081e-009             -1.092368279862e-008
   1.035531866434e-009             -1.071678363752e-008
   1.039576912787e-009             -1.064720867125e-008
   1.043621959140e-009             -1.043850982338e-008
   1.047667005494e-009             -1.045452092605e-008
   1.051712051847e-009             -1.035707872660e-008
   1.055757098200e-009             -1.013909100777e-008
   1.059802144553e-009             -9.863992929027e-009
   1.063847190907e-009             -9.628326846439e-009
   1.067892237260e-009             -9.489758873606e-009
   1.071937283613e-009             -9.434051233544e-009
   1.075982329966e-009             -9.344627765976e-009
   1.080027376320e-009             -9.177848780412e-009
   1.084072422673e-009             -8.999081393726e-009
   1.088117469026e-009             -8.744784381833e-009
   1.092162515379e-009             -8.635803625424e-009
   1.096207561733e-009             -8.538732031819e-009
   1.100252608086e-009             -8.362981593760e-009
   1.104297654439e-009             -8.315213137124e-009
   1.108342700792e-009             -8.110775170959e-009
   1.112387747146e-009             -8.072639985114e-009
   1.116432793499e-009             -7.944181488316e-009
   1.120477839852e-009             -7.823159453550e-009
   1.124522886206e-009             -8.007404983796e-009
   1.128567932559e-009             -8.111648498193e-009
   1.132612978912e-009             -8.050330443952e-009
   1.136658025265e-009             -8.157352726822e-009
   1.140703071619e-009             -8.014312208284e-009
   1.144748117972e-009             -7.998168990060e-009
   1.148793164325e-009             -7.976732776132e-009
   1.152838210678e-009             -7.920231047155e-009
   1.156883257032e-009             -8.277421885903e-009
   1.160928303385e-009             -8.342312797531e-009
   1.164973349738e-009             -8.355809672967e-009
   1.169018396091e-009             -8.184081781389e-009
   1.173063442445e-009             -7.994305075284e-009
   1.177108488798e-009             -7.927985237792e-009
   1.181153535151e-009             -7.834856797283e-009
   1.185198581504e-009             -7.873045015429e-009
   1.189243627858e-009             -7.731460093970e-009
   1.193288674211e-009             -7.617424677077e-009
   1.197333720564e-009             -7.501007613702e-009
   1.201378766917e-009             -7.286724867807e-009
   1.205423813271e-009             -7.311310300982e-009
   1.209468859624e-009             -7.023641551272e-009
   1.213513905977e-009             -7.019089767247e-009
   1.217558952330e-009             -7.080090247949e-009
   1.221603998684e-009             -6.841010404875e-009
   1.225649045037e-009             -6.740577772954e-009
   1.229694091390e-009             -6.459366403573e-009
   1.233739137743e-009             -6.380581649584e-009
   1.237784184097e-009             -6.424989067903e-009
   1.241829230450e-009             -6.481384732280e-009
   1.245874276803e-009             -6.305581416986e-009
   1.249919323157e-009             -6.197288839957e-009
   1.253964369510e-009             -6.148991145777e-009
   1.258009415863e-009             -5.835837119509e-009
   1.262054462216e-009             -5.857167578967e-009
   1.266099508570e-009             -5.928595109243e-009
   1.270144554923e-009             -6.049325931554e-009
   1.274189601276e-009             -5.982079734528e-009
   1.278234647629e-009             -5.690414954488e-009
   1.282279693983e-009             -5.856505915738e-009
   1.286324740336e-009             -5.941006993441e-009
   1.290369786689e-009             -6.055809828033e-009
   1.294414833042e-009             -6.133588829103e-009
   1.298459879396e-009             -6.117233791809e-009
   1.302504925749e-009             -6.086561429081e-009
   1.306549972102e-009             -6.158280171812e-009
   1.310595018455e-009             -6.060864488517e-009
   1.314640064809e-009             -6.250879374777e-009
   1.318685111162e-009             -6.275094357177e-009
   1.322730157515e-009             -6.284727317837e-009
   1.326775203868e-009             -6.329002465537e-009
   1.330820250222e-009             -6.110405960706e-009
   1.334865296575e-009             -6.029610011010e-009
   1.338910342928e-009             -6.067533532851e-009
   1.342955389281e-009             -5.815433019585e-009
   1.347000435635e-009             -5.895408674348e-009
   1.351045481988e-009             -5.819243902061e-009
   1.355090528341e-009             -5.725268650468e-009
   1.359135574694e-009             -5.611842019569e-009
   1.363180621048e-009             -5.534459830359e-009
   1.367225667401e-009             -5.446094992945e-009
   1.371270713754e-009             -5.318615732916e-009
   1.375315760107e-009             -5.296676642528e-009
   1.379360806461e-009             -5.185314239638e-009
   1.383405852814e-009             -5.075698491216e-009
   1.387450899167e-009             -5.030126688272e-009
   1.391495945521e-009             -5.069373381507e-009
   1.395540991874e-009             -5.040844795236e-009
   1.399586038227e-009             -4.989000914885e-009
   1.403631084580e-009             -4.943534866411e-009
   1.407676130934e-009             -4.983946099335e-009
   1.411721177287e-009             -5.199710958458e-009
   1.415766223640e-009             -5.046455209416e-009
   1.419811269993e-009             -4.889732667587e-009
   1.423856316347e-009             -4.984184279490e-009
   1.427901362700e-009             -5.060057994387e-009
   1.431946409053e-009             -5.073025477213e-009
   1.435991455406e-009             -5.035789979686e-009
   1.440036501760e-009             -5.044602645412e-009
   1.444081548113e-009             -5.220009148847e-009
   1.448126594466e-009             -5.198811115074e-009
   1.452171640819e-009             -5.308400502411e-009
   1.456216687173e-009             -5.320415264619e-009
   1.460261733526e-009             -5.297232396223e-009
   1.464306779879e-009             -5.360800136457e-009
   1.468351826232e-009             -5.336585154057e-009
   1.472396872586e-009             -5.297920575602e-009
   1.476441918939e-009             -5.379563336383e-009
   1.480486965292e-009             -5.483859883081e-009
   1.484532011645e-009             -5.391525376421e-009
   1.488577057999e-009             -5.566640667401e-009
   1.492622104352e-009             -5.414522941897e-009
   1.496667150705e-009             -5.309379584115e-009
   1.500712197058e-009             -5.085675541565e-009
   1.504757243412e-009             -5.053918187598e-009
   1.508802289765e-009             -5.037033912760e-009
   1.512847336118e-009             -5.055109088372e-009
   1.516892382471e-009             -4.869407961048e-009
   1.520937428825e-009             -4.783636589186e-009
   1.524982475178e-009             -4.737879638388e-009
   1.529027521531e-009             -4.722318534944e-009
   1.533072567885e-009             -4.670712834747e-009
   1.537117614238e-009             -4.681086852021e-009
   1.541162660591e-009             -4.650520398828e-009
   1.545207706944e-009             -4.576340461164e-009
   1.549252753298e-009             -4.516160275396e-009
   1.553297799651e-009             -4.440498379569e-009
   1.557342846004e-009             -4.636229589542e-009
   1.561387892357e-009             -4.700538231326e-009
   1.565432938711e-009             -4.790596845974e-009
   1.569477985064e-009             -4.707498333049e-009
   1.573523031417e-009             -4.849030377274e-009
   1.577568077770e-009             -4.728061219743e-009
   1.581613124124e-009             -4.848421591279e-009
   1.585658170477e-009             -4.823465707330e-009
   1.589703216830e-009             -4.879596830467e-009
   1.593748263183e-009             -4.954941152755e-009
   1.597793309537e-009             -4.929058909271e-009
   1.601838355890e-009             -4.939618229465e-009
   1.605883402243e-009             -5.100416195010e-009
   1.609928448596e-009             -5.084219944487e-009
   1.613973494950e-009             -5.199340352618e-009
   1.618018541303e-009             -5.211355269891e-009
   1.622063587656e-009             -5.288287459877e-009
   1.626108634009e-009             -5.215483725907e-009
   1.630153680363e-009             -5.194920839213e-009
   1.634198726716e-009             -5.249966971111e-009
   1.638243773069e-009             -5.327613701562e-009
   1.642288819422e-009             -5.382448014390e-009
   1.646333865776e-009             -5.471315728264e-009
   1.650378912129e-009             -5.412458713889e-009
   1.654423958482e-009             -5.290298810650e-009
   1.658469004835e-009             -5.268306843027e-009
   1.662514051189e-009             -5.101342554544e-009
   1.666559097542e-009             -5.038754051078e-009
   1.670604143895e-009             -5.031132286126e-009
   1.674649190249e-009             -4.937315821303e-009
   1.678694236602e-009             -4.830690505358e-009
   1.682739282955e-009             -4.618815922095e-009
   1.686784329308e-009             -4.811450790057e-009
   1.690829375662e-009             -4.773474235916e-009
   1.694874422015e-009             -4.780011009630e-009
   1.698919468368e-009             -4.800176929399e-009
   1.702964514721e-009             -4.779428739785e-009
   1.707009561075e-009             -4.608785994511e-009
   1.711054607428e-009             -4.709933166897e-009
   1.715099653781e-009             -4.732480888213e-009
   1.719144700134e-009             -4.930091023275e-009
   1.723189746488e-009             -5.012421963436e-009
   1.727234792841e-009             -5.003768084480e-009
   1.731279839194e-009             -4.995643443068e-009
   1.735324885547e-009             -5.029385631658e-009
   1.739369931901e-009             -5.168588751570e-009
   1.743414978254e-009             -5.260182201616e-009
   1.747460024607e-009             -5.196535223061e-009
   1.751505070960e-009             -5.140139403619e-009
   1.755550117314e-009             -5.133496875436e-009
   1.759595163667e-009             -5.241736420165e-009
   1.763640210020e-009             -5.268571384267e-009
   1.767685256373e-009             -5.356989253981e-009
   1.771730302727e-009             -5.379007582689e-009
   1.775775349080e-009             -5.305198250864e-009
   1.779820395433e-009             -5.303398719161e-009
   1.783865441786e-009             -5.354792600288e-009
   1.787910488140e-009             -5.255021631596e-009
   1.791955534493e-009             -5.276113755834e-009
   1.796000580846e-009             -5.132570515902e-009
   1.800045627199e-009             -5.252639830049e-009
   1.804090673553e-009             -5.183964552094e-009
   1.808135719906e-009             -5.205956519717e-009
   1.812180766259e-009             -5.179042162229e-009
   1.816225812613e-009             -5.134634743910e-009
   1.820270858966e-009             -5.073634263208e-009
   1.824315905319e-009             -4.961160197863e-009
   1.828360951672e-009             -4.880523034936e-009
   1.832405998026e-009             -4.874647924452e-009
   1.836451044379e-009             -4.975054040224e-009
   1.840496090732e-009             -4.927365132038e-009
   1.844541137085e-009             -4.800415109554e-009
   1.848586183439e-009             -4.869804927972e-009
   1.852631229792e-009             -4.930620260820e-009
   1.856676276145e-009             -4.982014297012e-009
   1.860721322498e-009             -4.898148366388e-009
   1.864766368852e-009             -5.097081672843e-009
   1.868811415205e-009             -5.060216781156e-009
   1.872856461558e-009             -5.127542371567e-009
   1.876901507911e-009             -5.062704337174e-009
   1.880946554265e-009             -5.173193567895e-009
   1.884991600618e-009             -5.338093628371e-009
   1.889036646971e-009             -5.533824683279e-009
   1.893081693324e-009             -5.521783404922e-009
   1.897126739678e-009             -5.645557692009e-009
   1.901171786031e-009             -5.460227015460e-009
   1.905216832384e-009             -5.405710276171e-009
   1.909261878737e-009             -5.443977887702e-009
   1.913306925091e-009             -5.553249701499e-009
   1.917351971444e-009             -5.627985237792e-009
   1.921397017797e-009             -5.626079796554e-009
   1.925442064150e-009             -5.482748375692e-009
   1.929487110504e-009             -5.387926157949e-009
   1.933532156857e-009             -5.524773837399e-009
   1.937577203210e-009             -5.483859883081e-009
   1.941622249563e-009             -5.486506225868e-009
   1.945667295917e-009             -5.458268696987e-009
   1.949712342270e-009             -5.228848330723e-009
   1.953757388623e-009             -5.146914357487e-009
   1.957802434977e-009             -5.151572051047e-009
   1.961847481330e-009             -5.192089193506e-009
   1.965892527683e-009             -5.289531237886e-009
   1.969937574036e-009             -5.299084960226e-009
   1.973982620390e-009             -5.263252027478e-009
   1.978027666743e-009             -5.136037463754e-009
   1.982072713096e-009             -4.997601761541e-009
   1.986117759449e-009             -5.058972848083e-009
   1.990162805803e-009             -5.005011862488e-009
   1.994207852156e-009             -4.992097256897e-009
   1.998252898509e-009             -5.003609297710e-009
   2.002297944862e-009             -4.961954131712e-009
   2.006342991216e-009             -4.981670207322e-009
   2.010388037569e-009             -5.140324706539e-009
   2.014433083922e-009             -5.205956519717e-009
   2.018478130275e-009             -5.175019615748e-009
   2.022523176629e-009             -5.158426398300e-009
   2.026568222982e-009             -5.177851261455e-009
   2.030613269335e-009             -5.247611530649e-009
   2.034658315688e-009             -5.233902991208e-009
   2.038703362042e-009             -5.436382638900e-009
   2.042748408395e-009             -5.477243715983e-009
   2.046793454748e-009             -5.576300144211e-009
   2.050838501101e-009             -5.704864550544e-009
   2.054883547455e-009             -5.706531811627e-009
   2.058928593808e-009             -5.807599590628e-009
   2.062973640161e-009             -5.750145296097e-009
   2.067018686514e-009             -5.657255035743e-009
   2.071063732868e-009             -5.685439687389e-009
   2.075108779221e-009             -5.574209555118e-009
   2.079153825574e-009             -5.647966009707e-009
   2.083198871927e-009             -5.664188621315e-009
   2.087243918281e-009             -5.548300795485e-009
   2.091288964634e-009             -5.432571756424e-009
   2.095334010987e-009             -5.306177487634e-009
   2.099379057341e-009             -5.304483710400e-009
   2.103424103694e-009             -5.239248864147e-009
   2.107469150047e-009             -5.230753771961e-009
   2.111514196400e-009             -5.203865775559e-009
   2.115559242754e-009             -4.987915768581e-009
   2.119604289107e-009             -5.019831909318e-009
   2.123649335460e-009             -5.006917303726e-009
   2.127694381813e-009             -5.073713656593e-009
   2.131739428167e-009             -5.155462326908e-009
   2.135784474520e-009             -5.238031447224e-009
   2.139829520873e-009             -5.130400533424e-009
   2.143874567226e-009             -5.134925956365e-009
   2.147919613580e-009             -5.147734652421e-009
   2.151964659933e-009             -5.164142722015e-009
   2.156009706286e-009             -5.159061545380e-009
   2.160054752639e-009             -5.243218533393e-009
   2.164099798993e-009             -5.212996014824e-009
   2.168144845346e-009             -5.193253578130e-009
   2.172189891699e-009             -5.285270511250e-009
   2.176234938052e-009             -5.401581820155e-009
   2.180279984406e-009             -5.428654964413e-009
   2.184325030759e-009             -5.437917474298e-009
   2.188370077112e-009             -5.538376622370e-009
   2.192415123465e-009             -5.592417001349e-009
   2.196460169819e-009             -5.588659151173e-009
   2.200505216172e-009             -5.617770007288e-009
   2.204550262525e-009             -5.764144892927e-009
   2.208595308878e-009             -5.870479151483e-009
   2.212640355232e-009             -6.028260323466e-009
   2.216685401585e-009             -6.030377428709e-009
   2.220730447938e-009             -6.022226426212e-009
   2.224775494291e-009             -5.958023538898e-009
   2.228820540645e-009             -5.804291584611e-009
   2.232865586998e-009             -5.670857665648e-009
   2.236910633351e-009             -5.673610073036e-009
   2.240955679705e-009             -5.586568407015e-009
   2.245000726058e-009             -5.592311246879e-009
   2.249045772411e-009             -5.353416551660e-009
   2.253090818764e-009             -5.380092728993e-009
   2.257135865118e-009             -5.304192653011e-009
   2.261180911471e-009             -5.287017165718e-009
   2.265225957824e-009             -5.233929507358e-009
   2.269271004177e-009             -5.267962753338e-009
   2.273316050531e-009             -5.127092372343e-009
   2.277361096884e-009             -5.066621129185e-009
   2.281406143237e-009             -5.101554218549e-009
   2.285451189590e-009             -5.114707004295e-009
   2.289496235944e-009             -5.180815332847e-009
   2.293541282297e-009             -5.232712090434e-009
   2.297586328650e-009             -5.326025833863e-009
   2.301631375003e-009             -5.314566670285e-009
   2.305676421357e-009             -5.311152754733e-009
   2.309721467710e-009             -5.381151204081e-009
   2.313766514063e-009             -5.246658810030e-009
   2.317811560416e-009             -5.328592783265e-009
   2.321856606770e-009             -5.388931755803e-009
   2.325901653123e-009             -5.460280047760e-009
   2.329946699476e-009             -5.552640915505e-009
   2.333991745829e-009             -5.685413171239e-009
   2.338036792183e-009             -5.780182356681e-009
   2.342081838536e-009             -5.748927879173e-009
   2.346126884889e-009             -5.765388826001e-009
   2.350171931242e-009             -5.954689016732e-009
   2.354216977596e-009             -5.927483601855e-009
   2.358262023949e-009             -5.991712850254e-009
   2.362307070302e-009             -5.928806773248e-009
   2.366352116655e-009             -5.984170478686e-009
   2.370397163009e-009             -6.023999441765e-009
   2.374442209362e-009             -6.009020608166e-009
   2.378487255715e-009             -6.075499387492e-009
   2.382532302069e-009             -6.111173378406e-009
   2.386577348422e-009             -5.971732233404e-009
   2.390622394775e-009             -5.860131495294e-009
   2.394667441128e-009             -5.719896416443e-009
   2.398712487482e-009             -5.657572609282e-009
   2.402757533835e-009             -5.640503031525e-009
   2.406802580188e-009             -5.520671897533e-009
   2.410847626541e-009             -5.393854145668e-009
   2.414892672895e-009             -5.492540123122e-009
   2.418937719248e-009             -5.253407247748e-009
   2.422982765601e-009             -5.294109693126e-009
   2.427027811954e-009             -5.119894090465e-009
   2.431072858308e-009             -5.241021879700e-009
   2.435117904661e-009             -5.212863744204e-009
   2.439162951014e-009             -5.147126021492e-009
   2.443207997367e-009             -5.167662392036e-009
   2.447253043721e-009             -5.158690939540e-009
   2.451298090074e-009             -5.312528958427e-009
   2.455343136427e-009             -5.319806633689e-009
   2.459388182780e-009             -5.499579773295e-009
   2.463433229134e-009             -5.506936841942e-009
   2.467478275487e-009             -5.445168788476e-009
   2.471523321840e-009             -5.613112313728e-009
   2.475568368193e-009             -5.708146195475e-009
   2.479613414547e-009             -5.745858053311e-009
   2.483658460900e-009             -5.878947727519e-009
   2.487703507253e-009             -5.941298050830e-009
   2.491748553606e-009             -5.916580191971e-009
   2.495793599960e-009             -6.021564762983e-009
   2.499838646313e-009             -6.087964148925e-009
   2.503883692666e-009             -6.096591511731e-009
   2.507928739019e-009             -6.164102405061e-009
   2.511973785373e-009             -6.069597760858e-009
   2.516018831726e-009             -6.097014994805e-009
   2.520063878079e-009             -6.066263238692e-009
   2.524108924433e-009             -5.983297151452e-009
   2.528153970786e-009             -5.914860053653e-009
   2.532199017139e-009             -6.155739583495e-009
   2.536244063492e-009             -6.177652157732e-009
   2.540289109846e-009             -6.137479104964e-009
   2.544334156199e-009             -5.954292049807e-009
   2.548379202552e-009             -5.819905565290e-009
   2.552424248905e-009             -5.731540727876e-009
   2.556469295259e-009             -5.727809238785e-009
   2.560514341612e-009             -5.650083114950e-009
   2.564559387965e-009             -5.682184558607e-009
   2.568604434318e-009             -5.475206004125e-009
   2.572649480672e-009             -5.265925041480e-009
   2.576694527025e-009             -5.307130208253e-009
   2.580739573378e-009             -5.372153390501e-009
   2.584784619731e-009             -5.415634449286e-009
   2.588829666085e-009             -5.425082262091e-009
   2.592874712438e-009             -5.327296128022e-009
   2.596919758791e-009             -5.271297275504e-009
   2.600964805144e-009             -5.268809564422e-009
   2.605009851498e-009             -5.258144489758e-009
   2.609054897851e-009             -5.441966536929e-009
   2.613099944204e-009             -5.673530679651e-009
   2.617144990557e-009             -5.744455333468e-009
   2.621190036911e-009             -5.852906697266e-009
   2.625235083264e-009             -5.897155328816e-009
   2.629280129617e-009             -5.912742948410e-009
   2.633325175970e-009             -5.846687652158e-009
   2.637370222324e-009             -6.091483818946e-009
   2.641415268677e-009             -6.002351563833e-009
   2.645460315030e-009             -6.144518600071e-009
   2.649505361383e-009             -6.054089534649e-009
   2.653550407737e-009             -6.072800012405e-009
   2.657595454090e-009             -6.098205895579e-009
   2.661640500443e-009             -6.139093488812e-009
   2.665685546797e-009             -6.109400362853e-009
   2.669730593150e-009             -6.128322349548e-009
   2.673775639503e-009             -6.071609111631e-009
   2.677820685856e-009             -6.072191226411e-009
   2.681865732210e-009             -5.876142597962e-009
   2.685910778563e-009             -5.893767929414e-009
   2.689955824916e-009             -5.853197909721e-009
   2.694000871269e-009             -5.992930267177e-009
   2.698045917623e-009             -5.980703685900e-009
   2.702090963976e-009             -6.078860270744e-009
   2.706136010329e-009             -5.938863372048e-009
   2.710181056682e-009             -5.735589790507e-009
   2.714226103036e-009             -5.568757772643e-009
   2.718271149389e-009             -5.501167640993e-009
   2.722316195742e-009             -5.548406705019e-009
   2.726361242095e-009             -5.542584471770e-009
   2.730406288449e-009             -5.411823566810e-009
   2.734451334802e-009             -5.381468777621e-009
   2.738496381155e-009             -5.303425080246e-009
   2.742541427508e-009             -5.270635612275e-009
   2.746586473862e-009             -5.337511358526e-009
   2.750631520215e-009             -5.452102529113e-009
   2.754676566568e-009             -5.530860766953e-009
   2.758721612921e-009             -5.496933275442e-009
   2.762766659275e-009             -5.480631115384e-009
   2.766811705628e-009             -5.416507776520e-009
   2.770856751981e-009             -5.695152041433e-009
   2.774901798334e-009             -5.904274217308e-009
   2.778946844688e-009             -6.085608708462e-009
   2.782991891041e-009             -6.191651909628e-009
   2.787036937394e-009             -6.158941835042e-009
   2.791081983747e-009             -6.124246925832e-009
   2.795127030101e-009             -6.197024143652e-009
   2.799172076454e-009             -6.099873156662e-009
   2.803217122807e-009             -6.182548031447e-009
   2.807262169161e-009             -6.334692273101e-009
   2.811307215514e-009             -6.320004496891e-009
   2.815352261867e-009             -6.139384546202e-009
   2.819397308220e-009             -6.117498488114e-009
   2.823442354574e-009             -6.162832110903e-009
   2.827487400927e-009             -6.033817860410e-009
   2.831532447280e-009             -6.053004543411e-009
   2.835577493633e-009             -5.987796058242e-009
   2.839622539987e-009             -5.883711330615e-009
   2.843667586340e-009             -5.876460171502e-009
   2.847712632693e-009             -5.779097365442e-009
   2.851757679046e-009             -5.851689435408e-009
   2.855802725400e-009             -5.959399742592e-009
   2.859847771753e-009             -5.928595109243e-009
   2.863892818106e-009             -5.930897517406e-009
   2.867937864459e-009             -5.941139264061e-009
   2.871982910813e-009             -5.776292080820e-009
   2.876027957166e-009             -5.679061700445e-009
   2.880073003519e-009             -5.580375722992e-009
   2.884118049872e-009             -5.459406720526e-009
   2.888163096226e-009             -5.642937710307e-009
   2.892208142579e-009             -5.618537424987e-009
   2.896253188932e-009             -5.563094481229e-009
   2.900298235285e-009             -5.571271999876e-009
   2.904343281639e-009             -5.573600769123e-009
   2.908388327992e-009             -5.652438400347e-009
   2.912433374345e-009             -5.570398672642e-009
   2.916478420698e-009             -5.705896664547e-009
   2.920523467052e-009             -5.790424103335e-009
   2.924568513405e-009             -5.767135480470e-009
   2.928613559758e-009             -5.758878568438e-009
   2.932658606111e-009             -5.809266851711e-009
   2.936703652465e-009             -5.892471119106e-009
   2.940748698818e-009             -6.160503186590e-009
   2.944793745171e-009             -6.306931104529e-009
   2.948838791525e-009             -6.302114469134e-009
   2.952883837878e-009             -6.252652390330e-009
   2.956928884231e-009             -6.182574547597e-009
   2.960973930584e-009             -6.182706818217e-009
   2.965018976938e-009             -6.072164865326e-009
   2.969064023291e-009             -6.220127618664e-009
   2.973109069644e-009             -6.108870970243e-009
   2.977154115997e-009             -5.977422040968e-009
   2.981199162351e-009             -6.151875823784e-009
   2.985244208704e-009             -6.154839740111e-009
   2.989289255057e-009             -5.966148180310e-009
   2.993334301410e-009             -5.876486532587e-009
   2.997379347764e-009             -5.902395292220e-009
   3.001424394117e-009             -5.795452402735e-009
   3.005469440470e-009             -5.603479198003e-009
   3.009514486823e-009             -5.612821101273e-009
   3.013559533177e-009             -5.595301679356e-009
   3.017604579530e-009             -5.668899347175e-009
   3.021649625883e-009             -5.785819287010e-009
   3.025694672236e-009             -5.815459535735e-009
   3.029739718590e-009             -5.880482717983e-009
   3.033784764943e-009             -5.686074834468e-009
   3.037829811296e-009             -5.767850020934e-009
   3.041874857649e-009             -5.683375459381e-009
   3.045919904003e-009             -5.728153328475e-009
   3.049964950356e-009             -5.778753275752e-009
   3.054009996709e-009             -5.844755694770e-009
   3.058055043062e-009             -5.735113430197e-009
   3.062100089416e-009             -5.880456201833e-009
   3.066145135769e-009             -5.951460404100e-009
   3.070190182122e-009             -5.945823473771e-009
   3.074235228475e-009             -6.017383429732e-009
   3.078280274829e-009             -6.129963249546e-009
   3.082325321182e-009             -5.936137480811e-009
   3.086370367535e-009             -5.892656422025e-009
   3.090415413889e-009             -5.975622509265e-009
   3.094460460242e-009             -6.039110701050e-009
   3.098505506595e-009             -6.265011397293e-009
   3.102550552948e-009             -6.315479073951e-009
   3.106595599302e-009             -6.351391400084e-009
   3.110640645655e-009             -6.326885205229e-009
   3.114685692008e-009             -6.204751818140e-009
   3.118730738361e-009             -6.230634061623e-009
   3.122775784715e-009             -6.172332800943e-009
   3.126820831068e-009             -6.059938284048e-009
   3.130865877421e-009             -6.066607328382e-009
   3.134910923774e-009             -6.079654204593e-009
   3.138955970128e-009             -5.822922513917e-009
   3.143001016481e-009             -5.879424087829e-009
   3.147046062834e-009             -5.808684581867e-009
   3.151091109187e-009             -5.732122997721e-009
   3.155136155541e-009             -5.654396873885e-009
   3.159181201894e-009             -5.571218967576e-009
   3.163226248247e-009             -5.522603854921e-009
   3.167271294600e-009             -5.472321326118e-009
   3.171316340954e-009             -5.347594318411e-009
   3.175361387307e-009             -5.454034331436e-009
   3.179406433660e-009             -5.705552574858e-009
   3.183451480013e-009             -5.741914745150e-009
   3.187496526367e-009             -5.743052768689e-009
   3.191541572720e-009             -5.839674518135e-009
   3.195586619073e-009             -5.743343826079e-009
   3.199631665426e-009             -5.777668284514e-009
   3.203676711780e-009             -5.852033370032e-009
   3.207721758133e-009             -5.947437857619e-009
   3.211766804486e-009             -6.067374746081e-009
   3.215811850839e-009             -6.030509699329e-009
   3.219856897193e-009             -5.965248336926e-009
   3.223901943546e-009             -6.082829939990e-009
   3.227946989899e-009             -6.137770162353e-009
   3.231992036253e-009             -6.173364914947e-009
   3.236037082606e-009             -6.213537967715e-009
   3.240082128959e-009             -6.242754733365e-009
   3.244127175312e-009             -6.128084169393e-009
   3.248172221666e-009             -5.984858503001e-009
   3.252217268019e-009             -6.019024174665e-009
   3.256262314372e-009             -6.135520786491e-009
   3.260307360725e-009             -6.289385166462e-009
   3.264352407079e-009             -6.267393198840e-009
   3.268397453432e-009             -6.247491820310e-009
   3.272442499785e-009             -6.310000930391e-009
   3.276487546138e-009             -6.193477957481e-009
   3.280532592492e-009             -6.040751445983e-009
   3.284577638845e-009             -5.952519034254e-009
   3.288622685198e-009             -5.873072617035e-009
   3.292667731551e-009             -5.882123462916e-009
   3.296712777905e-009             -5.868044472701e-009
   3.300757824258e-009             -5.766817906930e-009
   3.304802870611e-009             -5.847269766937e-009
   3.308847916964e-009             -5.635633518895e-009
   3.312892963318e-009             -5.515564204748e-009
   3.316938009671e-009             -5.520804168153e-009
   3.320983056024e-009             -5.500638248383e-009
   3.325028102377e-009             -5.564497046008e-009
   3.329073148731e-009             -5.541737660686e-009
   3.333118195084e-009             -5.375884879592e-009
   3.337163241437e-009             -5.506672145637e-009
   3.341208287790e-009             -5.658392904216e-009
   3.345253334144e-009             -5.813792274651e-009
   3.349298380497e-009             -5.899695917133e-009
   3.353343426850e-009             -5.986102436074e-009
   3.357388473203e-009             -6.007988494162e-009
   3.361433519557e-009             -5.880614988603e-009
   3.365478565910e-009             -5.932061902030e-009
   3.369523612263e-009             -6.093468653569e-009
   3.373568658617e-009             -6.256278124952e-009
   3.377613704970e-009             -6.115460621191e-009
   3.381658751323e-009             -6.162832110903e-009
   3.385703797676e-009             -6.160953030749e-009
   3.389748844030e-009             -6.201708353363e-009
   3.393793890383e-009             -6.196838840733e-009
   3.397838936736e-009             -6.181198343904e-009
   3.401883983089e-009             -6.190778582394e-009
   3.405929029443e-009             -6.149255842082e-009
   3.409974075796e-009             -5.995947215804e-009
   3.414019122149e-009             -5.979089302052e-009
   3.418064168502e-009             -6.065654607763e-009
   3.422109214856e-009             -6.246009862147e-009
   3.426154261209e-009             -6.116307587340e-009
   3.430199307562e-009             -6.123876319993e-009
   3.434244353915e-009             -6.010052722170e-009
   3.438289400269e-009             -5.898584409744e-009
   3.442334446622e-009             -5.784734295771e-009
   3.446379492975e-009             -5.638835770441e-009
   3.450424539328e-009             -5.715662050892e-009
   3.454469585682e-009             -5.739400672983e-009
   3.458514632035e-009             -5.565926126936e-009
   3.462559678388e-009             -5.575373939742e-009
   3.466604724741e-009             -5.533507109740e-009
   3.470649771095e-009             -5.470945122424e-009
   3.474694817448e-009             -5.366675246941e-009
   3.478739863801e-009             -5.547903828560e-009
   3.482784910154e-009             -5.436832483059e-009
   3.486829956508e-009             -5.518898726915e-009
   3.490875002861e-009             -5.382236350385e-009
   3.494920049214e-009             -5.471500876118e-009
   3.498965095567e-009             -5.560024500302e-009
   3.503010141921e-009             -5.836525298888e-009
   3.507055188274e-009             -5.922217122300e-009
   3.511100234627e-009             -6.025243374839e-009
   3.515145280981e-009             -6.181701220363e-009
   3.519190327334e-009             -6.073011676410e-009
   3.523235373687e-009             -6.041730682752e-009
   3.527280420040e-009             -6.105774628231e-009
   3.531325466394e-009             -6.288511839228e-009
   3.535370512747e-009             -6.420754702352e-009
   3.539415559100e-009             -6.333766068632e-009
   3.543460605453e-009             -6.258765680969e-009
   3.547505651807e-009             -6.378967265735e-009
   3.551550698160e-009             -6.237673556731e-009
   3.555595744513e-009             -6.061896602521e-009
   3.559640790866e-009             -6.139040456512e-009
   3.563685837220e-009             -6.154548682721e-009
   3.567730883573e-009             -5.980915349905e-009
   3.571775929926e-009             -5.826124765464e-009
   3.575820976279e-009             -5.744905332692e-009
   3.579866022633e-009             -5.712724495650e-009
   3.583911068986e-009             -5.806302780319e-009
   3.587956115339e-009             -5.768749709253e-009
   3.592001161692e-009             -5.759354928748e-009
   3.596046208046e-009             -5.739215370063e-009
   3.600091254399e-009             -5.620813472065e-009
   3.604136300752e-009             -5.475841151204e-009
   3.608181347105e-009             -5.411691296190e-009
   3.612226393459e-009             -5.387185101335e-009
   3.616271439812e-009             -5.563332661384e-009
   3.620316486165e-009             -5.483992153701e-009
   3.624361532518e-009             -5.520380840143e-009
   3.628406578872e-009             -5.522709609391e-009
   3.632451625225e-009             -5.405498612166e-009
   3.636496671578e-009             -5.498309479136e-009
   3.640541717931e-009             -5.514558606894e-009
   3.644586764285e-009             -5.528134875715e-009
   3.648631810638e-009             -5.456866132209e-009
   3.652676856991e-009             -5.386470560871e-009
   3.656721903345e-009             -5.378795918684e-009
   3.660766949698e-009             -5.608110530478e-009
   3.664811996051e-009             -5.716561894277e-009
   3.668857042404e-009             -5.830094434710e-009
   3.672902088758e-009             -6.038157980431e-009
   3.676947135111e-009             -6.126496301695e-009
   3.680992181464e-009             -6.060679185598e-009
   3.685037227817e-009             -6.126522817845e-009
   3.689082274171e-009             -6.052792879406e-009
   3.693127320524e-009             -6.211447223558e-009
   3.697172366877e-009             -6.305475507451e-009
   3.701217413230e-009             -6.257892353735e-009
   3.705262459584e-009             -6.201258509203e-009
   3.709307505937e-009             -6.148488269317e-009
   3.713352552290e-009             -6.036517235498e-009
   3.717397598643e-009             -5.932141295415e-009
   3.721442644997e-009             -5.847005225697e-009
   3.725487691350e-009             -5.783464001613e-009
   3.729532737703e-009             -5.666252849323e-009
   3.733577784056e-009             -5.537159205446e-009
   3.737622830410e-009             -5.498838716680e-009
   3.741667876763e-009             -5.438446866908e-009
   3.745712923116e-009             -5.565608553397e-009
   3.749757969469e-009             -5.511065297958e-009
   3.753803015823e-009             -5.496086464358e-009
   3.757848062176e-009             -5.445830451705e-009
   3.761893108529e-009             -5.411850082960e-009
   3.765938154882e-009             -5.251184232970e-009
   3.769983201236e-009             -5.294268479896e-009
   3.774028247589e-009             -5.358894695219e-009
   3.778073293942e-009             -5.383506644544e-009
   3.782118340295e-009             -5.387052830715e-009
   3.786163386649e-009             -5.434185985207e-009
   3.790208433002e-009             -5.398485478144e-009
   3.794253479355e-009             -5.372073997116e-009
   3.798298525709e-009             -5.476873265208e-009
   3.802343572062e-009             -5.570478066027e-009
   3.806388618415e-009             -5.594322442587e-009
   3.810433664768e-009             -5.502967172696e-009
   3.814478711122e-009             -5.450461629115e-009
   3.818523757475e-009             -5.447524073873e-009
   3.822568803828e-009             -5.713359642730e-009
   3.826613850181e-009             -5.868309013940e-009
   3.830658896535e-009             -6.189614042705e-009
   3.834703942888e-009             -6.171671137713e-009
   3.838748989241e-009             -6.117736668269e-009
   3.842794035594e-009             -6.104901300997e-009
   3.846839081948e-009             -6.059488284824e-009
   3.850884128301e-009             -6.212188280172e-009
   3.854929174654e-009             -6.219254291430e-009
   3.858974221007e-009             -6.189375862550e-009
   3.863019267361e-009             -6.043239157066e-009
   3.867064313714e-009             -5.878391973825e-009
   3.871109360067e-009             -5.867700383011e-009
   3.875154406420e-009             -5.908376312239e-009
   3.879199452774e-009             -5.780658716990e-009
   3.883244499127e-009             -5.732387538960e-009
   3.887289545480e-009             -5.662600753617e-009
   3.891334591833e-009             -5.430586921801e-009
   3.895379638187e-009             -5.345927057328e-009
   3.899424684540e-009             -5.401475910620e-009
   3.903469730893e-009             -5.453055249733e-009
   3.907514777246e-009             -5.561374187846e-009
   3.911559823600e-009             -5.497806602676e-009
   3.915604869953e-009             -5.418201553753e-009
   3.919649916306e-009             -5.444374854626e-009
   3.923694962659e-009             -5.396474127371e-009
   3.927740009013e-009             -5.415343391896e-009
   3.931785055366e-009             -5.411056149111e-009
   3.935830101719e-009             -5.454404937276e-009
   3.939875148073e-009             -5.468801501031e-009
   3.943920194426e-009             -5.451017382809e-009
   3.947965240779e-009             -5.437017785979e-009
   3.952010287132e-009             -5.563782505544e-009
   3.956055333486e-009             -5.423917877467e-009
   3.960100379839e-009             -5.420636232536e-009
   3.964145426192e-009             -5.597789390439e-009
   3.968190472545e-009             -5.577570438369e-009
   3.972235518899e-009             -5.612768224038e-009
   3.976280565252e-009             -5.557431034750e-009
   3.980325611605e-009             -5.616367442510e-009
   3.984370657958e-009             -5.668105413326e-009
   3.988415704312e-009             -5.798416474127e-009
   3.992460750665e-009             -5.871775961792e-009
   3.996505797018e-009             -5.825198405930e-009
   4.000550843371e-009             -5.882520429841e-009
   4.004595889725e-009             -5.843670703531e-009
   4.008640936078e-009             -5.730296949867e-009
   4.012685982431e-009             -5.647780706787e-009
   4.016731028784e-009             -5.829512164865e-009
   4.020776075138e-009             -5.687927243406e-009
   4.024821121491e-009             -5.641376358759e-009
   4.028866167844e-009             -5.563094481229e-009
   4.032911214197e-009             -5.489284994340e-009
   4.036956260551e-009             -5.446597869404e-009
   4.041001306904e-009             -5.323220549241e-009
