# Atom Manipulation               
# 
# Sample                          Ag(111)
# Data set                        -
# Creation Comment                
# Gap voltage                     -1.000e-004 V
# Gap voltage range in Volt       -1;1
# Feedback loop enabled           No
# Regulator setpoint              1.000e-009 A
# Pre-amplifier range             0;3.33e-007
# Loop gain                       7.000e+000 %
# Z-axis offset                   -8.000e-010 m
# Parameter mode                  V before Z
# Raster time                     1.000e-002 seconds
# Channel name and data unit      I(r) [A]
# Manipulation vector: start      -4.860e+000, 1.608e+001 [nm]
#                      end        -1.776e+001, 9.600e-001 [nm]
# 
# 
#            Position                             I(r)
# -------------------             --------------------
   0.00000000000e+000             -2.349386500023e-008
   9.93761037675e-011             -2.342019057514e-008
   1.98752207535e-010             -2.342797624401e-008
   2.98128311302e-010             -2.346511699670e-008
   3.97504415070e-010             -2.357966366357e-008
   4.96880518837e-010             -2.353381274326e-008
   5.96256622605e-010             -2.347765603436e-008
   6.95632726372e-010             -2.355092837538e-008
   7.95008830140e-010             -2.363441687730e-008
   8.94384933907e-010             -2.348356944595e-008
   9.93761037675e-010             -2.354291212455e-008
   1.09313714144e-009             -2.359385197476e-008
   1.19251324521e-009             -2.358748778862e-008
   1.29188934898e-009             -2.352309463629e-008
   1.39126545274e-009             -2.361107785824e-008
   1.49064155651e-009             -2.354498674192e-008
   1.59001766028e-009             -2.358502395757e-008
   1.68939376405e-009             -2.360259036425e-008
   1.78876986781e-009             -2.356183085487e-008
   1.88814597158e-009             -2.356533951527e-008
   1.98752207535e-009             -2.365882646653e-008
   2.08689817912e-009             -2.349765277799e-008
   2.18627428288e-009             -2.362114034952e-008
   2.28565038665e-009             -2.351853587434e-008
   2.38502649042e-009             -2.363347950813e-008
   2.48440259419e-009             -2.350735164137e-008
   2.58377869795e-009             -2.358763122393e-008
   2.68315480172e-009             -2.361146707190e-008
   2.78253090549e-009             -2.353039107445e-008
   2.88190700926e-009             -2.348990556529e-008
   2.98128311302e-009             -2.363483694894e-008
   3.08065921679e-009             -2.349064569151e-008
   3.18003532056e-009             -2.352824745305e-008
   3.27941142433e-009             -2.360498503621e-008
   3.37878752809e-009             -2.366945494580e-008
   3.47816363186e-009             -2.347377599280e-008
   3.57753973563e-009             -2.355674967824e-008
   3.67691583940e-009             -2.351846423421e-008
   3.77629194316e-009             -2.360607343888e-008
   3.87566804693e-009             -2.341546279210e-008
   3.97504415070e-009             -2.352028764596e-008
   4.07442025447e-009             -2.351891748980e-008
   4.17379635823e-009             -2.343992867001e-008
   4.27317246200e-009             -2.335234241499e-008
   4.37254856577e-009             -2.358285226938e-008
   4.47192466954e-009             -2.338769293988e-008
   4.57130077330e-009             -2.346489928515e-008
   4.67067687707e-009             -2.336502752407e-008
   4.77005298084e-009             -2.337668811735e-008
   4.86942908461e-009             -2.330518538045e-008
   4.96880518837e-009             -2.342225480314e-008
   5.06818129214e-009             -2.341205399370e-008
   5.16755739591e-009             -2.350986400782e-008
   5.26693349968e-009             -2.337344322288e-008
   5.36630960344e-009             -2.351689171797e-008
   5.46568570721e-009             -2.342140442556e-008
   5.56506181098e-009             -2.375442385523e-008
   5.66443791474e-009             -2.373229108840e-008
   5.76381401851e-009             -2.377845446510e-008
   5.86319012228e-009             -2.377250507839e-008
   5.96256622605e-009             -2.391693436090e-008
   6.06194232981e-009             -2.368455767650e-008
   6.16131843358e-009             -2.385094062553e-008
   6.26069453735e-009             -2.388548698228e-008
   6.36007064112e-009             -2.394113910900e-008
   6.45944674488e-009             -2.390933058351e-008
   6.55882284865e-009             -2.401743615190e-008
   6.65819895242e-009             -2.402772658903e-008
   6.75757505619e-009             -2.405692040503e-008
   6.85695115995e-009             -2.399607933136e-008
   6.95632726372e-009             -2.420513234815e-008
   7.05570336749e-009             -2.405288157670e-008
   7.15507947126e-009             -2.416471599808e-008
   7.25445557502e-009             -2.413856239049e-008
   7.35383167879e-009             -2.424974119617e-008
   7.45320778256e-009             -2.404322116950e-008
   7.55258388633e-009             -2.427491913350e-008
   7.65195999009e-009             -2.421958458032e-008
   7.75133609386e-009             -2.435887639753e-008
   7.85071219763e-009             -2.428361410473e-008
   7.95008830140e-009             -2.436259005412e-008
   8.04946440516e-009             -2.424736714789e-008
   8.14884050893e-009             -2.428324008746e-008
   8.24821661270e-009             -2.418843678767e-008
   8.34759271647e-009             -2.422500643521e-008
   8.44696882023e-009             -2.417547519732e-008
   8.54634492400e-009             -2.422074989533e-008
   8.64572102777e-009             -2.403451348292e-008
   8.74509713154e-009             -2.410308626277e-008
   8.84447323530e-009             -2.398575819132e-008
   8.94384933907e-009             -2.408084588069e-008
   9.04322544284e-009             -2.397837460652e-008
   9.14260154661e-009             -2.407399758098e-008
   9.24197765037e-009             -2.401949789887e-008
   9.34135375414e-009             -2.412159003861e-008
   9.44072985791e-009             -2.404686039480e-008
   9.54010596168e-009             -2.415193629921e-008
   9.63948206544e-009             -2.403606801160e-008
   9.73885816921e-009             -2.415146241995e-008
   9.83823427298e-009             -2.409111833026e-008
   9.93761037675e-009             -2.409065235932e-008
   1.00369864805e-008             -2.389779543798e-008
   1.01363625843e-008             -2.399703205198e-008
   1.02357386880e-008             -2.398613732575e-008
   1.03351147918e-008             -2.401575105832e-008
   1.04344908956e-008             -2.391563088279e-008
   1.05338669994e-008             -2.411809936578e-008
   1.06332431031e-008             -2.406124594892e-008
   1.07326192069e-008             -2.406251376204e-008
   1.08319953107e-008             -2.402981392175e-008
   1.09313714144e-008             -2.418356045217e-008
   1.10307475182e-008             -2.405460776256e-008
   1.11301236220e-008             -2.412427158120e-008
   1.12294997257e-008             -2.410357797454e-008
   1.13288758295e-008             -2.413414442773e-008
   1.14282519333e-008             -2.408956891873e-008
   1.15276280370e-008             -2.413576315341e-008
   1.16270041408e-008             -2.409571043124e-008
   1.17263802446e-008             -2.427920637628e-008
   1.18257563483e-008             -2.410094527749e-008
   1.19251324521e-008             -2.421213958970e-008
   1.20245085559e-008             -2.416035711517e-008
   1.21238846596e-008             -2.425642047481e-008
   1.22232607634e-008             -2.416430119865e-008
   1.23226368672e-008             -2.422781838763e-008
   1.24220129709e-008             -2.421183736761e-008
   1.25213890747e-008             -2.429855541255e-008
   1.26207651785e-008             -2.414352308146e-008
   1.27201412822e-008             -2.429482392346e-008
   1.28195173860e-008             -2.429368419420e-008
   1.29188934898e-008             -2.420508892990e-008
   1.30182695935e-008             -2.404723441207e-008
   1.31176456973e-008             -2.430358541767e-008
   1.32170218011e-008             -2.419917024609e-008
   1.33163979048e-008             -2.424496224162e-008
   1.34157740086e-008             -2.415040983734e-008
   1.35151501124e-008             -2.431891082200e-008
   1.36145262161e-008             -2.406711857836e-008
   1.37139023199e-008             -2.412549054878e-008
   1.38132784237e-008             -2.416076183535e-008
   1.39126545274e-008             -2.411515669339e-008
   1.40120306312e-008             -2.402900200034e-008
   1.41114067350e-008             -2.415761928391e-008
   1.42107828387e-008             -2.401672424755e-008
   1.43101589425e-008             -2.401702646963e-008
   1.44095350463e-008             -2.384691978477e-008
   1.45089111500e-008             -2.409793080991e-008
   1.46082872538e-008             -2.403853695979e-008
   1.47076633576e-008             -2.404672471274e-008
   1.48070394614e-008             -2.399392299462e-008
   1.49064155651e-008             -2.397279660097e-008
   1.50057916689e-008             -2.394228907256e-008
   1.51051677727e-008             -2.404173052769e-008
   1.52045438764e-008             -2.386666051575e-008
   1.53039199802e-008             -2.401434756315e-008
   1.54032960840e-008             -2.401974119617e-008
   1.55026721877e-008             -2.397458946487e-008
   1.56020482915e-008             -2.392454852766e-008
   1.57014243953e-008             -2.403830901394e-008
   1.58008004990e-008             -2.394285769666e-008
   1.59001766028e-008             -2.401820961714e-008
   1.59995527066e-008             -2.397274031230e-008
   1.60989288103e-008             -2.410642590209e-008
   1.61983049141e-008             -2.393783792585e-008
   1.62976810179e-008             -2.406753089674e-008
   1.63970571216e-008             -2.411035215308e-008
   1.64964332254e-008             -2.410800353549e-008
   1.65958093292e-008             -2.405182124083e-008
   1.66951854329e-008             -2.422993905937e-008
   1.67945615367e-008             -2.417826156399e-008
   1.68939376405e-008             -2.415749120005e-008
   1.69933137442e-008             -2.407529857805e-008
   1.70926898480e-008             -2.425095008451e-008
   1.71920659518e-008             -2.414970553118e-008
   1.72914420555e-008             -2.415754252663e-008
   1.73908181593e-008             -2.410929181721e-008
   1.74901942631e-008             -2.419977205415e-008
   1.75895703668e-008             -2.410480733148e-008
   1.76889464706e-008             -2.417710136612e-008
   1.77883225744e-008             -2.409048318318e-008
   1.78876986781e-008             -2.420181844966e-008
   1.79870747819e-008             -2.415279939214e-008
   1.80864508857e-008             -2.409278311030e-008
   1.81858269894e-008             -2.411000124052e-008
   1.82852030932e-008             -2.414979004171e-008
   1.83845791970e-008             -2.403087673867e-008
   1.84839553007e-008             -2.412456605002e-008
   1.85833314045e-008             -2.405331436369e-008
   1.86827075083e-008             -2.415312719999e-008
   1.87820836120e-008             -2.397668439579e-008
   1.88814597158e-008             -2.408928468421e-008
   1.89808358196e-008             -2.406539999070e-008
   1.90802119234e-008             -2.412923754439e-008
   1.91795880271e-008             -2.400801407992e-008
   1.92789641309e-008             -2.421103319946e-008
   1.93783402347e-008             -2.404673742809e-008
   1.94777163384e-008             -2.405082758300e-008
   1.95770924422e-008             -2.399431484439e-008
   1.96764685460e-008             -2.415505062879e-008
   1.97758446497e-008             -2.399861480252e-008
