# Atom Manipulation               
# 
# Sample                          Ag(111)
# Data set                        -
# Creation Comment                
# Gap voltage                     -1.000e-004 V
# Gap voltage range in Volt       -1;1
# Feedback loop enabled           No
# Regulator setpoint              1.000e-009 A
# Pre-amplifier range             0;3.33e-007
# Loop gain                       7.000e+000 %
# Z-axis offset                   -8.000e-010 m
# Parameter mode                  V before Z
# Raster time                     1.000e-003 seconds
# Channel name and data unit      I(r) [A]
# Manipulation vector: start      -2.759e+001, 1.252e+001 [nm]
#                      end        -7.998e+000, 1.234e+001 [nm]
# 
# 
#            Position                              I(r)
# -------------------             ---------------------
   0.00000000000e+000             -2.4777510893331e-008
   1.95928828915e-011             -2.4789128843679e-008
   3.91857657830e-011             -2.4596150041092e-008
   5.87786486745e-011             -2.4625631347982e-008
   7.83715315660e-011             -2.4628013149529e-008
   9.79644144575e-011             -2.4593371272620e-008
   1.17557297349e-010             -2.4593979903549e-008
   1.37150180240e-010             -2.4651169656841e-008
   1.56743063132e-010             -2.4516068476794e-008
   1.76335946023e-010             -2.4683906092512e-008
   1.95928828915e-010             -2.4418414613345e-008
   2.15521711806e-010             -2.4472587418009e-008
   2.35114594698e-010             -2.4596785188172e-008
   2.54707477589e-010             -2.4802493448495e-008
   2.74300360481e-010             -2.4729663198375e-008
   2.93893243372e-010             -2.4730245468219e-008
   3.13486126264e-010             -2.4811650048846e-008
   3.33079009155e-010             -2.4754592721239e-008
   3.52671892047e-010             -2.4751390469693e-008
   3.72264774938e-010             -2.4580324241343e-008
   3.91857657830e-010             -2.4638228535099e-008
   4.11450540721e-010             -2.4849388422832e-008
   4.31043423613e-010             -2.4646511808215e-008
   4.50636306504e-010             -2.4912506163842e-008
   4.70229189396e-010             -2.4730510009459e-008
   4.89822072287e-010             -2.4890170106530e-008
   5.09414955179e-010             -2.4849785389756e-008
   5.29007838070e-010             -2.4746282931973e-008
   5.48600720962e-010             -2.4832371722309e-008
   5.68193603853e-010             -2.4881357440804e-008
   5.87786486745e-010             -2.4642224565430e-008
   6.07379369636e-010             -2.4647411651599e-008
   6.26972252528e-010             -2.4634655832778e-008
   6.46565135419e-010             -2.4636931724790e-008
   6.66158018311e-010             -2.4691501496379e-008
   6.85750901202e-010             -2.4717516010482e-008
   7.05343784094e-010             -2.4725217168819e-008
   7.24936666985e-010             -2.4677342957714e-008
   7.44529549877e-010             -2.4574502008094e-008
   7.64122432768e-010             -2.4503074477818e-008
   7.83715315660e-010             -2.4646353021446e-008
   8.03308198551e-010             -2.4775340910853e-008
   8.22901081443e-010             -2.4608773589294e-008
   8.42493964334e-010             -2.4766263548822e-008
   8.62086847226e-010             -2.4704151405666e-008
   8.81679730117e-010             -2.4839384856332e-008
   9.01272613009e-010             -2.4712090744158e-008
   9.20865495900e-010             -2.4807283412675e-008
   9.40458378792e-010             -2.4748770487990e-008
   9.60051261683e-010             -2.4803948890508e-008
   9.79644144575e-010             -2.4599484563259e-008
   9.99237027466e-010             -2.4678375071718e-008
   1.01882991036e-009             -2.4569420831460e-008
   1.03842279325e-009             -2.4713017103692e-008
   1.05801567614e-009             -2.4844783606507e-008
   1.07760855903e-009             -2.4738608134721e-008
   1.09720144192e-009             -2.4846556777125e-008
   1.11679432482e-009             -2.4729080928530e-008
   1.13638720771e-009             -2.4711296810309e-008
   1.15598009060e-009             -2.4734188621315e-008
   1.17557297349e-009             -2.4733421203616e-008
   1.19516585638e-009             -2.4823162089659e-008
   1.21475873927e-009             -2.4811941261300e-008
   1.23435162216e-009             -2.4885962257129e-008
   1.25394450506e-009             -2.4583129525966e-008
   1.27353738795e-009             -2.4717039650173e-008
   1.29313027084e-009             -2.4942040503032e-008
   1.31272315373e-009             -2.4861667881344e-008
   1.33231603662e-009             -2.4897421420707e-008
   1.35190891951e-009             -2.4974724061468e-008
   1.37150180240e-009             -2.4748770487990e-008
   1.39109468530e-009             -2.4737920110406e-008
   1.41068756819e-009             -2.4722517793732e-008
   1.43028045108e-009             -2.4792939726155e-008
   1.44987333397e-009             -2.4757001038937e-008
   1.46946621686e-009             -2.4574898975019e-008
   1.48905909975e-009             -2.4874370822931e-008
   1.50865198265e-009             -2.4753375304315e-008
   1.52824486554e-009             -2.4697376606863e-008
   1.54783774843e-009             -2.4619650483028e-008
   1.56743063132e-009             -2.4817975158554e-008
   1.58702351421e-009             -2.5035830606770e-008
   1.60661639710e-009             -2.4916661136008e-008
   1.62620927999e-009             -2.4831895362000e-008
   1.64580216289e-009             -2.4817551675480e-008
   1.66539504578e-009             -2.4825041169812e-008
   1.68498792867e-009             -2.4741228116423e-008
   1.70458081156e-009             -2.4845895113895e-008
   1.72417369445e-009             -2.4909674518135e-008
   1.74376657734e-009             -2.4833218688458e-008
   1.76335946023e-009             -2.4650031633302e-008
   1.78295234313e-009             -2.4690575136845e-008
   1.80254522602e-009             -2.4679751275411e-008
   1.82213810891e-009             -2.4956966459396e-008
   1.84173099180e-009             -2.4879954876025e-008
   1.86132387469e-009             -2.4862408937958e-008
   1.88091675758e-009             -2.4837691079099e-008
   1.90050964048e-009             -2.4864579075501e-008
   1.92010252337e-009             -2.4630924343687e-008
   1.93969540626e-009             -2.4792833816620e-008
   1.95928828915e-009             -2.4812258834840e-008
   1.97888117204e-009             -2.4932857386531e-008
   1.99847405493e-009             -2.4863546961497e-008
   2.01806693782e-009             -2.4819615903487e-008
   2.03765982072e-009             -2.4787858549520e-008
   2.05725270361e-009             -2.4792860332770e-008
   2.07684558650e-009             -2.4606894509141e-008
   2.09643846939e-009             -2.4726487462978e-008
   2.11603135228e-009             -2.4721326892958e-008
   2.13562423517e-009             -2.4814270030548e-008
   2.15521711806e-009             -2.4630659647382e-008
   2.17481000096e-009             -2.4596176402177e-008
   2.19440288385e-009             -2.4686102746205e-008
   2.21399576674e-009             -2.4599828497883e-008
   2.23358864963e-009             -2.4600384251578e-008
   2.25318153252e-009             -2.4665116376436e-008
   2.27277441541e-009             -2.4820568624106e-008
   2.29236729831e-009             -2.4605042100203e-008
   2.31196018120e-009             -2.4621688194886e-008
   2.33155306409e-009             -2.4629495262758e-008
   2.35114594698e-009             -2.4857883515018e-008
   2.37073882987e-009             -2.4907583773977e-008
   2.39033171276e-009             -2.4781454201492e-008
   2.40992459565e-009             -2.4894219169161e-008
   2.42951747855e-009             -2.4807389322210e-008
   2.44911036144e-009             -2.4765337344353e-008
   2.46870324433e-009             -2.4715028299400e-008
   2.48829612722e-009             -2.4805563274357e-008
   2.50788901011e-009             -2.4734585588240e-008
   2.52748189300e-009             -2.4724529144505e-008
   2.54707477589e-009             -2.4677104777559e-008
   2.56666765879e-009             -2.4691078013305e-008
   2.58626054168e-009             -2.4698461598102e-008
   2.60585342457e-009             -2.4708306377832e-008
   2.62544630746e-009             -2.4787911426755e-008
   2.64503919035e-009             -2.4657865062259e-008
   2.66463207324e-009             -2.4800058614647e-008
   2.68422495614e-009             -2.4670197553071e-008
   2.70381783903e-009             -2.4586516925367e-008
   2.72341072192e-009             -2.4519164818806e-008
   2.74300360481e-009             -2.4642436384500e-008
   2.76259648770e-009             -2.4802175874955e-008
   2.78218937059e-009             -2.4726857913753e-008
   2.80178225348e-009             -2.4777907860255e-008
   2.82137513638e-009             -2.4835521096621e-008
   2.84096801927e-009             -2.4876170509699e-008
   2.86056090216e-009             -2.4852881731768e-008
   2.88015378505e-009             -2.4886941493898e-008
   2.89974666794e-009             -2.4835759276776e-008
   2.91933955083e-009             -2.4742683713502e-008
   2.93893243372e-009             -2.4652889795159e-008
   2.95852531662e-009             -2.4612319775466e-008
   2.97811819951e-009             -2.4653127975314e-008
   2.99771108240e-009             -2.4731277582223e-008
   3.01730396529e-009             -2.4487142923599e-008
   3.03689684818e-009             -2.4599458047109e-008
   3.05648973107e-009             -2.4700022949650e-008
   3.07608261397e-009             -2.4619332909488e-008
   3.09567549686e-009             -2.4597340941866e-008
   3.11526837975e-009             -2.4556982586177e-008
   3.13486126264e-009             -2.4755915892633e-008
   3.15445414553e-009             -2.4871936144149e-008
   3.17404702842e-009             -2.4838987889407e-008
   3.19363991131e-009             -2.4799105894028e-008
   3.21323279421e-009             -2.4783147823660e-008
   3.23282567710e-009             -2.4783756609654e-008
   3.25241855999e-009             -2.4676972506939e-008
   3.27201144288e-009             -2.4888635271132e-008
   3.29160432577e-009             -2.4829354773682e-008
   3.31119720866e-009             -2.4652783885624e-008
   3.33079009155e-009             -2.4643097892664e-008
   3.35038297445e-009             -2.4735961791934e-008
   3.36997585734e-009             -2.4581118175193e-008
   3.38956874023e-009             -2.4674273131852e-008
   3.40916162312e-009             -2.4640266246957e-008
   3.42875450601e-009             -2.4837108964319e-008
   3.44834738890e-009             -2.5038688768627e-008
   3.46794027180e-009             -2.4847350710974e-008
   3.48753315469e-009             -2.4643838949278e-008
   3.50712603758e-009             -2.4473460745243e-008
   3.52671892047e-009             -2.4787885065670e-008
   3.54631180336e-009             -2.4906181209198e-008
   3.56590468625e-009             -2.4730668796229e-008
   3.58549756914e-009             -2.4694597838391e-008
   3.60509045204e-009             -2.4737787839787e-008
   3.62468333493e-009             -2.4762055699422e-008
   3.64427621782e-009             -2.4742233869342e-008
   3.66386910071e-009             -2.4823426785963e-008
   3.68346198360e-009             -2.4843486796198e-008
   3.70305486649e-009             -2.4780580874258e-008
   3.72264774938e-009             -2.4596414582332e-008
   3.74224063228e-009             -2.4703410504117e-008
   3.76183351517e-009             -2.4585299508443e-008
   3.78142639806e-009             -2.4723391120966e-008
   3.80101928095e-009             -2.4626716494286e-008
   3.82061216384e-009             -2.4634973406317e-008
   3.84020504673e-009             -2.4865902246895e-008
   3.85979792963e-009             -2.4719739025260e-008
   3.87939081252e-009             -2.4718257067097e-008
   3.89898369541e-009             -2.4723788087891e-008
   3.91857657830e-009             -2.4583314673820e-008
   3.93816946119e-009             -2.4867622385213e-008
   3.95776234408e-009             -2.4665830916901e-008
   3.97735522697e-009             -2.4821600738110e-008
   3.99694810987e-009             -2.4719289181101e-008
   4.01654099276e-009             -2.4776187721937e-008
   4.03613387565e-009             -2.4573311107321e-008
   4.05572675854e-009             -2.4895410069934e-008
   4.07531964143e-009             -2.4865584673355e-008
   4.09491252432e-009             -2.4692030733924e-008
   4.11450540721e-009             -2.4638969436648e-008
   4.13409829011e-009             -2.4671441331080e-008
   4.15369117300e-009             -2.4656462497480e-008
   4.17328405589e-009             -2.4942172773651e-008
   4.19287693878e-009             -2.4756762858782e-008
   4.21246982167e-009             -2.4615892477787e-008
   4.23206270456e-009             -2.4674775853246e-008
   4.25165558746e-009             -2.4677607654019e-008
   4.27124847035e-009             -2.4578524709640e-008
   4.29084135324e-009             -2.4490556839151e-008
   4.31043423613e-009             -2.4610573120997e-008
   4.33002711902e-009             -2.4740989936268e-008
   4.34962000191e-009             -2.4651989951775e-008
   4.36921288480e-009             -2.4720877048799e-008
   4.38880576770e-009             -2.4790584440757e-008
   4.40839865059e-009             -2.4788625967219e-008
   4.42799153348e-009             -2.4703331110732e-008
   4.44758441637e-009             -2.4761738125882e-008
   4.46717729926e-009             -2.4870930546295e-008
   4.48677018215e-009             -2.4733553474236e-008
   4.50636306504e-009             -2.4425507140753e-008
   4.52595594794e-009             -2.4489074725922e-008
   4.54554883083e-009             -2.4366464978523e-008
   4.56514171372e-009             -2.4680359906341e-008
   4.58473459661e-009             -2.4648999519298e-008
   4.60432747950e-009             -2.4566853882057e-008
   4.62392036239e-009             -2.4816122594551e-008
   4.64351324529e-009             -2.4720585836344e-008
   4.66310612818e-009             -2.4640848516801e-008
   4.68269901107e-009             -2.4719051000946e-008
   4.70229189396e-009             -2.4815143357782e-008
   4.72188477685e-009             -2.4785053264898e-008
   4.74147765974e-009             -2.4826152677201e-008
   4.76107054263e-009             -2.4690072415451e-008
   4.78066342553e-009             -2.4602051512661e-008
   4.80025630842e-009             -2.4756974522787e-008
   4.81984919131e-009             -2.4385783932143e-008
   4.83944207420e-009             -2.4769412768069e-008
   4.85903495709e-009             -2.4807389322210e-008
   4.87862783998e-009             -2.4739772674410e-008
   4.89822072287e-009             -2.4660590953496e-008
   4.91781360577e-009             -2.4613907643164e-008
   4.93740648866e-009             -2.4523346307122e-008
   4.95699937155e-009             -2.4670409217076e-008
   4.97659225444e-009             -2.4589004636450e-008
   4.99618513733e-009             -2.4440327187582e-008
   5.01577802022e-009             -2.4675516909861e-008
   5.03537090312e-009             -2.4521758439424e-008
   5.05496378601e-009             -2.4558782117881e-008
   5.07455666890e-009             -2.4558623331111e-008
   5.09414955179e-009             -2.4581621051652e-008
   5.11374243468e-009             -2.4761605855262e-008
   5.13333531757e-009             -2.4573443533006e-008
   5.15292820046e-009             -2.4657653398254e-008
   5.17252108336e-009             -2.4714551939090e-008
   5.19211396625e-009             -2.4814428817318e-008
   5.21170684914e-009             -2.4435404797717e-008
   5.23129973203e-009             -2.4657944455644e-008
   5.25089261492e-009             -2.4689463629456e-008
   5.27048549781e-009             -2.4620682597032e-008
   5.29007838070e-009             -2.4618459582254e-008
   5.30967126360e-009             -2.4578207136101e-008
   5.32926414649e-009             -2.4580165454574e-008
   5.34885702938e-009             -2.4739825551644e-008
   5.36844991227e-009             -2.4651725410535e-008
   5.38804279516e-009             -2.4559867264185e-008
   5.40763567805e-009             -2.4819880599792e-008
   5.42722856095e-009             -2.4659214749802e-008
   5.44682144384e-009             -2.4511569570004e-008
   5.46641432673e-009             -2.4690601652995e-008
   5.48600720962e-009             -2.4608694195909e-008
   5.50560009251e-009             -2.4711323326459e-008
   5.52519297540e-009             -2.4749246848300e-008
   5.54478585829e-009             -2.4501036765960e-008
   5.56437874119e-009             -2.4712117260308e-008
   5.58397162408e-009             -2.4801328908806e-008
   5.60356450697e-009             -2.4428074245220e-008
   5.62315738986e-009             -2.4767851416521e-008
   5.64275027275e-009             -2.4826972972135e-008
   5.66234315564e-009             -2.4617877312410e-008
   5.68193603853e-009             -2.4556797283258e-008
   5.70152892143e-009             -2.4696212067174e-008
   5.72112180432e-009             -2.4496908309944e-008
   5.74071468721e-009             -2.4711429235994e-008
   5.76030757010e-009             -2.4630818434152e-008
   5.77990045299e-009             -2.4384884243825e-008
   5.79949333588e-009             -2.4565477678364e-008
   5.81908621878e-009             -2.4443741103134e-008
   5.83867910167e-009             -2.4496405433485e-008
   5.85827198456e-009             -2.4653154491464e-008
   5.87786486745e-009             -2.4644262432353e-008
   5.89745775034e-009             -2.4492832731163e-008
   5.91705063323e-009             -2.4721538556963e-008
   5.93664351612e-009             -2.4579609700879e-008
   5.95623639902e-009             -2.4623249546434e-008
   5.97582928191e-009             -2.4902740777497e-008
   5.99542216480e-009             -2.4669112561832e-008
   6.01501504769e-009             -2.4825438136736e-008
   6.03460793058e-009             -2.4811014901766e-008
   6.05420081347e-009             -2.4784127060429e-008
   6.07379369636e-009             -2.4605650731132e-008
   6.09338657926e-009             -2.4545470545364e-008
   6.11297946215e-009             -2.4531629580238e-008
   6.13257234504e-009             -2.4773303043930e-008
   6.15216522793e-009             -2.4644156522818e-008
   6.17175811082e-009             -2.4566536308518e-008
   6.19135099371e-009             -2.4765575524508e-008
   6.21094387661e-009             -2.4540495278265e-008
   6.23053675950e-009             -2.4529036114686e-008
   6.25012964239e-009             -2.4619279877188e-008
   6.26972252528e-009             -2.4677687047403e-008
   6.28931540817e-009             -2.4691369070694e-008
   6.30890829106e-009             -2.4603983470049e-008
   6.32850117395e-009             -2.4686737893284e-008
   6.34809405685e-009             -2.4631083130456e-008
   6.36768693974e-009             -2.4848409186063e-008
   6.38727982263e-009             -2.4515301059095e-008
   6.40687270552e-009             -2.4739799035494e-008
   6.42646558841e-009             -2.4683085797578e-008
   6.44605847130e-009             -2.4727440183597e-008
   6.46565135419e-009             -2.4574740188249e-008
   6.48524423709e-009             -2.4425586534138e-008
   6.50483711998e-009             -2.4498654964413e-008
   6.52443000287e-009             -2.4549651878615e-008
   6.54402288576e-009             -2.4493573787778e-008
   6.56361576865e-009             -2.4420955201662e-008
   6.58320865154e-009             -2.4683191552048e-008
   6.60280153444e-009             -2.4523134488052e-008
   6.62239441733e-009             -2.4555765169254e-008
   6.64198730022e-009             -2.4637857929259e-008
   6.66158018311e-009             -2.4741757509033e-008
   6.68117306600e-009             -2.4668874381677e-008
   6.70076594889e-009             -2.4677845834173e-008
   6.72035883178e-009             -2.4688458031602e-008
   6.73995171468e-009             -2.4612716742390e-008
   6.75954459757e-009             -2.4773779404239e-008
   6.77913748046e-009             -2.4525039929290e-008
   6.79873036335e-009             -2.4687214253594e-008
   6.81832324624e-009             -2.4714075578781e-008
   6.83791612913e-009             -2.4607053295911e-008
   6.85750901202e-009             -2.4604327559739e-008
   6.87710189492e-009             -2.4466685791375e-008
   6.89669477781e-009             -2.4727493060832e-008
   6.91628766070e-009             -2.4707274263828e-008
   6.93588054359e-009             -2.4612160988696e-008
   6.95547342648e-009             -2.4568256446836e-008
   6.97506630937e-009             -2.4697958721642e-008
   6.99465919227e-009             -2.4649925723767e-008
   7.01425207516e-009             -2.4476504210020e-008
   7.03384495805e-009             -2.4648629068523e-008
   7.05343784094e-009             -2.4688352122067e-008
   7.07303072383e-009             -2.4634946890167e-008
   7.09262360672e-009             -2.4573443533006e-008
   7.11221648961e-009             -2.4543274046737e-008
   7.13180937251e-009             -2.4602898478810e-008
   7.15140225540e-009             -2.4771185938687e-008
   7.17099513829e-009             -2.4530227015460e-008
   7.19058802118e-009             -2.4564895408519e-008
   7.21018090407e-009             -2.4697958721642e-008
   7.22977378696e-009             -2.4679830668796e-008
   7.24936666985e-009             -2.4531656096389e-008
   7.26895955275e-009             -2.4528374451457e-008
   7.28855243564e-009             -2.4560687559119e-008
   7.30814531853e-009             -2.4615019150553e-008
   7.32773820142e-009             -2.4333543084867e-008
   7.34733108431e-009             -2.4414524337484e-008
   7.36692396720e-009             -2.4740910542883e-008
   7.38651685010e-009             -2.4483596582363e-008
   7.40610973299e-009             -2.4658500209338e-008
   7.42570261588e-009             -2.4642356991115e-008
   7.44529549877e-009             -2.4802466932345e-008
   7.46488838166e-009             -2.4600437283878e-008
   7.48448126455e-009             -2.4711402719844e-008
   7.50407414744e-009             -2.4693856781777e-008
   7.52366703034e-009             -2.4745488998124e-008
   7.54325991323e-009             -2.4948312580440e-008
   7.56285279612e-009             -2.4765972491433e-008
   7.58244567901e-009             -2.4995339980462e-008
   7.60203856190e-009             -2.4879637302486e-008
   7.62163144479e-009             -2.4708332893982e-008
   7.64122432768e-009             -2.4629654049528e-008
   7.66081721058e-009             -2.4574581401479e-008
   7.68041009347e-009             -2.4563413450356e-008
   7.70000297636e-009             -2.4758059514026e-008
   7.71959585925e-009             -2.4606338755447e-008
   7.73918874214e-009             -2.4558279396486e-008
   7.75878162503e-009             -2.4610758423917e-008
   7.77837450793e-009             -2.4560872862038e-008
   7.79796739082e-009             -2.4545152971825e-008
   7.81756027371e-009             -2.4663316844733e-008
   7.83715315660e-009             -2.4676178573090e-008
   7.85674603949e-009             -2.4656621284250e-008
   7.87633892238e-009             -2.4610123276838e-008
   7.89593180527e-009             -2.4691660283149e-008
   7.91552468817e-009             -2.4617189288096e-008
   7.93511757106e-009             -2.4853119911923e-008
   7.95471045395e-009             -2.4589533873994e-008
   7.97430333684e-009             -2.4703701561507e-008
   7.99389621973e-009             -2.4733024236692e-008
   8.01348910262e-009             -2.4645691513281e-008
   8.03308198551e-009             -2.4514930608321e-008
   8.05267486841e-009             -2.4466209431066e-008
   8.07226775130e-009             -2.4612743258540e-008
   8.09186063419e-009             -2.4770603668843e-008
   8.11145351708e-009             -2.4446784567911e-008
   8.13104639997e-009             -2.4482379320504e-008
   8.15063928286e-009             -2.4757027400022e-008
   8.17023216576e-009             -2.4610255547458e-008
   8.18982504865e-009             -2.4751549256462e-008
   8.20941793154e-009             -2.4799555893253e-008
   8.22901081443e-009             -2.4849044333142e-008
   8.24860369732e-009             -2.4969801671603e-008
   8.26819658021e-009             -2.4831419001690e-008
   8.28778946310e-009             -2.4683694428507e-008
   8.30738234600e-009             -2.4786191288437e-008
   8.32697522889e-009             -2.4926558792972e-008
   8.34656811178e-009             -2.4716377986944e-008
   8.36616099467e-009             -2.4823109212424e-008
   8.38575387756e-009             -2.4824961776427e-008
   8.40534676045e-009             -2.4714790119245e-008
   8.42493964334e-009             -2.4527024763913e-008
   8.44453252624e-009             -2.4450833630542e-008
   8.46412540913e-009             -2.4520699809270e-008
   8.48371829202e-009             -2.4777934376405e-008
   8.50331117491e-009             -2.4648681945758e-008
   8.52290405780e-009             -2.4567039029912e-008
   8.54249694069e-009             -2.4868045868288e-008
   8.56208982359e-009             -2.4680968537270e-008
   8.58168270648e-009             -2.4610890694537e-008
   8.60127558937e-009             -2.4640319124192e-008
   8.62086847226e-009             -2.4630368589992e-008
   8.64046135515e-009             -2.4686923041139e-008
   8.66005423804e-009             -2.4636270061561e-008
   8.67964712093e-009             -2.4687161221294e-008
   8.69924000383e-009             -2.4719236148801e-008
   8.71883288672e-009             -2.4768513079750e-008
   8.73842576961e-009             -2.4598373055870e-008
   8.75801865250e-009             -2.4593794600630e-008
   8.77761153539e-009             -2.4754963172014e-008
   8.79720441828e-009             -2.4729398502070e-008
   8.81679730117e-009             -2.4472216967235e-008
   8.83639018407e-009             -2.4725772922514e-008
   8.85598306696e-009             -2.4655086293787e-008
   8.87557594985e-009             -2.4927564390826e-008
   8.89516883274e-009             -2.4600781218502e-008
   8.91476171563e-009             -2.4639260649103e-008
   8.93435459852e-009             -2.4755413171239e-008
   8.95394748142e-009             -2.4684938206516e-008
   8.97354036431e-009             -2.4634867496782e-008
   8.99313324720e-009             -2.4820806804261e-008
   9.01272613009e-009             -2.4835203523081e-008
   9.03231901298e-009             -2.4701769604119e-008
   9.05191189587e-009             -2.4704627765976e-008
   9.07150477876e-009             -2.4612663865155e-008
   9.09109766166e-009             -2.4680201119571e-008
   9.11069054455e-009             -2.4756630433097e-008
   9.13028342744e-009             -2.4766422335592e-008
   9.14987631033e-009             -2.4939499914714e-008
   9.16946919322e-009             -2.4795718494627e-008
   9.18906207611e-009             -2.4781586472112e-008
   9.20865495900e-009             -2.4658367938718e-008
   9.22824784190e-009             -2.4640530943262e-008
   9.24784072479e-009             -2.4701557940114e-008
   9.26743360768e-009             -2.4736411636093e-008
   9.28702649057e-009             -2.4564657228365e-008
   9.30661937346e-009             -2.4504291894742e-008
   9.32621225635e-009             -2.4623064398580e-008
   9.34580513925e-009             -2.4508102777218e-008
   9.36539802214e-009             -2.4444005799439e-008
   9.38499090503e-009             -2.4566351005598e-008
   9.40458378792e-009             -2.4662311091814e-008
   9.42417667081e-009             -2.4728048814527e-008
   9.44376955370e-009             -2.4815672750392e-008
   9.46336243659e-009             -2.4619941540418e-008
   9.48295531949e-009             -2.4875852936160e-008
   9.50254820238e-009             -2.4669456496457e-008
   9.52214108527e-009             -2.4820939074881e-008
   9.54173396816e-009             -2.4774308796849e-008
   9.56132685105e-009             -2.4766395819442e-008
   9.58091973394e-009             -2.4655986137171e-008
   9.60051261683e-009             -2.4652836917924e-008
   9.62010549973e-009             -2.4634311743088e-008
   9.63969838262e-009             -2.4648232101599e-008
   9.65929126551e-009             -2.4760256167719e-008
   9.67888414840e-009             -2.4683270945433e-008
   9.69847703129e-009             -2.4561428615733e-008
   9.71806991418e-009             -2.4644130006668e-008
   9.73766279708e-009             -2.4683694428507e-008
   9.75725567997e-009             -2.4643494859588e-008
   9.77684856286e-009             -2.4723973390811e-008
   9.79644144575e-009             -2.4926876366512e-008
   9.81603432864e-009             -2.4874053249391e-008
   9.83562721153e-009             -2.4779098761029e-008
   9.85522009442e-009             -2.4729795468995e-008
   9.87481297732e-009             -2.4843804369737e-008
   9.89440586021e-009             -2.4712514227233e-008
   9.91399874310e-009             -2.4703066414427e-008
   9.93359162599e-009             -2.4707591837368e-008
   9.95318450888e-009             -2.4865081796896e-008
   9.97277739177e-009             -2.4671414969995e-008
   9.99237027466e-009             -2.4700340523190e-008
   1.00119631576e-008             -2.4775076214548e-008
   1.00315560404e-008             -2.4717965854642e-008
   1.00511489233e-008             -2.4727757757137e-008
   1.00707418062e-008             -2.4668053931678e-008
   1.00903346891e-008             -2.4798947107259e-008
   1.01099275720e-008             -2.4849441300067e-008
   1.01295204549e-008             -2.4660511560111e-008
   1.01491133378e-008             -2.4680386422491e-008
   1.01687062207e-008             -2.4864923010126e-008
   1.01882991036e-008             -2.4885433019585e-008
   1.02078919865e-008             -2.4989094264138e-008
   1.02274848694e-008             -2.4913644187381e-008
   1.02470777523e-008             -2.4893928111771e-008
   1.02666706351e-008             -2.4786561739211e-008
   1.02862635180e-008             -2.4802731628650e-008
   1.03058564009e-008             -2.4704522011506e-008
   1.03254492838e-008             -2.4915364325699e-008
   1.03450421667e-008             -2.4868257532292e-008
   1.03646350496e-008             -2.4697111910558e-008
   1.03842279325e-008             -2.4652413434849e-008
   1.04038208154e-008             -2.4838141078323e-008
   1.04234136983e-008             -2.4649528756842e-008
   1.04430065812e-008             -2.4869819038906e-008
   1.04625994641e-008             -2.4938388407325e-008
   1.04821923470e-008             -2.4850817503760e-008
   1.05017852298e-008             -2.4899485648715e-008
   1.05213781127e-008             -2.4855951557630e-008
   1.05409709956e-008             -2.4799794073408e-008
   1.05605638785e-008             -2.4819060149793e-008
   1.05801567614e-008             -2.4913194188156e-008
   1.05997496443e-008             -2.4956013738777e-008
   1.06193425272e-008             -2.4874026888307e-008
   1.06389354101e-008             -2.4730774705764e-008
   1.06585282930e-008             -2.4734109227930e-008
   1.06781211759e-008             -2.4841898928499e-008
   1.06977140588e-008             -2.4752846066771e-008
   1.07173069417e-008             -2.4806119028051e-008
   1.07368998245e-008             -2.4941458233187e-008
   1.07564927074e-008             -2.4753216517546e-008
   1.07760855903e-008             -2.4750358355689e-008
   1.07956784732e-008             -2.4868654499217e-008
   1.08152713561e-008             -2.4659929290267e-008
   1.08348642390e-008             -2.4827925692754e-008
   1.08544571219e-008             -2.4884083332041e-008
   1.08740500048e-008             -2.4701743243034e-008
   1.08936428877e-008             -2.4844280730047e-008
   1.09132357706e-008             -2.4705051249050e-008
   1.09328286535e-008             -2.4625843167052e-008
   1.09524215363e-008             -2.4889032238056e-008
   1.09720144192e-008             -2.4887100280668e-008
   1.09916073021e-008             -2.5002167811565e-008
   1.10112001850e-008             -2.5009789576517e-008
   1.10307930679e-008             -2.4792119276156e-008
   1.10503859508e-008             -2.4909409821830e-008
   1.10699788337e-008             -2.4878605188482e-008
   1.10895717166e-008             -2.4902820170882e-008
   1.11091645995e-008             -2.4976497232086e-008
   1.11287574824e-008             -2.5021724945340e-008
   1.11483503653e-008             -2.4830783854611e-008
   1.11679432482e-008             -2.4937832653631e-008
   1.11875361310e-008             -2.5004920063887e-008
   1.12071290139e-008             -2.4881833801113e-008
   1.12267218968e-008             -2.4973533160694e-008
   1.12463147797e-008             -2.5090347346059e-008
   1.12659076626e-008             -2.4950826652607e-008
   1.12855005455e-008             -2.4774652731474e-008
   1.13050934284e-008             -2.4831233853836e-008
   1.13246863113e-008             -2.4787170525206e-008
   1.13442791942e-008             -2.4920657166338e-008
   1.13638720771e-008             -2.5064306315806e-008
   1.13834649600e-008             -2.5000262370327e-008
   1.14030578429e-008             -2.5006031571276e-008
   1.14226507257e-008             -2.4719051000946e-008
   1.14422436086e-008             -2.4895595372854e-008
   1.14618364915e-008             -2.4899353378095e-008
   1.14814293744e-008             -2.4895807036859e-008
   1.15010222573e-008             -2.4899829738405e-008
   1.15206151402e-008             -2.5072669137372e-008
   1.15402080231e-008             -2.4895463102234e-008
   1.15598009060e-008             -2.4761817519267e-008
   1.15793937889e-008             -2.4811094295151e-008
   1.15989866718e-008             -2.4805695544977e-008
   1.16185795547e-008             -2.4912109196917e-008
   1.16381724376e-008             -2.4763722960505e-008
   1.16577653204e-008             -2.4853146428073e-008
   1.16773582033e-008             -2.4782433283196e-008
   1.16969510862e-008             -2.4865928763045e-008
   1.17165439691e-008             -2.4850976290530e-008
   1.17361368520e-008             -2.4845101180046e-008
   1.17557297349e-008             -2.5153809176759e-008
   1.17753226178e-008             -2.5110089782754e-008
   1.17949155007e-008             -2.5078041371397e-008
   1.18145083836e-008             -2.4855845803160e-008
   1.18341012665e-008             -2.5017967095164e-008
   1.18536941494e-008             -2.4952573307076e-008
   1.18732870322e-008             -2.4996266184931e-008
   1.18928799151e-008             -2.5048930515282e-008
   1.19124727980e-008             -2.4995075284157e-008
   1.19320656809e-008             -2.4870639333840e-008
   1.19516585638e-008             -2.4884215602661e-008
   1.19712514467e-008             -2.4942040503032e-008
   1.19908443296e-008             -2.4758324210330e-008
   1.20104372125e-008             -2.4897738994247e-008
   1.20300300954e-008             -2.4943707764115e-008
   1.20496229783e-008             -2.4925103195894e-008
   1.20692158612e-008             -2.4857804121633e-008
   1.20888087441e-008             -2.4856375040705e-008
   1.21084016269e-008             -2.4809691730373e-008
   1.21279945098e-008             -2.4865716943975e-008
   1.21475873927e-008             -2.4924732745119e-008
   1.21671802756e-008             -2.5006084448511e-008
   1.21867731585e-008             -2.4882998340802e-008
   1.22063660414e-008             -2.4836844268015e-008
   1.22259589243e-008             -2.4914570391850e-008
   1.22455518072e-008             -2.4816228504086e-008
   1.22651446901e-008             -2.4802969808805e-008
   1.22847375730e-008             -2.4952970274000e-008
   1.23043304559e-008             -2.4942728527346e-008
   1.23239233388e-008             -2.4846953744049e-008
   1.23435162216e-008             -2.4731383336693e-008
   1.23631091045e-008             -2.4902449720107e-008
   1.23827019874e-008             -2.4711879080153e-008
   1.24022948703e-008             -2.4836632604010e-008
   1.24218877532e-008             -2.4724185054816e-008
   1.24414806361e-008             -2.4950456201833e-008
   1.24610735190e-008             -2.4785106297198e-008
   1.24806664019e-008             -2.4722120826808e-008
   1.25002592848e-008             -2.4659267782102e-008
   1.25198521677e-008             -2.4888423452062e-008
   1.25394450506e-008             -2.4915681899239e-008
   1.25590379335e-008             -2.5150527531827e-008
   1.25786308163e-008             -2.4959321744794e-008
   1.25982236992e-008             -2.4860080013646e-008
   1.26178165821e-008             -2.5077776675092e-008
   1.26374094650e-008             -2.4978984943169e-008
   1.26570023479e-008             -2.5073860038146e-008
   1.26765952308e-008             -2.4880007753260e-008
   1.26961881137e-008             -2.4966176092047e-008
   1.27157809966e-008             -2.4785662050892e-008
   1.27353738795e-008             -2.4663713811658e-008
   1.27549667624e-008             -2.4923674114965e-008
   1.27745596453e-008             -2.4883157127572e-008
   1.27941525281e-008             -2.4830783854611e-008
   1.28137454110e-008             -2.4744324458435e-008
   1.28333382939e-008             -2.4805483880972e-008
   1.28529311768e-008             -2.4809347640683e-008
   1.28725240597e-008             -2.4666836514754e-008
   1.28921169426e-008             -2.4684197304967e-008
   1.29117098255e-008             -2.4815381537937e-008
   1.29313027084e-008             -2.4897130363318e-008
   1.29508955913e-008             -2.4854601870086e-008
   1.29704884742e-008             -2.4965514428817e-008
   1.29900813571e-008             -2.4836976538634e-008
   1.30096742400e-008             -2.4971601358371e-008
   1.30292671228e-008             -2.4826972972135e-008
   1.30488600057e-008             -2.4937594473476e-008
   1.30684528886e-008             -2.4912982524151e-008
   1.30880457715e-008             -2.4968875467134e-008
   1.31076386544e-008             -2.4775764238862e-008
   1.31272315373e-008             -2.4564895408519e-008
   1.31468244202e-008             -2.4798761959404e-008
   1.31664173031e-008             -2.4757133309557e-008
   1.31860101860e-008             -2.4743265983346e-008
   1.32056030689e-008             -2.4640213369722e-008
   1.32251959518e-008             -2.4724899595280e-008
   1.32447888347e-008             -2.4750755322613e-008
   1.32643817175e-008             -2.4570029617454e-008
   1.32839746004e-008             -2.4720506442959e-008
   1.33035674833e-008             -2.4835415187086e-008
   1.33231603662e-008             -2.4881675014344e-008
   1.33427532491e-008             -2.4954849354153e-008
   1.33623461320e-008             -2.4896257036084e-008
   1.33819390149e-008             -2.4797756206485e-008
   1.34015318978e-008             -2.4792383972460e-008
   1.34211247807e-008             -2.4814905177627e-008
   1.34407176636e-008             -2.4923832901735e-008
   1.34603105465e-008             -2.4802943292655e-008
   1.34799034294e-008             -2.4840840453411e-008
   1.34994963122e-008             -2.4652863279009e-008
   1.35190891951e-008             -2.4553436400006e-008
   1.35386820780e-008             -2.4574131557320e-008
   1.35582749609e-008             -2.4674590705392e-008
   1.35778678438e-008             -2.4847985858053e-008
   1.35974607267e-008             -2.4676072663555e-008
   1.36170536096e-008             -2.4758059514026e-008
   1.36366464925e-008             -2.4578339406721e-008
   1.36562393754e-008             -2.4608508892990e-008
   1.36758322583e-008             -2.4598690629410e-008
   1.36954251412e-008             -2.4654636449627e-008
   1.37150180240e-008             -2.4786402952442e-008
   1.37346109069e-008             -2.4719580238490e-008
   1.37542037898e-008             -2.4806833568516e-008
   1.37737966727e-008             -2.4712540743383e-008
   1.37933895556e-008             -2.4702934143807e-008
   1.38129824385e-008             -2.4647649831754e-008
   1.38325753214e-008             -2.4767322178976e-008
   1.38521682043e-008             -2.4875614756005e-008
   1.38717610872e-008             -2.4783677216269e-008
   1.38913539701e-008             -2.4836658965095e-008
   1.39109468530e-008             -2.4699758408411e-008
   1.39305397359e-008             -2.4612690226240e-008
   1.39501326187e-008             -2.4736861480252e-008
   1.39697255016e-008             -2.4808633100219e-008
   1.39893183845e-008             -2.4722994154042e-008
   1.40089112674e-008             -2.4768910046675e-008
   1.40285041503e-008             -2.4694941773016e-008
   1.40480970332e-008             -2.4690628169145e-008
   1.40676899161e-008             -2.4711429235994e-008
   1.40872827990e-008             -2.4796803485866e-008
   1.41068756819e-008             -2.4855766409775e-008
   1.41264685648e-008             -2.4787911426755e-008
   1.41460614477e-008             -2.4866828451364e-008
   1.41656543306e-008             -2.4739375707485e-008
   1.41852472134e-008             -2.4863652715967e-008
   1.42048400963e-008             -2.4719686148025e-008
   1.42244329792e-008             -2.4817419404860e-008
   1.42440258621e-008             -2.4841422568190e-008
   1.42636187450e-008             -2.4804345857433e-008
   1.42832116279e-008             -2.4738634650871e-008
   1.43028045108e-008             -2.4677792801873e-008
   1.43223973937e-008             -2.4752872582921e-008
   1.43419902766e-008             -2.4711614383848e-008
   1.43615831595e-008             -2.4792913210005e-008
   1.43811760424e-008             -2.4608191319450e-008
   1.44007689253e-008             -2.4578392283955e-008
   1.44203618081e-008             -2.4613431282854e-008
   1.44399546910e-008             -2.4494103025322e-008
   1.44595475739e-008             -2.4572014452077e-008
   1.44791404568e-008             -2.4632512211385e-008
   1.44987333397e-008             -2.4688140458063e-008
   1.45183262226e-008             -2.4707274263828e-008
   1.45379191055e-008             -2.4865716943975e-008
   1.45575119884e-008             -2.4900332459799e-008
   1.45771048713e-008             -2.4820780288111e-008
   1.45966977542e-008             -2.4690601652995e-008
   1.46162906371e-008             -2.4866246336585e-008
   1.46358835200e-008             -2.4794792290158e-008
   1.46554764028e-008             -2.4770392004838e-008
   1.46750692857e-008             -2.4655456899626e-008
   1.46946621686e-008             -2.4508182170603e-008
   1.47142550515e-008             -2.4539860131185e-008
   1.47338479344e-008             -2.4667921661058e-008
   1.47534408173e-008             -2.4748267766596e-008
   1.47730337002e-008             -2.4656435981330e-008
   1.47926265831e-008             -2.4876699747244e-008
   1.48122194660e-008             -2.4729610321140e-008
   1.48318123489e-008             -2.4610599637147e-008
   1.48514052318e-008             -2.4779363457334e-008
   1.48709981146e-008             -2.4881145776799e-008
   1.48905909975e-008             -2.4841925444649e-008
   1.49101838804e-008             -2.4787885065670e-008
   1.49297767633e-008             -2.4691236800074e-008
   1.49493696462e-008             -2.4741625083348e-008
   1.49689625291e-008             -2.4801223154336e-008
   1.49885554120e-008             -2.4492541673774e-008
   1.50081482949e-008             -2.4680730357115e-008
   1.50277411778e-008             -2.4733156507311e-008
   1.50473340607e-008             -2.4601548791267e-008
   1.50669269436e-008             -2.4603004233280e-008
   1.50865198265e-008             -2.4533667447162e-008
   1.51061127093e-008             -2.4576592752252e-008
   1.51257055922e-008             -2.4647279380980e-008
   1.51452984751e-008             -2.4836261998170e-008
   1.51648913580e-008             -2.4621053047807e-008
   1.51844842409e-008             -2.4773064863775e-008
   1.52040771238e-008             -2.4509796399386e-008
   1.52236700067e-008             -2.4588687062910e-008
   1.52432628896e-008             -2.4615230814558e-008
   1.52628557725e-008             -2.4687558188218e-008
   1.52824486554e-008             -2.4818477879949e-008
   1.53020415383e-008             -2.4775949541782e-008
   1.53216344212e-008             -2.4753640000620e-008
   1.53412273040e-008             -2.4908880584286e-008
   1.53608201869e-008             -2.4808739009754e-008
   1.53804130698e-008             -2.4679883546031e-008
   1.54000059527e-008             -2.4914914481539e-008
   1.54195988356e-008             -2.4961068399262e-008
   1.54391917185e-008             -2.4850605839756e-008
   1.54587846014e-008             -2.4731542123463e-008
   1.54783774843e-008             -2.4674537673092e-008
   1.54979703672e-008             -2.4816122594551e-008
   1.55175632501e-008             -2.4741836902417e-008
   1.55371561330e-008             -2.4903481834111e-008
   1.55567490159e-008             -2.4701716726884e-008
   1.55763418987e-008             -2.4842190140954e-008
   1.55959347816e-008             -2.4754751508009e-008
   1.56155276645e-008             -2.4646379537596e-008
   1.56351205474e-008             -2.4622217432430e-008
   1.56547134303e-008             -2.4721406286343e-008
   1.56743063132e-008             -2.4729080928530e-008
   1.56938991961e-008             -2.4641748205120e-008
   1.57134920790e-008             -2.4645400300826e-008
   1.57330849619e-008             -2.4822262401340e-008
   1.57526778448e-008             -2.4820780288111e-008
   1.57722707277e-008             -2.4588475243840e-008
   1.57918636105e-008             -2.4800164524182e-008
   1.58114564934e-008             -2.4903323047341e-008
   1.58310493763e-008             -2.4846953744049e-008
   1.58506422592e-008             -2.4757768456636e-008
   1.58702351421e-008             -2.4611419932081e-008
   1.58898280250e-008             -2.4590671897533e-008
   1.59094209079e-008             -2.4688008187443e-008
   1.59290137908e-008             -2.4821336041806e-008
   1.59486066737e-008             -2.4525092961590e-008
   1.59681995566e-008             -2.4700314162105e-008
   1.59877924395e-008             -2.4652545705469e-008
   1.60073853224e-008             -2.4618221402100e-008
   1.60269782052e-008             -2.4689013785297e-008
   1.60465710881e-008             -2.4888582238831e-008
   1.60661639710e-008             -2.4835944424631e-008
   1.60857568539e-008             -2.4857010187784e-008
   1.61053497368e-008             -2.4773779404239e-008
   1.61249426197e-008             -2.4821230287336e-008
   1.61445355026e-008             -2.4859153809177e-008
   1.61641283855e-008             -2.4583791034130e-008
   1.61837212684e-008             -2.4734268014700e-008
   1.62033141513e-008             -2.4731727426383e-008
   1.62229070342e-008             -2.4699440834871e-008
   1.62424999171e-008             -2.4626319527361e-008
   1.62620927999e-008             -2.4660167470421e-008
   1.62816856828e-008             -2.4654504179007e-008
   1.63012785657e-008             -2.4745144908434e-008
   1.63208714486e-008             -2.4879160942176e-008
   1.63404643315e-008             -2.4523743274047e-008
   1.63600572144e-008             -2.4793310176929e-008
   1.63796500973e-008             -2.4701610817349e-008
   1.63992429802e-008             -2.4715425266324e-008
   1.64188358631e-008             -2.4781930561801e-008
   1.64384287460e-008             -2.4778675433020e-008
   1.64580216289e-008             -2.4728869264526e-008
   1.64776145118e-008             -2.4808950673758e-008
   1.64972073946e-008             -2.4570320674844e-008
   1.65168002775e-008             -2.4663660779358e-008
   1.65363931604e-008             -2.4750967141683e-008
   1.65559860433e-008             -2.4526098559444e-008
   1.65755789262e-008             -2.4701531423964e-008
   1.65951718091e-008             -2.4724105661431e-008
   1.66147646920e-008             -2.4696529640714e-008
   1.66343575749e-008             -2.4627933756144e-008
   1.66539504578e-008             -2.4531762005923e-008
   1.66735433407e-008             -2.4587734342291e-008
   1.66931362236e-008             -2.4743609917971e-008
   1.67127291064e-008             -2.4764993254664e-008
   1.67323219893e-008             -2.4526707190374e-008
   1.67519148722e-008             -2.4747209136442e-008
   1.67715077551e-008             -2.4599696227264e-008
   1.67911006380e-008             -2.4598505326490e-008
   1.68106935209e-008             -2.4643786072043e-008
   1.68302864038e-008             -2.4824697080122e-008
   1.68498792867e-008             -2.4829857650142e-008
   1.68694721696e-008             -2.4841025601265e-008
   1.68890650525e-008             -2.4611367054847e-008
   1.69086579354e-008             -2.4794104110779e-008
   1.69282508183e-008             -2.4941405355952e-008
   1.69478437011e-008             -2.4553489277241e-008
   1.69674365840e-008             -2.4754433934469e-008
   1.69870294669e-008             -2.4739666764875e-008
   1.70066223498e-008             -2.4691448464079e-008
   1.70262152327e-008             -2.4625022717053e-008
   1.70458081156e-008             -2.4549387337375e-008
   1.70654009985e-008             -2.4726143373288e-008
   1.70849938814e-008             -2.4763193722961e-008
   1.71045867643e-008             -2.4733129991161e-008
   1.71241796472e-008             -2.4581700445037e-008
   1.71437725301e-008             -2.4892260850688e-008
   1.71633654130e-008             -2.4544464947510e-008
   1.71829582958e-008             -2.4390574051389e-008
   1.72025511787e-008             -2.4451309990851e-008
   1.72221440616e-008             -2.4619094729334e-008
   1.72417369445e-008             -2.4606047698057e-008
   1.72613298274e-008             -2.4670171036921e-008
   1.72809227103e-008             -2.4595726558018e-008
   1.73005155932e-008             -2.4579450914109e-008
   1.73201084761e-008             -2.4947068802431e-008
   1.73397013590e-008             -2.4585749507668e-008
   1.73592942419e-008             -2.4689860596381e-008
   1.73788871248e-008             -2.4795003954163e-008
   1.73984800077e-008             -2.4783015553040e-008
   1.74180728905e-008             -2.4551239746313e-008
   1.74376657734e-008             -2.4577677743491e-008
   1.74572586563e-008             -2.4495241048861e-008
   1.74768515392e-008             -2.4548196436602e-008
   1.74964444221e-008             -2.4689251965451e-008
   1.75160373050e-008             -2.4516836049559e-008
   1.75356301879e-008             -2.4910071485059e-008
   1.75552230708e-008             -2.4485184450061e-008
   1.75748159537e-008             -2.4518741490797e-008
   1.75944088366e-008             -2.4716695560483e-008
   1.76140017195e-008             -2.4578630464110e-008
   1.76335946023e-008             -2.4573469894090e-008
   1.76531874852e-008             -2.4746970956287e-008
   1.76727803681e-008             -2.4647067561910e-008
   1.76923732510e-008             -2.4662893361659e-008
   1.77119661339e-008             -2.4873841585387e-008
   1.77315590168e-008             -2.4446572903906e-008
   1.77511518997e-008             -2.4541950720278e-008
   1.77707447826e-008             -2.4663475631503e-008
   1.77903376655e-008             -2.4585564204748e-008
   1.78099305484e-008             -2.4401001100963e-008
   1.78295234313e-008             -2.4511437299384e-008
   1.78491163142e-008             -2.4609726309913e-008
   1.78687091970e-008             -2.4550710508769e-008
   1.78883020799e-008             -2.4566509792368e-008
   1.79078949628e-008             -2.4347039960303e-008
   1.79274878457e-008             -2.4658553241638e-008
   1.79470807286e-008             -2.4469491075997e-008
   1.79666736115e-008             -2.4519297244491e-008
   1.79862664944e-008             -2.4567938873296e-008
   1.80058593773e-008             -2.4509531858146e-008
   1.80254522602e-008             -2.4472269844470e-008
   1.80450451431e-008             -2.4596467614632e-008
   1.80646380260e-008             -2.4385281210749e-008
   1.80842309089e-008             -2.4610493727612e-008
   1.81038237917e-008             -2.4785741444277e-008
   1.81234166746e-008             -2.4439718556653e-008
   1.81430095575e-008             -2.4601363488347e-008
   1.81626024404e-008             -2.4755360138938e-008
   1.81821953233e-008             -2.4733474080851e-008
   1.82017882062e-008             -2.4434399199864e-008
   1.82213810891e-008             -2.4258039975810e-008
   1.82409739720e-008             -2.4687452433748e-008
   1.82605668549e-008             -2.4585961171673e-008
   1.82801597378e-008             -2.4554733055250e-008
   1.82997526207e-008             -2.4492197584084e-008
   1.83193455036e-008             -2.4646935291290e-008
   1.83389383864e-008             -2.4497067096714e-008
   1.83585312693e-008             -2.4492356370854e-008
   1.83781241522e-008             -2.4544570701980e-008
   1.83977170351e-008             -2.4681736110034e-008
   1.84173099180e-008             -2.4626504675216e-008
   1.84369028009e-008             -2.4698196901797e-008
   1.84564956838e-008             -2.4380438214269e-008
   1.84760885667e-008             -2.4495426196716e-008
   1.84956814496e-008             -2.4739666764875e-008
   1.85152743325e-008             -2.4435193133713e-008
   1.85348672154e-008             -2.4695285862705e-008
   1.85544600983e-008             -2.4600304858193e-008
   1.85740529811e-008             -2.4503630231512e-008
   1.85936458640e-008             -2.4461684008125e-008
   1.86132387469e-008             -2.4430879374777e-008
   1.86328316298e-008             -2.4506064910295e-008
   1.86524245127e-008             -2.4462742638279e-008
   1.86720173956e-008             -2.4500533889501e-008
   1.86916102785e-008             -2.4451548171006e-008
   1.87112031614e-008             -2.4537848780412e-008
   1.87307960443e-008             -2.4484681728667e-008
   1.87503889272e-008             -2.4337645179798e-008
   1.87699818101e-008             -2.4503789018282e-008
   1.87895746929e-008             -2.4629706926763e-008
   1.88091675758e-008             -2.4581276961963e-008
   1.88287604587e-008             -2.4517735737878e-008
   1.88483533416e-008             -2.4591386437997e-008
   1.88679462245e-008             -2.4467135790600e-008
   1.88875391074e-008             -2.4778225433795e-008
   1.89071319903e-008             -2.4490583200236e-008
   1.89267248732e-008             -2.4804081316193e-008
   1.89463177561e-008             -2.4762981903891e-008
   1.89659106390e-008             -2.4682318224814e-008
   1.89855035219e-008             -2.4600278497108e-008
   1.90050964048e-008             -2.4453982849788e-008
   1.90246892876e-008             -2.4421907922281e-008
   1.90442821705e-008             -2.4580430150878e-008
   1.90638750534e-008             -2.4565424801129e-008
   1.90834679363e-008             -2.4438501139729e-008
   1.91030608192e-008             -2.4768539440835e-008
   1.91226537021e-008             -2.4434557986633e-008
   1.91422465850e-008             -2.4380755787809e-008
   1.91618394679e-008             -2.4632353424615e-008
   1.91814323508e-008             -2.4634179472468e-008
   1.92010252337e-008             -2.4724211570966e-008
   1.92206181166e-008             -2.4607979655445e-008
   1.92402109995e-008             -2.4532132456698e-008
   1.92598038823e-008             -2.4684223666052e-008
   1.92793967652e-008             -2.4778437252865e-008
   1.92989896481e-008             -2.4542612383507e-008
   1.93185825310e-008             -2.4726857913753e-008
   1.93381754139e-008             -2.4610202670223e-008
   1.93577682968e-008             -2.4685493960210e-008
   1.93773611797e-008             -2.4494976352556e-008
   1.93969540626e-008             -2.4654821752547e-008
   1.94165469455e-008             -2.4606550574517e-008
   1.94361398284e-008             -2.4713652250771e-008
   1.94557327113e-008             -2.4690098776536e-008
   1.94753255942e-008             -2.4420134906728e-008
   1.94949184770e-008             -2.4715345872940e-008
   1.95145113599e-008             -2.4493573787778e-008
   1.95341042428e-008             -2.4457370404255e-008
   1.95536971257e-008             -2.4615971871172e-008
   1.95732900086e-008             -2.4777299229326e-008
