# Atom Manipulation               
# 
# Sample                          Ag(111)
# Data set                        -
# Creation Comment                
# Gap voltage                     1.800e+000 V
# Gap voltage range in Volt       -10;10
# Feedback loop enabled           No
# Regulator setpoint              1.000e-009 A
# Pre-amplifier range             0;3.33e-007
# Loop gain                       7.000e+000 %
# Z-axis offset                   -5.000e-010 m
# Parameter mode                  V before Z
# Raster time                     1.000e-003 seconds
# Channel name and data unit      I(r) [A]
# Manipulation vector: start      -1.750e+000, -2.575e+000 [nm]
#                      end        1.475e+000, 6.000e-001 [nm]
# 
# 
#             Position                            I(r)
# --------------------             -------------------
   0.000000000000e+000              1.43987312565e-008
   4.525621504280e-012              1.36811209664e-008
   9.051243008560e-012              1.29145249577e-008
   1.357686451284e-011              1.26631389849e-008
   1.810248601712e-011              1.13359991626e-008
   2.262810752140e-011              1.05462996790e-008
   2.715372902568e-011              1.00928575416e-008
   3.167935052996e-011              8.95496503280e-009
   3.620497203424e-011              8.53862612228e-009
   4.073059353852e-011              8.74888632170e-009
   4.525621504280e-011              8.78284017429e-009
   4.978183654708e-011              8.55140845726e-009
   5.430745805136e-011              8.54301927460e-009
   5.883307955564e-011              8.43827288375e-009
   6.335870105992e-011              8.21160476981e-009
   6.788432256420e-011              8.17336367443e-009
   7.240994406848e-011              8.20173362899e-009
   7.693556557276e-011              8.02593015863e-009
   8.146118707704e-011              8.15692924375e-009
   8.598680858132e-011              8.16582130286e-009
   9.051243008560e-011              7.83009319419e-009
   9.503805158988e-011              8.14118283738e-009
   9.956367309416e-011              8.22740405340e-009
   1.040892945984e-010              8.40135495976e-009
   1.086149161027e-010              8.35445998542e-009
   1.131405376070e-010              8.33874009521e-009
   1.176661591113e-010              8.20816449317e-009
   1.221917806156e-010              8.14859293833e-009
   1.267174021198e-010              7.93515700352e-009
   1.312430236241e-010              8.12768596195e-009
   1.357686451284e-010              8.15182155096e-009
   1.402942666327e-010              8.16362480423e-009
   1.448198881370e-010              8.09754299183e-009
   1.493455096412e-010              8.26847694956e-009
   1.538711311455e-010              8.09738420506e-009
   1.583967526498e-010              8.28750484579e-009
   1.629223741541e-010              8.26694195909e-009
   1.674479956584e-010              8.28724030455e-009
   1.719736171626e-010              8.11305121804e-009
   1.764992386669e-010              8.23981593760e-009
   1.810248601712e-010              8.06628851432e-009
   1.855504816755e-010              8.02698878879e-009
   1.900761031798e-010              8.19128006327e-009
   1.946017246840e-010              8.28607576486e-009
   1.991273461883e-010              7.74151653770e-009
   2.036529676926e-010              8.26493076339e-009
   2.081785891969e-010              8.16322783731e-009
   2.127042107012e-010              8.33921645552e-009
   2.172298322054e-010              8.49742095551e-009
   2.217554537097e-010              8.34929941540e-009
   2.262810752140e-010              8.14396160586e-009
   2.308066967183e-010              8.06340383631e-009
   2.353323182226e-010              8.33183287072e-009
   2.398579397268e-010              8.19887546713e-009
   2.443835612311e-010              8.18016498938e-009
   2.489091827354e-010              7.98319000140e-009
   2.534348042397e-010              8.18265270046e-009
   2.579604257440e-010              8.28708151778e-009
   2.624860472482e-010              7.86836080572e-009
   2.670116687525e-010              8.31066135310e-009
   2.715372902568e-010              8.79829552327e-009
   2.760629117611e-010              8.67478577742e-009
   2.805885332653e-010              8.64212873513e-009
   2.851141547696e-010              8.44753554870e-009
   2.896397762739e-010              8.62201569260e-009
   2.941653977782e-010              8.28348229931e-009
   2.986910192825e-010              8.85839631565e-009
   3.032166407867e-010              8.52287987099e-009
   3.077422622910e-010              8.91047837616e-009
   3.122678837953e-010              8.91540076602e-009
   3.167935052996e-010              8.93837181535e-009
   3.213191268039e-010              8.32016204314e-009
   3.258447483081e-010              8.46701328909e-009
   3.303703698124e-010              8.78045837275e-009
   3.348959913167e-010              8.59047000264e-009
   3.394216128210e-010              8.65046504055e-009
   3.439472343253e-010              9.04610863868e-009
   3.484728558295e-010              8.43610290127e-009
   3.529984773338e-010              8.26868861356e-009
   3.575240988381e-010              8.22438710478e-009
   3.620497203424e-010              9.30207291166e-009
   3.665753418467e-010              8.69415776334e-009
   3.711009633509e-010              8.87300469848e-009
   3.756265848552e-010              8.18310254462e-009
   3.801522063595e-010              8.49861185629e-009
   3.846778278638e-010              8.37454651181e-009
   3.892034493681e-010              7.13855029540e-009
   3.937290708723e-010              7.49118919506e-009
   3.982546923766e-010              7.88712400564e-009
   4.027803138809e-010              8.19257687358e-009
   4.073059353852e-010              7.38040906201e-009
   4.118315568895e-010              7.55084014328e-009
   4.163571783937e-010              7.30278869265e-009
   4.208827998980e-010              7.68832296981e-009
   4.254084214023e-010              6.88875219030e-009
   4.299340429066e-010              7.55690055668e-009
   4.344596644109e-010              7.34428507187e-009
   4.389852859151e-010              7.56161112748e-009
   4.435109074194e-010              7.85809254291e-009
   4.480365289237e-010              7.88347190994e-009
   4.525621504280e-010              8.39312456388e-009
   4.570877719323e-010              7.41311913660e-009
   4.616133934365e-010              7.82757896696e-009
   4.661390149408e-010              7.02959605514e-009
   4.706646364451e-010              9.74056257656e-009
   4.751902579494e-010              1.46190478996e-008
   4.797158794537e-010              1.49763711641e-008
   4.842415009579e-010              1.49192079269e-008
   4.887671224622e-010              1.43884895098e-008
   4.932927439665e-010              1.45956533672e-008
   4.978183654708e-010              8.45843880352e-009
   5.023439869751e-010              8.47413233265e-009
   5.068696084793e-010              8.41516940874e-009
   5.113952299836e-010              8.49998805998e-009
   5.159208514879e-010              8.49826792166e-009
   5.204464729922e-010              8.42787235032e-009
   5.249720944965e-010              8.43425033727e-009
   5.294977160007e-010              8.49847958567e-009
   5.340233375050e-010              8.57551768519e-009
   5.385489590093e-010              8.51531098327e-009
   5.430745805136e-010              8.53595326335e-009
   5.476002020179e-010              8.54389260184e-009
   5.521258235221e-010              8.61878707997e-009
   5.566514450264e-010              8.64474871684e-009
   5.611770665307e-010              8.68468358945e-009
   5.657026880350e-010              8.76058366543e-009
   5.702283095393e-010              9.62613034781e-009
   5.747539310435e-010              9.67577757447e-009
   5.792795525478e-010              9.78991890090e-009
   5.838051740521e-010              9.52154274372e-009
   5.883307955564e-010              9.84051884818e-009
   5.928564170607e-010              9.57920885732e-009
   5.973820385649e-010              9.24379816713e-009
   6.019076600692e-010              9.25875063964e-009
   6.064332815735e-010              9.33123680007e-009
   6.109589030778e-010              9.46609964490e-009
   6.154845245821e-010              9.47546806432e-009
   6.200101460863e-010              9.50082107026e-009
   6.245357675906e-010              9.57468343438e-009
   6.290613890949e-010              9.63094682814e-009
   6.335870105992e-010              9.60286808603e-009
   6.381126321035e-010              9.68930096606e-009
   6.426382536077e-010              9.70184512087e-009
   6.471638751120e-010              9.74453224581e-009
   6.516894966163e-010              9.76136364341e-009
   6.562151181206e-010              9.74717874366e-009
   6.607407396249e-010              9.80989951775e-009
   6.652663611291e-010              9.84612941742e-009
   6.697919826334e-010              9.86536897766e-009
   6.743176041377e-010              9.85248088821e-009
   6.788432256420e-010              9.75210113353e-009
   6.833688471463e-010              9.79039526121e-009
   6.878944686505e-010              9.77022934144e-009
   6.924200901548e-010              9.76438059204e-009
   6.969457116591e-010              9.86849183582e-009
   7.014713331634e-010              9.87092651460e-009
   7.059969546677e-010              9.86769790197e-009
   7.105225761719e-010              9.88751973205e-009
   7.150481976762e-010              1.05810209493e-008
   7.195738191805e-010              1.15300100792e-008
   7.240994406848e-010              1.30922073532e-008
   7.286250621891e-010              1.29231258044e-008
   7.331506836933e-010              1.30120729117e-008
   7.376763051976e-010              1.29552007319e-008
   7.422019267019e-010              1.30545748887e-008
   7.467275482062e-010              1.24983448340e-008
   7.512531697105e-010              1.33473246600e-008
   7.557787912147e-010              1.32738594179e-008
   7.603044127190e-010              1.31068951294e-008
   7.648300342233e-010              1.26505683140e-008
   7.693556557276e-010              1.25891972274e-008
   7.738812772319e-010              1.29059239560e-008
   7.784068987361e-010              1.26296614927e-008
   7.829325202404e-010              1.23343974941e-008
   7.874581417447e-010              1.22799336321e-008
   7.919837632490e-010              1.22505580797e-008
   7.965093847533e-010              1.24191896292e-008
   8.010350062575e-010              1.23450625688e-008
   8.055606277618e-010              1.21086555847e-008
   8.100862492661e-010              1.18159586906e-008
   8.146118707704e-010              1.21583558436e-008
   8.191374922747e-010              1.23634554730e-008
   8.236631137789e-010              1.23451684783e-008
   8.281887352832e-010              1.21643103475e-008
   8.327143567875e-010              1.20356136705e-008
   8.372399782918e-010              1.23110293228e-008
   8.417655997961e-010              1.20831174309e-008
   8.462912213003e-010              1.21199559615e-008
   8.508168428046e-010              1.22938538355e-008
   8.553424643089e-010              1.22984322908e-008
   8.598680858132e-010              1.22529927585e-008
   8.643937073174e-010              1.22967650297e-008
   8.689193288217e-010              1.22101997240e-008
   8.734449503260e-010              1.24976831708e-008
   8.779705718303e-010              1.23549603808e-008
   8.824961933346e-010              1.23420986525e-008
   8.870218148388e-010              1.17626592132e-008
   8.915474363431e-010              8.45719502551e-009
   8.960730578474e-010              8.44742963916e-009
   9.005986793517e-010              8.45700972259e-009
   9.051243008560e-010              8.44893811348e-009
   9.096499223602e-010              8.47389415249e-009
   9.141755438645e-010              8.45589821520e-009
   9.187011653688e-010              8.57490889919e-009
   9.232267868731e-010              8.58009598536e-009
   9.277524083774e-010              8.61100652825e-009
   9.322780298816e-010              8.65342895688e-009
   9.368036513859e-010              8.48323605576e-009
   9.413292728902e-010              7.60768580688e-009
   9.458548943945e-010              7.19280249345e-009
   9.503805158988e-010              6.97574097908e-009
   9.549061374030e-010              6.96020623672e-009
   9.594317589073e-010              6.94078137357e-009
   9.639573804116e-010              6.89147808153e-009
   9.684830019159e-010              6.92805191583e-009
   9.730086234202e-010              6.76061126704e-009
   9.775342449244e-010              6.79734404317e-009
   9.820598664287e-010              6.84855277644e-009
   9.865854879330e-010              6.82491990882e-009
   9.911111094373e-010              6.81271984369e-009
   9.956367309416e-010              6.87004186761e-009
   1.000162352446e-009              6.75971157872e-009
   1.004687973950e-009              6.73308827862e-009
   1.009213595454e-009              6.72329637613e-009
   1.013739216959e-009              6.75251314178e-009
   1.018264838463e-009              6.75214269100e-009
   1.022790459967e-009              6.82092387849e-009
   1.027316081472e-009              6.80901487075e-009
   1.031841702976e-009              6.84183069981e-009
   1.036367324480e-009              6.90394284297e-009
   1.040892945984e-009              8.19350307804e-009
   1.045418567489e-009              1.10502888865e-008
   1.049944188993e-009              1.16764645133e-008
   1.054469810497e-009              1.17202896618e-008
   1.058995432001e-009              1.20079582564e-008
   1.063521053506e-009              1.27820967917e-008
   1.068046675010e-009              1.31961332941e-008
   1.072572296514e-009              1.32838893455e-008
   1.077097918019e-009              1.33619595590e-008
   1.081623539523e-009              1.36299651103e-008
   1.086149161027e-009              1.32993975717e-008
   1.090674782531e-009              1.35702084076e-008
   1.095200404036e-009              1.35269918901e-008
   1.099726025540e-009              1.37479173192e-008
   1.104251647044e-009              1.36883722805e-008
   1.108777268549e-009              1.38356998868e-008
   1.113302890053e-009              1.37586354262e-008
   1.117828511557e-009              1.37413805455e-008
   1.122354133061e-009              1.38565009537e-008
   1.126879754566e-009              1.39458185117e-008
   1.131405376070e-009              1.33043199615e-008
   1.135930997574e-009              9.60895486052e-009
   1.140456619079e-009              9.57965870148e-009
   1.144982240583e-009              9.51098342353e-009
   1.149507862087e-009              9.62583913536e-009
   1.154033483591e-009              9.58907999814e-009
   1.158559105096e-009              9.66746778520e-009
   1.163084726600e-009              9.75313324753e-009
   1.167610348104e-009              9.81310176929e-009
   1.172135969608e-009              9.87767495232e-009
   1.176661591113e-009              1.00017933291e-008
   1.181187212617e-009              9.99647397231e-009
   1.185712834121e-009              1.00219592489e-008
   1.190238455626e-009              1.01054810898e-008
   1.194764077130e-009              1.01459717161e-008
   1.199289698634e-009              1.02889063251e-008
   1.203815320138e-009              1.03134917583e-008
   1.208340941643e-009              1.03921706027e-008
   1.212866563147e-009              1.04295383709e-008
   1.217392184651e-009              1.03965637551e-008
   1.221917806156e-009              1.04170472484e-008
   1.226443427660e-009              1.06044950302e-008
   1.230969049164e-009              1.07025458605e-008
   1.235494670668e-009              1.07662722325e-008
   1.240020292173e-009              1.07663781420e-008
   1.244545913677e-009              1.08700128704e-008
   1.249071535181e-009              1.08722358852e-008
   1.253597156686e-009              1.09377619439e-008
   1.258122778190e-009              1.09792318070e-008
   1.262648399694e-009              1.09358830188e-008
   1.267174021198e-009              1.10096129572e-008
   1.271699642703e-009              1.10130797500e-008
   1.276225264207e-009              1.11006771697e-008
   1.280750885711e-009              1.12052911349e-008
   1.285276507215e-009              1.10665645304e-008
   1.289802128720e-009              1.10817550280e-008
   1.294327750224e-009              1.10577253485e-008
   1.298853371728e-009              1.34775828436e-008
   1.303378993233e-009              1.39301780149e-008
   1.307904614737e-009              1.38841827288e-008
   1.312430236241e-009              1.37540306099e-008
   1.316955857745e-009              1.46307981206e-008
   1.321481479250e-009              1.48758854999e-008
   1.326007100754e-009              1.48872123928e-008
   1.330532722258e-009              1.50620629875e-008
   1.335058343763e-009              1.51478343593e-008
   1.339583965267e-009              1.44381103754e-008
   1.344109586771e-009              1.42532825753e-008
   1.348635208275e-009              1.40040138628e-008
   1.353160829780e-009              1.39453156352e-008
   1.357686451284e-009              1.33106185551e-008
   1.362212072788e-009              1.32687517251e-008
   1.366737694293e-009              1.31938308859e-008
   1.371263315797e-009              1.23010257563e-008
   1.375788937301e-009              1.24435103661e-008
   1.380314558805e-009              1.25198604413e-008
   1.384840180310e-009              1.26152647738e-008
   1.389365801814e-009              1.24114619548e-008
   1.393891423318e-009              1.22051979407e-008
   1.398417044822e-009              1.24771468002e-008
   1.402942666327e-009              1.23754173580e-008
   1.407468287831e-009              1.23481325497e-008
   1.411993909335e-009              1.24084184900e-008
   1.416519530840e-009              1.24137114857e-008
   1.421045152344e-009              1.25180607545e-008
   1.425570773848e-009              1.25641619501e-008
   1.430096395352e-009              1.25147527485e-008
   1.434622016857e-009              1.25236976849e-008
   1.439147638361e-009              1.26816905209e-008
   1.443673259865e-009              1.26136240289e-008
   1.448198881370e-009              1.26501184698e-008
   1.452724502874e-009              1.27804030145e-008
   1.457250124378e-009              1.27940586767e-008
   1.461775745882e-009              1.27824407263e-008
   1.466301367387e-009              1.27972872893e-008
   1.470826988891e-009              1.14809449674e-008
   1.475352610395e-009              9.75159825707e-009
   1.479878231899e-009              9.39057017476e-009
   1.484403853404e-009              9.27100373707e-009
   1.488929474908e-009              7.38779264681e-009
   1.493455096412e-009              7.26047201848e-009
   1.497980717917e-009              9.68742204097e-009
   1.502506339421e-009              1.20446645164e-008
   1.507031960925e-009              1.20718170541e-008
   1.511557582429e-009              1.21961999721e-008
   1.516083203934e-009              1.22311860938e-008
   1.520608825438e-009              1.21927331793e-008
   1.525134446942e-009              1.23598033773e-008
   1.529660068447e-009              1.24296695560e-008
   1.534185689951e-009              1.25387824280e-008
   1.538711311455e-009              1.26540616229e-008
   1.543236932959e-009              1.27419766162e-008
   1.547762554464e-009              1.29028804912e-008
   1.552288175968e-009              1.29625843167e-008
   1.556813797472e-009              1.30577506241e-008
   1.561339418977e-009              1.30696065996e-008
   1.565865040481e-009              1.32205599405e-008
   1.570390661985e-009              1.31505614911e-008
   1.574916283489e-009              1.31349738715e-008
   1.579441904994e-009              1.32305369908e-008
   1.583967526498e-009              1.32423931213e-008
   1.588493148002e-009              1.34168997814e-008
   1.593018769506e-009              1.35386892338e-008
   1.597544391011e-009              1.35745750438e-008
   1.602070012515e-009              1.48157583464e-008
   1.606595634019e-009              1.56839778877e-008
   1.611121255524e-009              1.59300973809e-008
   1.615646877028e-009              1.58839698243e-008
   1.620172498532e-009              1.58227310084e-008
   1.624698120036e-009              1.58248746298e-008
   1.629223741541e-009              1.58854782986e-008
   1.633749363045e-009              1.59684709020e-008
   1.638274984549e-009              1.61795513964e-008
   1.642800606054e-009              1.61720884182e-008
   1.647326227558e-009              1.59664330351e-008
   1.651851849062e-009              1.61116965684e-008
   1.656377470566e-009              1.62908080448e-008
   1.660903092071e-009              1.64094746391e-008
   1.665428713575e-009              1.65729456186e-008
   1.669954335079e-009              1.66126951883e-008
   1.674479956584e-009              1.69156074679e-008
   1.679005578088e-009              1.96940054893e-008
   1.683531199592e-009              2.44349284374e-008
   1.688056821096e-009              2.39854561243e-008
   1.692582442601e-009              2.39493056180e-008
   1.697108064105e-009              2.33895822543e-008
   1.701633685609e-009              2.35292617346e-008
   1.706159307113e-009              2.33702631457e-008
   1.710684928618e-009              2.24428161392e-008
   1.715210550122e-009              2.23629992712e-008
   1.719736171626e-009              2.21396921956e-008
   1.724261793131e-009              2.07793924545e-008
   1.728787414635e-009              1.99678596350e-008
   1.733313036139e-009              1.87739419126e-008
   1.737838657643e-009              1.80883800338e-008
   1.742364279148e-009              1.67159596210e-008
   1.746889900652e-009              1.65129770969e-008
   1.751415522156e-009              1.44680153204e-008
   1.755941143661e-009              1.28610666935e-008
   1.760466765165e-009              1.20253190467e-008
   1.764992386669e-009              1.19145652747e-008
   1.769518008173e-009              1.12160886353e-008
   1.774043629678e-009              1.08802811332e-008
   1.778569251182e-009              1.05847789546e-008
   1.783094872686e-009              1.04537533533e-008
   1.787620494191e-009              1.01081010715e-008
   1.792146115695e-009              1.05887221076e-008
   1.796671737199e-009              1.04723050443e-008
   1.801197358703e-009              1.00444540929e-008
   1.805722980208e-009              2.68657950968e-008
   1.810248601712e-009              2.87441897068e-008
   1.814774223216e-009              2.88023056645e-008
   1.819299844720e-009              2.85581181287e-008
   1.823825466225e-009              2.84905807192e-008
   1.828351087729e-009              2.79870149948e-008
   1.832876709233e-009              2.82506804261e-008
   1.837402330738e-009              2.74642624324e-008
   1.841927952242e-009              2.84017925538e-008
   1.846453573746e-009              2.25711158492e-008
   1.850979195250e-009              2.27198461753e-008
   1.855504816755e-009              2.18945519391e-008
   1.860030438259e-009              2.22168096885e-008
   1.864556059763e-009              2.08956243700e-008
   1.869081681268e-009              2.09931988401e-008
   1.873607302772e-009              2.00242025772e-008
   1.878132924276e-009              1.74880072571e-008
   1.882658545780e-009              1.53897988804e-008
   1.887184167285e-009              1.42504774458e-008
   1.891709788789e-009              1.30138460823e-008
   1.896235410293e-009              1.24658199073e-008
   1.900761031798e-009              1.16854623269e-008
   1.905286653302e-009              1.01329777171e-008
   1.909812274806e-009              9.57465691823e-009
   1.914337896310e-009              9.11698057033e-009
   1.918863517815e-009              8.88920094900e-009
   1.923389139319e-009              9.08199444867e-009
   1.927914760823e-009              8.98775450077e-009
   1.932440382327e-009              9.28465939928e-009
   1.936966003832e-009              9.08972212315e-009
   1.941491625336e-009              8.39878801036e-009
   1.946017246840e-009              8.83558389803e-009
   1.950542868345e-009              8.27120284079e-009
   1.955068489849e-009              8.13239668781e-009
   1.959594111353e-009              8.29904340275e-009
   1.964119732857e-009              8.47696397835e-009
   1.968645354362e-009              8.18958644110e-009
   1.973170975866e-009              7.85801314953e-009
   1.977696597370e-009              8.26463955093e-009
   1.982222218875e-009              1.05477287599e-008
   1.986747840379e-009              1.23121937075e-008
   1.991273461883e-009              1.22533103320e-008
   1.995799083387e-009              1.23316450868e-008
   2.000324704892e-009              1.22740054893e-008
   2.004850326396e-009              1.22856234397e-008
   2.009375947900e-009              1.23885172665e-008
   2.013901569405e-009              1.23148136892e-008
   2.018427190909e-009              1.23056570888e-008
   2.022952812413e-009              1.23699657306e-008
   2.027478433917e-009              1.24447012669e-008
   2.032004055422e-009              1.24966775729e-008
   2.036529676926e-009              1.24837099350e-008
   2.041055298430e-009              1.24308604568e-008
   2.045580919934e-009              1.26588517422e-008
   2.050106541439e-009              1.25326427763e-008
   2.054632162943e-009              1.26965107228e-008
   2.059157784447e-009              1.27826525454e-008
   2.063683405952e-009              1.27900361302e-008
   2.068209027456e-009              1.28649040922e-008
   2.072734648960e-009              1.29242373118e-008
   2.077260270464e-009              1.29306152987e-008
   2.081785891969e-009              1.29597526710e-008
   2.086311513473e-009              1.29463880662e-008
   2.090837134977e-009              1.31346828141e-008
   2.095362756482e-009              1.31760202515e-008
   2.099888377986e-009              1.31974829816e-008
   2.104413999490e-009              1.33060137388e-008
   2.108939620994e-009              1.32376560344e-008
   2.113465242499e-009              1.34164499372e-008
   2.117990864003e-009              1.34683732109e-008
   2.122516485507e-009              1.34311111973e-008
   2.127042107012e-009              1.35708435547e-008
   2.131567728516e-009              1.35961435284e-008
   2.136093350020e-009              1.36161243003e-008
   2.140618971524e-009              1.36793214347e-008
   2.145144593029e-009              1.36396776194e-008
   2.149670214533e-009              1.36522217743e-008
   2.154195836037e-009              1.34500862163e-008
   2.158721457541e-009              1.35309615593e-008
   2.163247079046e-009              1.36520629875e-008
   2.167772700550e-009              1.36948295058e-008
   2.172298322054e-009              1.37089880445e-008
   2.176823943559e-009              1.37280689730e-008
   2.181349565063e-009              1.37402955543e-008
   2.185875186567e-009              1.36874459210e-008
   2.190400808071e-009              1.38228381584e-008
   2.194926429576e-009              1.39200156616e-008
   2.199452051080e-009              1.40077718681e-008
   2.203977672584e-009              1.41358862752e-008
   2.208503294089e-009              1.41865921320e-008
   2.213028915593e-009              1.42575963343e-008
   2.217554537097e-009              1.43103929352e-008
   2.222080158601e-009              1.43370691126e-008
   2.226605780106e-009              1.43727696196e-008
   2.231131401610e-009              1.44577735738e-008
   2.235657023114e-009              1.45813625580e-008
   2.240182644618e-009              1.46654136364e-008
   2.244708266123e-009              1.47789726930e-008
   2.249233887627e-009              1.48229831444e-008
   2.253759509131e-009              1.41974690257e-008
   2.258285130636e-009              1.42864426491e-008
   2.262810752140e-009              1.39912844051e-008
   2.267336373644e-009              1.40748856394e-008
   2.271861995148e-009              1.41649177379e-008
   2.276387616653e-009              1.37859202345e-008
   2.280913238157e-009              1.39316864892e-008
   2.285438859661e-009              1.36243812123e-008
   2.289964481166e-009              1.35456493355e-008
   2.294490102670e-009              1.35843933074e-008
   2.299015724174e-009              1.39456597249e-008
   2.303541345678e-009              1.37926157949e-008
   2.308066967183e-009              1.40189133030e-008
   2.312592588687e-009              1.36524070772e-008
   2.317118210191e-009              1.34666794337e-008
   2.321643831696e-009              1.39064128766e-008
   2.326169453200e-009              1.35131774411e-008
   2.330695074704e-009              1.37557507482e-008
   2.335220696208e-009              1.39737914993e-008
   2.339746317713e-009              1.37452708214e-008
   2.344271939217e-009              1.35178881670e-008
   2.348797560721e-009              1.42205196235e-008
   2.353323182225e-009              1.32711600428e-008
   2.357848803730e-009              1.34427820248e-008
   2.362374425234e-009              1.33781823257e-008
   2.366900046738e-009              1.30871261766e-008
   2.371425668243e-009              1.33183991068e-008
   2.375951289747e-009              1.37985966599e-008
   2.380476911251e-009              1.37921923119e-008
   2.385002532755e-009              1.18125447751e-008
   2.389528154260e-009              1.16178721953e-008
   2.394053775764e-009              1.11910268418e-008
   2.398579397268e-009              1.12123042689e-008
   2.403105018773e-009              1.08808103708e-008
   2.407630640277e-009              1.02634474096e-008
   2.412156261781e-009              1.07542044380e-008
   2.416681883285e-009              1.00206360775e-008
   2.421207504790e-009              1.01576160275e-008
   2.425733126294e-009              9.55798430740e-009
   2.430258747798e-009              9.66492719689e-009
   2.434784369303e-009              9.95278109445e-009
   2.439309990807e-009              9.64640202205e-009
   2.443835612311e-009              9.59884538448e-009
   2.448361233815e-009              9.55094481229e-009
   2.452886855320e-009              9.64468188373e-009
   2.457412476824e-009              1.09616593528e-008
   2.461938098328e-009              9.56359472158e-009
   2.466463719832e-009              9.39123168292e-009
   2.470989341337e-009              9.28915830607e-009
   2.475514962841e-009              9.21272899254e-009
   2.480040584345e-009              9.06108762735e-009
   2.484566205850e-009              9.03290297570e-009
   2.489091827354e-009              9.07347299539e-009
   2.493617448858e-009              8.64398114407e-009
   2.498143070362e-009              8.51419947588e-009
   2.502668691867e-009              8.48622648824e-009
   2.507194313371e-009              8.38687900262e-009
   2.511719934875e-009              8.25590627859e-009
   2.516245556380e-009              8.19429701189e-009
   2.520771177884e-009              8.35334847804e-009
   2.525296799388e-009              8.06660608786e-009
   2.529822420892e-009              8.02810029617e-009
   2.534348042397e-009              8.01473569136e-009
   2.538873663901e-009              7.92385678178e-009
   2.543399285405e-009              7.78094868892e-009
   2.547924906910e-009              7.80053233885e-009
   2.552450528414e-009              7.91993998977e-009
   2.556976149918e-009              7.79005241204e-009
   2.561501771422e-009              7.80611639194e-009
   2.566027392927e-009              7.77798461753e-009
   2.570553014431e-009              7.71560793314e-009
   2.575078635935e-009              7.64457721472e-009
   2.579604257439e-009              7.64653568826e-009
   2.584129878944e-009              7.74109320969e-009
   2.588655500448e-009              7.55499511545e-009
   2.593181121952e-009              7.62999534804e-009
   2.597706743457e-009              7.53980446278e-009
   2.602232364961e-009              7.82805532727e-009
   2.606757986465e-009              7.71510505668e-009
   2.611283607969e-009              7.39102125944e-009
   2.615809229474e-009              7.47994185055e-009
   2.620334850978e-009              7.45355673061e-009
   2.624860472482e-009              7.40017801486e-009
   2.629386093987e-009              7.52360821225e-009
   2.633911715491e-009              7.59604149545e-009
   2.638437336995e-009              7.56748623796e-009
   2.642962958499e-009              7.53146815736e-009
   2.647488580004e-009              7.38935399836e-009
   2.652014201508e-009              9.03591992433e-009
   2.656539823012e-009              1.03074313449e-008
   2.661065444517e-009              1.01497825986e-008
   2.665591066021e-009              1.03902122843e-008
   2.670116687525e-009              1.03694906108e-008
   2.674642309029e-009              1.02706458466e-008
   2.679167930534e-009              9.95653909969e-009
   2.683693552038e-009              9.96117043217e-009
   2.688219173542e-009              1.00227531827e-008
   2.692744795046e-009              1.01369737475e-008
   2.697270416551e-009              9.93338274745e-009
   2.701796038055e-009              9.92933368481e-009
   2.706321659559e-009              1.00743588829e-008
   2.710847281064e-009              1.00681661989e-008
   2.715372902568e-009              1.01596538945e-008
   2.719898524072e-009              1.01334540774e-008
   2.724424145576e-009              1.00000731908e-008
   2.728949767081e-009              1.00178836701e-008
   2.733475388585e-009              9.97585820838e-009
   2.738001010089e-009              9.86896819613e-009
   2.742526631594e-009              9.89328908806e-009
   2.747052253098e-009              9.98321527702e-009
   2.751577874602e-009              9.87513436400e-009
   2.756103496106e-009              9.92239994418e-009
   2.760629117611e-009              9.79105676937e-009
   2.765154739115e-009              9.78608150227e-009
   2.769680360619e-009              9.78838391043e-009
   2.774205982124e-009              9.80746483896e-009
   2.778731603628e-009              9.87497557723e-009
   2.783257225132e-009              9.85203088899e-009
   2.787782846636e-009              9.62226643304e-009
   2.792308468141e-009              7.24065018840e-009
   2.796834089645e-009              5.84962520740e-009
   2.801359711149e-009              5.83340244073e-009
   2.805885332653e-009              5.72185473492e-009
   2.810410954158e-009              5.71788506567e-009
   2.814936575662e-009              5.81104002233e-009
   2.819462197166e-009              5.72749166525e-009
   2.823987818671e-009              5.66971979717e-009
   2.828513440175e-009              5.46329699639e-009
   2.833039061679e-009              5.42902541519e-009
   2.837564683183e-009              5.31845694615e-009
   2.842090304688e-009              5.29355393943e-009
   2.846615926192e-009              5.14027167424e-009
   2.851141547696e-009              4.71911628340e-009
   2.855667169201e-009              4.71347935307e-009
   2.860192790705e-009              5.89517049419e-009
   2.864718412209e-009              6.71919443626e-009
   2.869244033713e-009              5.42693482609e-009
   2.873769655218e-009              4.23510769278e-009
   2.878295276722e-009              4.18344911535e-009
   2.882820898226e-009              4.24736079021e-009
   2.887346519731e-009              4.26334537673e-009
   2.891872141235e-009              4.23322876770e-009
   2.896397762739e-009              4.21772054149e-009
   2.900923384243e-009              4.21613267379e-009
   2.905449005748e-009              4.26948502845e-009
   2.909974627252e-009              4.29978694041e-009
   2.914500248756e-009              4.19361146862e-009
   2.919025870260e-009              4.19170602738e-009
   2.923551491765e-009              4.16217168819e-009
   2.928077113269e-009              4.16018685357e-009
   2.932602734773e-009              4.16415652282e-009
   2.937128356278e-009              4.14862193552e-009
   2.941653977782e-009              4.13369597916e-009
   2.946179599286e-009              4.14017972057e-009
   2.950705220790e-009              4.12530664144e-009
   2.955230842295e-009              4.12419513405e-009
   2.959756463799e-009              4.10260013336e-009
   2.964282085303e-009              4.05813983780e-009
   2.968807706808e-009              4.06719068368e-009
   2.973333328312e-009              4.27713330956e-009
   2.977858949816e-009              4.14721921568e-009
   2.982384571320e-009              4.21081331700e-009
   2.986910192825e-009              4.02715005660e-009
   2.991435814329e-009              3.92669090853e-009
   2.995961435833e-009              5.04208857325e-009
   3.000487057337e-009              5.09239746313e-009
   3.005012678842e-009              9.55202980353e-009
   3.009538300346e-009              7.80677790011e-009
   3.014063921850e-009              6.89034005799e-009
   3.018589543355e-009              6.56591232613e-009
   3.023115164859e-009              7.26719409512e-009
   3.027640786363e-009              7.20629936888e-009
   3.032166407867e-009              7.30347687202e-009
   3.036692029372e-009              7.34611111973e-009
   3.041217650876e-009              7.20217091287e-009
   3.045743272380e-009              6.87692257594e-009
   3.050268893885e-009              7.01927491510e-009
   3.054794515389e-009              7.20111228271e-009
   3.059320136893e-009              7.12200995519e-009
   3.063845758397e-009              7.07604118532e-009
   3.068371379902e-009              7.71785730900e-009
   3.072897001406e-009              7.00162322257e-009
   3.077422622910e-009              7.45752639985e-009
   3.081948244415e-009              7.62290282064e-009
   3.086473865919e-009              7.54406518941e-009
   3.090999487423e-009              7.24874831367e-009
   3.095525108927e-009              8.49424522012e-009
   3.100050730432e-009              8.46407573385e-009
   3.104576351936e-009              8.05951356045e-009
   3.109101973440e-009              7.25025678798e-009
   3.113627594944e-009              7.70811843880e-009
   3.118153216449e-009              7.36331296810e-009
   3.122678837953e-009              7.12134844702e-009
   3.127204459457e-009              7.01705190032e-009
   3.131730080962e-009              7.10681945758e-009
   3.136255702466e-009              7.69261021259e-009
   3.140781323970e-009              7.92332738917e-009
   3.145306945474e-009              7.23927398471e-009
   3.149832566979e-009              7.89381956613e-009
   3.154358188483e-009              7.26589728481e-009
   3.158883809987e-009              7.40165997302e-009
   3.163409431492e-009              8.19432352804e-009
   3.167935052996e-009              7.41917939494e-009
   3.172460674500e-009              7.24832483059e-009
   3.176986296004e-009              7.37389880445e-009
   3.181511917509e-009              7.56761866365e-009
   3.186037539013e-009              7.52487850641e-009
   3.190563160517e-009              7.22696801005e-009
   3.195088782022e-009              7.19764548993e-009
   3.199614403526e-009              7.54136581432e-009
   3.204140025030e-009              7.46652436850e-009
   3.208665646534e-009              7.39157701313e-009
   3.213191268039e-009              7.41981454201e-009
   3.217716889543e-009              7.44874025028e-009
   3.222242511047e-009              7.36850005427e-009
   3.226768132551e-009              7.80103521531e-009
   3.231293754056e-009              7.44985175766e-009
   3.235819375560e-009              7.61864209400e-009
   3.240344997064e-009              7.57402301168e-009
   3.244870618569e-009              7.49817581293e-009
   3.249396240073e-009              7.60996169889e-009
   3.253921861577e-009              7.38652235265e-009
   3.258447483081e-009              7.35481787592e-009
   3.262973104586e-009              6.91892167656e-009
   3.267498726090e-009              6.75968506257e-009
   3.272024347594e-009              6.79980523810e-009
   3.276549969099e-009              6.78030082650e-009
   3.281075590603e-009              6.56281598412e-009
   3.285601212107e-009              6.64930174138e-009
   3.290126833611e-009              7.65537471507e-009
   3.294652455116e-009              7.76104731039e-009
   3.299178076620e-009              8.07877963684e-009
   3.303703698124e-009              7.44135666548e-009
   3.308229319629e-009              7.80339050071e-009
   3.312754941133e-009              7.82014250492e-009
   3.317280562637e-009              7.86978988665e-009
   3.321806184141e-009              7.81831645707e-009
   3.326331805646e-009              7.85907177968e-009
   3.330857427150e-009              7.98845648095e-009
   3.335383048654e-009              7.96106576315e-009
   3.339908670158e-009              8.02399820124e-009
   3.344434291663e-009              7.97517126952e-009
   3.348959913167e-009              7.96307711393e-009
   3.353485534671e-009              7.75670719037e-009
   3.358011156176e-009              7.88318085255e-009
   3.362536777680e-009              7.81230907597e-009
   3.367062399184e-009              7.64497418164e-009
   3.371588020688e-009              7.71370249190e-009
   3.376113642193e-009              7.94232892431e-009
   3.380639263697e-009              7.93915318892e-009
   3.385164885201e-009              8.21210764627e-009
   3.389690506706e-009              8.23521112128e-009
   3.394216128210e-009              8.33230923103e-009
   3.398741749714e-009              8.89057699763e-009
   3.403267371218e-009              8.53608553397e-009
   3.407792992723e-009              8.78604242584e-009
   3.412318614227e-009              8.50715998077e-009
   3.416844235731e-009              8.41530183442e-009
   3.421369857236e-009              8.54087565321e-009
   3.425895478740e-009              8.69675138396e-009
   3.430421100244e-009              8.86069872381e-009
   3.434946721748e-009              8.91230442401e-009
   3.439472343253e-009              9.00500938144e-009
   3.443997964757e-009              8.96009924173e-009
   3.448523586261e-009              9.11957403588e-009
   3.453049207765e-009              9.09911705872e-009
   3.457574829270e-009              9.24694754144e-009
   3.462100450774e-009              9.30051156011e-009
   3.466626072278e-009              9.35907736203e-009
   3.471151693783e-009              9.36921335422e-009
   3.475677315287e-009              9.39043774907e-009
   3.480202936791e-009              9.75453581231e-009
   3.484728558295e-009              9.55584068601e-009
   3.489254179800e-009              9.94097799625e-009
   3.493779801304e-009              9.99160445968e-009
   3.498305422808e-009              9.78745770597e-009
   3.502831044313e-009              9.72203755679e-009
   3.507356665817e-009              9.96400207787e-009
   3.511882287321e-009              1.00197097179e-008
   3.516407908825e-009              1.01163051063e-008
   3.520933530330e-009              1.00489529997e-008
   3.525459151834e-009              1.01493856317e-008
   3.529984773338e-009              1.02005149715e-008
   3.534510394843e-009              1.07394637845e-008
   3.539036016347e-009              1.01116208966e-008
   3.543561637851e-009              1.02234861759e-008
   3.548087259355e-009              8.43012188125e-009
   3.552612880860e-009              7.79600691591e-009
   3.557138502364e-009              7.35762316054e-009
   3.561664123868e-009              8.01465629797e-009
   3.566189745372e-009              7.24485803780e-009
   3.570715366877e-009              7.65090232443e-009
   3.575240988381e-009              8.20861433733e-009
   3.579766609885e-009              8.65025322148e-009
   3.584292231390e-009              8.62826125386e-009
   3.588817852894e-009              8.71472065003e-009
   3.593343474398e-009              8.76547953915e-009
   3.597869095902e-009              8.80120656236e-009
   3.602394717407e-009              8.82547442199e-009
   3.606920338911e-009              8.90296236567e-009
   3.611445960415e-009              9.05825582658e-009
   3.615971581920e-009              9.05690613903e-009
   3.620497203424e-009              9.06926514599e-009
   3.625022824928e-009              9.11915055281e-009
   3.629548446432e-009              9.21971561041e-009
   3.634074067937e-009              9.25430461009e-009
   3.638599689441e-009              9.44151421173e-009
   3.643125310945e-009              9.39496317201e-009
   3.647650932450e-009              9.32745243375e-009
   3.652176553954e-009              9.35891857526e-009
   3.656702175458e-009              9.43712105941e-009
   3.661227796962e-009              9.53530431546e-009
   3.665753418467e-009              9.62922668982e-009
   3.670279039971e-009              9.70922870567e-009
   3.674804661475e-009              9.72116422956e-009
   3.679330282979e-009              9.80902619051e-009
   3.683855904484e-009              9.93142427391e-009
   3.688381525988e-009              9.96254648080e-009
   3.692907147492e-009              1.00855268340e-008
   3.697432768997e-009              1.04260980942e-008
   3.701958390501e-009              1.02433080060e-008
   3.706484012005e-009              9.78306455364e-009
   3.711009633509e-009              6.90632464451e-009
   3.715535255014e-009              6.92328831274e-009
   3.720060876518e-009              6.95909472933e-009
   3.724586498022e-009              6.87745196855e-009
   3.729112119527e-009              6.64723751337e-009
   3.733637741031e-009              6.66385724697e-009
   3.738163362535e-009              6.63723394687e-009
   3.742688984039e-009              6.63413760486e-009
   3.747214605544e-009              6.78424413466e-009
   3.751740227048e-009              7.07490331684e-009
   3.756265848552e-009              7.11846376901e-009
   3.760791470056e-009              7.14958597590e-009
   3.765317091561e-009              7.36990261905e-009
   3.769842713065e-009              7.26880832390e-009
   3.774368334569e-009              7.23564840515e-009
   3.778893956074e-009              7.24768968351e-009
   3.783419577578e-009              7.32946486998e-009
   3.787945199082e-009              7.32920032874e-009
   3.792470820586e-009              7.59662361023e-009
   3.796996442091e-009              7.41547442199e-009
   3.801522063595e-009              7.45321279598e-009
   3.806047685099e-009              7.48113275132e-009
   3.810573306604e-009              7.53340011475e-009
   3.815098928108e-009              7.54133945324e-009
   3.819624549612e-009              7.56812138504e-009
   3.824150171116e-009              7.58561444587e-009
   3.828675792621e-009              7.64066057777e-009
   3.833201414125e-009              7.67165035898e-009
   3.837727035629e-009              7.65124625905e-009
   3.842252657134e-009              7.42322845757e-009
   3.846778278638e-009              6.38322814744e-009
   3.851303900142e-009              5.88024453783e-009
   3.855829521646e-009              6.25479601172e-009
   3.860355143151e-009              6.57348105879e-009
   3.864880764655e-009              6.63299973639e-009
   3.869406386159e-009              6.65880258649e-009
   3.873932007663e-009              6.59176805347e-009
   3.878457629168e-009              6.55244181178e-009
   3.882983250672e-009              6.51263936485e-009
   3.887508872176e-009              6.57340166540e-009
   3.892034493681e-009              6.54471429236e-009
   3.896560115185e-009              6.50417063375e-009
   3.901085736689e-009              6.42210438990e-009
   3.905611358193e-009              6.40257361721e-009
   3.910136979698e-009              6.25786599265e-009
   3.914662601202e-009              6.21544340895e-009
   3.919188222706e-009              6.39077051900e-009
   3.923713844211e-009              6.36314162105e-009
   3.928239465715e-009              6.32397416614e-009
   3.932765087219e-009              6.40770767108e-009
   3.937290708723e-009              6.34215525128e-009
   3.941816330228e-009              6.29113182093e-009
   3.946341951732e-009              6.34710415730e-009
   3.950867573236e-009              6.28440974430e-009
   3.955393194741e-009              6.23473600149e-009
   3.959918816245e-009              6.24484547752e-009
   3.964444437749e-009              6.19752702011e-009
   3.968970059253e-009              6.25302299617e-009
   3.973495680758e-009              6.21401432802e-009
   3.978021302262e-009              6.23126920870e-009
   3.982546923766e-009              6.35721347827e-009
   3.987072545270e-009              6.39074400285e-009
   3.991598166775e-009              6.44017956551e-009
   3.996123788279e-009              6.40683434384e-009
   4.000649409783e-009              6.45814898665e-009
   4.005175031288e-009              6.48596318752e-009
   4.009700652792e-009              6.43523081456e-009
   4.014226274296e-009              6.39942439796e-009
   4.018751895800e-009              6.43403991378e-009
   4.023277517305e-009              6.36017754966e-009
   4.027803138809e-009              6.47106359224e-009
   4.032328760313e-009              6.33215168478e-009
   4.036854381818e-009              6.38698599761e-009
   4.041380003322e-009              6.44891283785e-009
   4.045905624826e-009              6.48223169843e-009
   4.050431246330e-009              6.46153638605e-009
   4.054956867835e-009              6.54990122346e-009
   4.059482489339e-009              6.46780846346e-009
   4.064008110843e-009              6.48284032936e-009
   4.068533732348e-009              6.41043356231e-009
   4.073059353852e-009              6.28583882523e-009
   4.077584975356e-009              6.48546031106e-009
   4.082110596860e-009              6.29242847617e-009
   4.086636218365e-009              6.42676208346e-009
   4.091161839869e-009              6.36951945293e-009
   4.095687461373e-009              6.36941369846e-009
   4.100213082877e-009              6.32680581184e-009
   4.104738704382e-009              6.25334056971e-009
   4.109264325886e-009              6.25609282203e-009
   4.113789947390e-009              6.24092868551e-009
   4.118315568895e-009              6.20898602863e-009
   4.122841190399e-009              6.27535889842e-009
   4.127366811903e-009              6.30306718975e-009
   4.131892433407e-009              6.12887810324e-009
   4.136418054912e-009              6.28925274078e-009
   4.140943676416e-009              6.12946037309e-009
   4.145469297920e-009              6.19776520027e-009
   4.149994919425e-009              6.03302392656e-009
   4.154520540929e-009              5.96924452232e-009
   4.159046162433e-009              5.94600877669e-009
   4.163571783937e-009              5.94333576269e-009
   4.168097405442e-009              6.07084153887e-009
   4.172623026946e-009              6.00878242801e-009
   4.177148648450e-009              5.46925150026e-009
   4.181674269955e-009              5.32949262665e-009
   4.186199891459e-009              6.54725488068e-009
   4.190725512963e-009              6.56310704151e-009
   4.195251134467e-009              6.59301183148e-009
   4.199776755972e-009              6.43366930794e-009
   4.204302377476e-009              6.36523221014e-009
   4.208827998980e-009              6.33800027912e-009
   4.213353620484e-009              6.38635085053e-009
   4.217879241989e-009              6.23378328087e-009
   4.222404863493e-009              6.10085223837e-009
   4.226930484997e-009              6.04001054443e-009
   4.231456106502e-009              6.25921568019e-009
   4.235981728006e-009              6.14250740436e-009
   4.240507349510e-009              6.29549845710e-009
   4.245032971014e-009              6.28012250151e-009
   4.249558592519e-009              6.07605514119e-009
   4.254084214023e-009              6.22491773791e-009
   4.258609835527e-009              6.13739971158e-009
   4.263135457032e-009              6.13043960986e-009
   4.267661078536e-009              6.13374761587e-009
   4.272186700040e-009              6.06202887314e-009
   4.276712321544e-009              5.97525190343e-009
   4.281237943049e-009              5.97662810712e-009
   4.285763564553e-009              6.10807703639e-009
   4.290289186057e-009              6.05790041713e-009
   4.294814807562e-009              6.08013056490e-009
   4.299340429066e-009              6.12525252369e-009
   4.303866050570e-009              6.13446215634e-009
   4.308391672074e-009              6.14846190823e-009
   4.312917293579e-009              6.13851121897e-009
   4.317442915083e-009              6.12377056552e-009
   4.321968536587e-009              6.06221417606e-009
   4.326494158091e-009              6.15600427980e-009
   4.331019779596e-009              5.93820170882e-009
   4.335545401100e-009              5.97964505575e-009
   4.340071022604e-009              6.06433128130e-009
   4.344596644109e-009              6.06102327529e-009
   4.349122265613e-009              6.03455876196e-009
   4.353647887117e-009              5.90893206593e-009
   4.358173508621e-009              5.99941400859e-009
   4.362699130126e-009              5.95344523872e-009
   4.367224751630e-009              5.94786118563e-009
   4.371750373134e-009              5.91472778303e-009
   4.376275994639e-009              5.93386158880e-009
   4.380801616143e-009              5.91459535735e-009
   4.385327237647e-009              5.89326505295e-009
   4.389852859151e-009              5.90136317822e-009
   4.394378480656e-009              5.84483508815e-009
   4.398904102160e-009              5.85933756144e-009
   4.403429723664e-009              5.83395819442e-009
   4.407955345169e-009              5.78886275179e-009
   4.412480966673e-009              5.61604986897e-009
   4.417006588177e-009              5.47959900138e-009
   4.421532209681e-009              5.59387259843e-009
   4.426057831186e-009              5.81148986649e-009
   4.430583452690e-009              5.81069593264e-009
   4.435109074194e-009              5.83398471057e-009
   4.439634695698e-009              5.83088836856e-009
   4.444160317203e-009              5.86545085208e-009
   4.448685938707e-009              5.80394749492e-009
   4.453211560211e-009              5.71873187675e-009
   4.457737181716e-009              5.71822915536e-009
   4.462262803220e-009              6.04241870707e-009
   4.466788424724e-009              5.79034470995e-009
   4.471314046228e-009              5.90980539317e-009
   4.475839667733e-009              6.08762005923e-009
   4.480365289237e-009              6.15042022671e-009
   4.484890910741e-009              6.02249096745e-009
   4.489416532246e-009              5.95410690195e-009
   4.493942153750e-009              6.00801501031e-009
   4.498467775254e-009              6.43218734978e-009
   4.502993396758e-009              6.35009458978e-009
   4.507519018263e-009              6.31473801734e-009
   4.512044639767e-009              6.37380669572e-009
   4.516570261271e-009              6.10789188854e-009
   4.521095882775e-009              6.13332413280e-009
