# Atom Manipulation               
# 
# Sample                          Ag(111)
# Data set                        -
# Creation Comment                
# Gap voltage                     -1.000e-003 V
# Gap voltage range in Volt       -10;10
# Feedback loop enabled           No
# Regulator setpoint              1.000e-009 A
# Pre-amplifier range             0;3.33e-007
# Loop gain                       7.000e+000 %
# Z-axis offset                   -4.000e-010 m
# Parameter mode                  V before Z
# Raster time                     1.000e-003 seconds
# Channel name and data unit      I(r) [A]
# Manipulation vector: start      -1.929e+000, -1.293e+000 [nm]
#                      end        -2.853e+000, -2.853e+000 [nm]
# 
# 
#             Position                            I(r)
# --------------------             -------------------
   0.000000000000e+000             -4.82396842872e-009
   1.812952002045e-012             -4.75566375661e-009
   3.625904004091e-012             -4.85863697685e-009
   5.438856006136e-012             -4.86149513871e-009
   7.251808008181e-012             -4.83121974290e-009
   9.064760010227e-012             -4.69381630976e-009
   1.087771201227e-011             -4.60232861418e-009
   1.269066401432e-011             -4.52650793159e-009
   1.450361601636e-011             -4.37470777962e-009
   1.631656801841e-011             -4.37907441579e-009
   1.812952002045e-011             -4.30081905441e-009
   1.994247202250e-011             -4.32805098544e-009
   2.175542402454e-011             -4.31153716138e-009
   2.356837602659e-011             -4.29205926592e-009
   2.538132802863e-011             -4.31696227264e-009
   2.719428003068e-011             -4.36311634542e-009
   2.900723203273e-011             -4.27586301540e-009
   3.082018403477e-011             -4.28234675681e-009
   3.263313603682e-011             -4.25487664563e-009
   3.444608803886e-011             -4.30036905519e-009
   3.625904004091e-011             -4.34747584859e-009
   3.807199204295e-011             -4.38068879964e-009
   3.988494404500e-011             -4.43803718464e-009
   4.169789604704e-011             -4.54947913598e-009
   4.351084804909e-011             -4.70191443502e-009
   4.532380005113e-011             -4.74515731365e-009
   4.713675205318e-011             -4.80711067004e-009
   4.894970405522e-011             -4.79297864752e-009
   5.076265605727e-011             -4.75140287491e-009
   5.257560805931e-011             -4.73592116485e-009
   5.438856006136e-011             -4.87999379739e-009
   5.620151206341e-011             -4.92498333049e-009
   5.801446406545e-011             -5.04452325203e-009
   5.982741606750e-011             -5.03978616508e-009
   6.164036806954e-011             -4.97897083223e-009
   6.345332007159e-011             -4.89391400084e-009
   6.526627207363e-011             -4.86231543364e-009
   6.707922407568e-011             -4.80740172743e-009
   6.889217607772e-011             -4.79049093644e-009
   7.070512807977e-011             -4.66118562856e-009
   7.251808008181e-011             -4.75354649630e-009
   7.433103208386e-011             -4.72340352618e-009
   7.614398408590e-011             -4.67560870846e-009
   7.795693608795e-011             -4.62143590380e-009
   7.976988808999e-011             -4.51309044953e-009
   8.158284009204e-011             -4.44497092527e-009
   8.339579209409e-011             -4.50184310503e-009
   8.520874409613e-011             -4.53495014654e-009
   8.702169609818e-011             -4.40961435284e-009
   8.883464810022e-011             -4.36084045341e-009
   9.064760010227e-011             -4.28049434787e-009
   9.246055210431e-011             -4.31304563569e-009
   9.427350410636e-011             -4.37491944363e-009
   9.608645610840e-011             -4.39175084123e-009
   9.789940811045e-011             -4.45627130208e-009
   9.971236011249e-011             -4.37219370745e-009
   1.015253121145e-010             -4.37200840453e-009
   1.033382641166e-010             -4.28218797004e-009
   1.051512161186e-010             -4.33699592179e-009
   1.069641681207e-010             -4.43486144924e-009
   1.087771201227e-010             -4.45889128378e-009
   1.105900721248e-010             -4.46283443688e-009
   1.124030241268e-010             -4.53577044147e-009
   1.142159761289e-010             -4.63765867047e-009
   1.160289281309e-010             -4.73081362713e-009
   1.178418801329e-010             -4.85834576439e-009
   1.196548321350e-010             -4.86961962505e-009
   1.214677841370e-010             -4.80351145157e-009
   1.232807361391e-010             -4.80232055079e-009
   1.250936881411e-010             -4.77815844563e-009
   1.269066401432e-010             -4.88563072772e-009
   1.287195921452e-010             -4.88158166509e-009
   1.305325441473e-010             -4.88631875204e-009
   1.323454961493e-010             -4.79287273799e-009
   1.341584481514e-010             -4.76397354588e-009
   1.359714001534e-010             -4.76000387663e-009
   1.377843521554e-010             -4.66658437873e-009
   1.395973041575e-010             -4.67105676937e-009
   1.414102561595e-010             -4.59007551675e-009
   1.432232081616e-010             -4.52296174541e-009
   1.450361601636e-010             -4.44880832390e-009
   1.468491121657e-010             -4.45272496085e-009
   1.486620641677e-010             -4.46746576936e-009
   1.504750161698e-010             -4.53264773837e-009
   1.522879681718e-010             -4.47098543938e-009
   1.541009201739e-010             -4.47169997984e-009
   1.559138721759e-010             -4.39619687078e-009
   1.577268241779e-010             -4.27723921909e-009
   1.595397761800e-010             -4.27750376033e-009
   1.613527281820e-010             -4.18215230504e-009
   1.631656801841e-010             -4.31532152770e-009
   1.649786321861e-010             -4.32897718991e-009
   1.667915841882e-010             -4.46026733241e-009
   1.686045361902e-010             -4.40778830498e-009
   1.704174881923e-010             -4.42472561212e-009
   1.722304401943e-010             -4.40818527191e-009
   1.740433921964e-010             -4.56451084681e-009
   1.758563441984e-010             -4.54524477043e-009
   1.776692962004e-010             -4.58245375180e-009
   1.794822482025e-010             -4.66724588690e-009
   1.812952002045e-010             -4.60759509374e-009
   1.831081522066e-010             -4.63244522322e-009
   1.849211042086e-010             -4.78181054133e-009
   1.867340562107e-010             -4.97537161376e-009
   1.885470082127e-010             -4.89113523237e-009
   1.903599602148e-010             -4.96457411341e-009
   1.921729122168e-010             -4.87208081998e-009
   1.939858642189e-010             -4.84410798741e-009
   1.957988162209e-010             -4.79723937416e-009
   1.976117682229e-010             -4.75378467646e-009
   1.994247202250e-010             -4.66446711842e-009
   2.012376722270e-010             -4.68000186078e-009
   2.030506242291e-010             -4.69230783544e-009
   2.048635762311e-010             -4.69344570392e-009
   2.066765282332e-010             -4.67645551955e-009
   2.084894802352e-010             -4.61706926763e-009
   2.103024322373e-010             -4.50467475073e-009
   2.121153842393e-010             -4.42631347982e-009
   2.139283362414e-010             -4.29772271240e-009
   2.157412882434e-010             -4.34758175813e-009
   2.175542402454e-010             -4.31108716215e-009
   2.193671922475e-010             -4.32513979128e-009
   2.211801442495e-010             -4.27872117726e-009
   2.229930962516e-010             -4.28713687606e-009
   2.248060482536e-010             -4.38542588659e-009
   2.266190002557e-010             -4.40156925987e-009
   2.284319522577e-010             -4.40069593264e-009
   2.302449042598e-010             -4.29221805269e-009
   2.320578562618e-010             -4.26572717828e-009
   2.338708082638e-010             -4.21197785669e-009
   2.356837602659e-010             -4.30822900029e-009
   2.374967122679e-010             -4.44068368249e-009
   2.393096642700e-010             -4.50229294919e-009
   2.411226162720e-010             -4.54614461381e-009
   2.429355682741e-010             -4.50467475073e-009
   2.447485202761e-010             -4.59663880662e-009
   2.465614722782e-010             -4.54487431965e-009
   2.483744242802e-010             -4.60280497449e-009
   2.501873762823e-010             -4.54966428383e-009
   2.520003282843e-010             -4.66679604274e-009
   2.538132802863e-010             -4.63665307262e-009
   2.556262322884e-010             -4.68222487556e-009
   2.574391842904e-010             -4.71628463769e-009
   2.592521362925e-010             -4.75722510816e-009
   2.610650882945e-010             -4.84270526757e-009
   2.628780402966e-010             -4.80928065251e-009
   2.646909922986e-010             -4.69728310254e-009
   2.665039443007e-010             -4.78485400611e-009
   2.683168963027e-010             -4.49056924437e-009
   2.701298483048e-010             -4.45444525423e-009
   2.719428003068e-010             -4.42414334228e-009
   2.737557523088e-010             -4.52838685667e-009
   2.755687043109e-010             -4.58134224441e-009
   2.773816563129e-010             -4.52626975143e-009
   2.791946083150e-010             -4.46206701918e-009
   2.810075603170e-010             -4.45444525423e-009
   2.828205123191e-010             -4.38526709982e-009
   2.846334643211e-010             -4.32400192281e-009
   2.864464163232e-010             -4.29235032331e-009
   2.882593683252e-010             -4.21578873916e-009
   2.900723203273e-010             -4.27705391617e-009
   2.918852723293e-010             -4.27919753756e-009
   2.936982243313e-010             -4.27393105801e-009
   2.955111763334e-010             -4.44190109941e-009
   2.973241283354e-010             -4.52036812480e-009
   2.991370803375e-010             -4.43285025353e-009
   3.009500323395e-010             -4.43719037355e-009
   3.027629843416e-010             -4.44732621067e-009
   3.045759363436e-010             -4.42660453721e-009
   3.063888883457e-010             -4.49869373071e-009
   3.082018403477e-010             -4.66571105150e-009
   3.100147923498e-010             -4.71146800229e-009
   3.118277443518e-010             -4.71236784568e-009
   3.136406963538e-010             -4.86300361302e-009
   3.154536483559e-010             -4.86120392625e-009
   3.172666003579e-010             -4.88369877033e-009
   3.190795523600e-010             -4.85763122393e-009
   3.208925043620e-010             -4.88248135341e-009
   3.227054563641e-010             -4.90336181364e-009
   3.245184083661e-010             -4.82076633224e-009
   3.263313603682e-010             -4.80814278404e-009
   3.281443123702e-010             -4.81875498147e-009
   3.299572643723e-010             -4.92498333049e-009
   3.317702163743e-010             -4.88295771372e-009
   3.335831683763e-010             -4.90860177705e-009
   3.353961203784e-010             -4.85874273132e-009
   3.372090723804e-010             -4.83735954969e-009
   3.390220243825e-010             -4.80353796772e-009
   3.408349763845e-010             -4.82494766549e-009
   3.426479283866e-010             -4.64610088542e-009
   3.444608803886e-010             -4.69013769790e-009
   3.462738323907e-010             -4.74917986013e-009
   3.480867843927e-010             -4.65716292701e-009
   3.498997363947e-010             -4.62164772287e-009
   3.517126883968e-010             -4.57538774054e-009
   3.535256403988e-010             -4.64771511421e-009
   3.553385924009e-010             -4.51102622153e-009
   3.571515444029e-010             -4.53820527532e-009
   3.589644964050e-010             -4.55839755617e-009
   3.607774484070e-010             -4.50319279257e-009
   3.625904004091e-010             -4.51092031199e-009
   3.644033524111e-010             -4.55577757447e-009
   3.662163044132e-010             -4.74364883934e-009
   3.680292564152e-010             -4.84130270279e-009
   3.698422084172e-010             -4.94903952612e-009
   3.716551604193e-010             -4.94978058274e-009
   3.734681124213e-010             -4.97600676084e-009
   3.752810644234e-010             -4.96375381848e-009
   3.770940164254e-010             -5.05047775590e-009
   3.789069684275e-010             -5.13476716959e-009
   3.807199204295e-010             -5.13018871435e-009
   3.825328724316e-010             -5.31377273644e-009
   3.843458244336e-010             -5.37588487959e-009
   3.861587764357e-010             -5.35579835321e-009
   3.879717284377e-010             -5.38742328149e-009
   3.897846804397e-010             -5.24480640109e-009
   3.915976324418e-010             -5.28667307603e-009
   3.934105844438e-010             -5.24829971003e-009
   3.952235364459e-010             -5.27142954612e-009
   3.970364884479e-010             -5.24660593279e-009
   3.988494404500e-010             -5.22040611577e-009
   4.006623924520e-010             -5.18833118826e-009
   4.024753444541e-010             -5.21307540821e-009
   4.042882964561e-010             -5.31311107321e-009
   4.061012484582e-010             -5.20450092264e-009
   4.079142004602e-010             -5.29506241374e-009
   4.097271524622e-010             -5.22710167625e-009
   4.115401044643e-010             -5.12973887019e-009
   4.133530564663e-010             -5.09385306021e-009
   4.151660084684e-010             -4.95266510568e-009
   4.169789604704e-010             -4.96552683403e-009
   4.187919124725e-010             -5.12685419219e-009
   4.206048644745e-010             -5.14474421994e-009
   4.224178164766e-010             -5.20907937788e-009
   4.242307684786e-010             -5.13137961513e-009
   4.260437204807e-010             -5.12044984416e-009
   4.278566724827e-010             -5.11436306967e-009
   4.296696244847e-010             -5.01877343423e-009
   4.314825764868e-010             -5.11875606693e-009
   4.332955284888e-010             -5.22506380933e-009
   4.351084804909e-010             -5.29069577757e-009
   4.369214324929e-010             -5.37419110236e-009
   4.387343844950e-010             -5.48047232861e-009
   4.405473364970e-010             -5.62208376622e-009
   4.423602884991e-010             -5.68025260122e-009
   4.441732405011e-010             -5.80021600583e-009
   4.459861925032e-010             -5.91126083518e-009
   4.477991445052e-010             -5.87473987812e-009
   4.496120965072e-010             -5.89326505295e-009
   4.514250485093e-010             -5.73945355022e-009
   4.532380005113e-010             -5.85827908636e-009
   4.550509525134e-010             -5.99565600335e-009
   4.568639045154e-010             -6.03863434074e-009
   4.586768565175e-010             -6.06983594101e-009
   4.604898085195e-010             -6.15184930763e-009
   4.623027605216e-010             -6.14084014328e-009
   4.641157125236e-010             -5.99330071795e-009
   4.659286645257e-010             -5.90776752624e-009
   4.677416165277e-010             -5.91613034781e-009
   4.695545685297e-010             -6.03717874366e-009
   4.713675205318e-010             -5.98496441254e-009
   4.731804725338e-010             -5.87669835166e-009
   4.749934245359e-010             -5.84083890276e-009
   4.768063765379e-010             -5.90678844454e-009
   4.786193285400e-010             -5.89342383972e-009
   4.804322805420e-010             -5.81469211804e-009
   4.822452325441e-010             -5.85661182527e-009
   4.840581845461e-010             -5.91538929120e-009
   4.858711365481e-010             -5.81069593264e-009
   4.876840885502e-010             -5.80183038968e-009
   4.894970405522e-010             -5.73410783234e-009
   4.913099925543e-010             -5.92904495340e-009
   4.931229445563e-010             -5.97284374079e-009
   4.949358965584e-010             -6.03709935028e-009
   4.967488485604e-010             -6.21761354650e-009
   4.985618005625e-010             -6.11434911380e-009
   5.003747525645e-010             -6.14316891253e-009
   5.021877045666e-010             -6.25130270279e-009
   5.040006565686e-010             -6.35284684210e-009
   5.058136085706e-010             -6.51846144304e-009
   5.076265605727e-010             -6.55331513902e-009
   5.094395125747e-010             -6.60828187753e-009
   5.112524645768e-010             -6.73425266324e-009
   5.130654165788e-010             -6.96317030811e-009
   5.148783685809e-010             -6.86527826451e-009
   5.166913205829e-010             -7.04396625781e-009
   5.185042725850e-010             -7.03031059561e-009
   5.203172245870e-010             -7.20108576656e-009
   5.221301765891e-010             -7.17229248399e-009
   5.239431285911e-010             -7.22188683341e-009
   5.257560805931e-010             -7.15162368776e-009
   5.275690325952e-010             -7.39874893393e-009
   5.293819845972e-010             -7.28288746918e-009
   5.311949365993e-010             -7.50738544558e-009
   5.330078886013e-010             -7.45535641737e-009
   5.348208406034e-010             -7.48195320132e-009
   5.366337926054e-010             -7.42013211555e-009
   5.384467446075e-010             -7.23220797345e-009
   5.402596966095e-010             -7.17753244739e-009
   5.420726486116e-010             -7.45498581153e-009
   5.438856006136e-010             -7.27680069469e-009
   5.456985526156e-010             -7.30487943680e-009
   5.475115046177e-010             -7.16160089318e-009
   5.493244566197e-010             -7.26677061204e-009
   5.511374086218e-010             -7.36842066089e-009
   5.529503606238e-010             -7.38959217851e-009
   5.547633126259e-010             -7.44619966196e-009
   5.565762646279e-010             -7.59186000713e-009
   5.583892166300e-010             -7.41499806168e-009
   5.602021686320e-010             -7.49007768767e-009
   5.620151206341e-010             -7.36749430135e-009
   5.638280726361e-010             -7.81011242227e-009
   5.656410246381e-010             -7.89683651475e-009
   5.674539766402e-010             -8.12001131976e-009
   5.692669286422e-010             -8.07089333065e-009
   5.710798806443e-010             -8.20162771946e-009
   5.728928326463e-010             -8.26845043341e-009
   5.747057846484e-010             -8.39063685280e-009
   5.765187366504e-010             -8.32788971763e-009
   5.783316886525e-010             -8.64175812929e-009
   5.801446406545e-010             -8.52714059762e-009
   5.819575926566e-010             -8.67028687063e-009
   5.837705446586e-010             -8.93657228365e-009
   5.855834966606e-010             -9.09165408054e-009
   5.873964486627e-010             -8.97105552885e-009
   5.892094006647e-010             -9.14254524027e-009
   5.910223526668e-010             -9.26888647676e-009
   5.928353046688e-010             -9.21365519701e-009
   5.946482566709e-010             -9.34674502628e-009
   5.964612086729e-010             -9.35198498969e-009
   5.982741606750e-010             -9.36503186590e-009
   6.000871126770e-010             -9.60792274651e-009
   6.019000646790e-010             -9.46572919413e-009
   6.037130166811e-010             -9.49698367163e-009
   6.055259686831e-010             -9.63811874893e-009
   6.073389206852e-010             -9.43968816387e-009
   6.091518726872e-010             -9.32829924483e-009
   6.109648246893e-010             -9.17626091271e-009
   6.127777766913e-010             -9.32417078882e-009
   6.145907286934e-010             -9.32970180961e-009
   6.164036806954e-010             -9.36852517484e-009
   6.182166326975e-010             -9.43865604987e-009
   6.200295846995e-010             -9.60080385802e-009
   6.218425367015e-010             -9.43865604987e-009
   6.236554887036e-010             -9.59942765433e-009
   6.254684407056e-010             -9.72979159236e-009
   6.272813927077e-010             -9.73712229993e-009
   6.290943447097e-010             -9.89006032036e-009
   6.309072967118e-010             -9.92134131402e-009
   6.327202487138e-010             -9.79640264231e-009
   6.345332007159e-010             -9.98202437625e-009
   6.363461527179e-010             -1.04976315341e-008
   6.381591047200e-010             -1.05810739816e-008
   6.399720567220e-010             -1.07232675340e-008
   6.417850087240e-010             -1.07353882057e-008
   6.435979607261e-010             -1.08576540185e-008
   6.454109127281e-010             -1.07757200453e-008
   6.472238647302e-010             -1.07063037107e-008
   6.490368167322e-010             -1.11490542573e-008
   6.508497687343e-010             -1.14475997457e-008
   6.526627207363e-010             -1.10784470220e-008
   6.544756727384e-010             -1.10549730962e-008
   6.562886247404e-010             -1.15312274962e-008
   6.581015767425e-010             -1.16476181985e-008
   6.599145287445e-010             -1.16361590349e-008
   6.617274807465e-010             -1.14656485602e-008
   6.635404327486e-010             -1.16803017569e-008
   6.653533847506e-010             -1.17209511700e-008
   6.671663367527e-010             -1.16361326738e-008
   6.689792887547e-010             -1.17049930996e-008
   6.707922407568e-010             -1.27370277102e-008
   6.726051927588e-010             -2.25698455551e-008
   6.744181447609e-010             -2.23713092155e-008
   6.762310967629e-010             -2.25933988742e-008
   6.780440487650e-010             -2.24613676751e-008
   6.798570007670e-010             -2.27835460311e-008
   6.816699527690e-010             -2.26325663291e-008
   6.834829047711e-010             -2.26351597947e-008
   6.852958567731e-010             -2.23686892338e-008
   6.871088087752e-010             -2.29502192622e-008
   6.889217607772e-010             -2.26257119819e-008
   6.907347127793e-010             -2.24871176480e-008
   6.925476647813e-010             -2.26262148583e-008
   6.943606167834e-010             -2.23193594256e-008
   6.961735687854e-010             -2.27346662221e-008
   6.979865207875e-010             -2.26505621114e-008
   6.997994727895e-010             -2.24679309650e-008
   7.016124247915e-010             -2.25168636512e-008
   7.034253767936e-010             -2.21893395773e-008
   7.052383287956e-010             -2.24384229869e-008
   7.070512807977e-010             -2.23898607514e-008
   7.088642327997e-010             -2.30060328118e-008
   7.106771848018e-010             -2.27455431159e-008
   7.124901368038e-010             -2.27341104685e-008
   7.143030888059e-010             -2.27560230427e-008
   7.161160408079e-010             -2.26060754547e-008
   7.179289928100e-010             -2.26857333809e-008
   7.197419448120e-010             -2.25603448650e-008
   7.215548968140e-010             -2.29271686644e-008
   7.233678488161e-010             -2.31983235901e-008
   7.251808008181e-010             -2.28911505838e-008
   7.269937528202e-010             -2.25628324210e-008
   7.288067048222e-010             -2.27686465909e-008
   7.306196568243e-010             -2.27491423344e-008
   7.324326088263e-010             -2.25023611779e-008
   7.342455608284e-010             -2.23768137202e-008
   7.360585128304e-010             -2.27305112500e-008
   7.378714648324e-010             -2.29763662020e-008
   7.396844168345e-010             -2.23676040875e-008
   7.414973688365e-010             -2.22697914373e-008
   7.433103208386e-010             -2.23287543612e-008
   7.451232728406e-010             -2.31589444712e-008
   7.469362248427e-010             -2.26085101335e-008
   7.487491768447e-010             -2.25858301416e-008
   7.505621288468e-010             -2.27630361767e-008
   7.523750808488e-010             -2.24119586286e-008
   7.541880328509e-010             -2.25749532478e-008
   7.560009848529e-010             -2.25849037820e-008
   7.578139368549e-010             -2.27296379227e-008
   7.596268888570e-010             -2.32172457318e-008
   7.614398408590e-010             -2.29767631689e-008
   7.632527928611e-010             -2.23631845741e-008
   7.650657448631e-010             -2.23349470452e-008
   7.668786968652e-010             -2.25077864442e-008
   7.686916488672e-010             -2.25166519872e-008
   7.705046008693e-010             -2.26490007598e-008
   7.723175528713e-010             -2.29594554110e-008
   7.741305048734e-010             -2.26555110174e-008
   7.759434568754e-010             -2.24461506614e-008
   7.777564088774e-010             -2.21324145203e-008
   7.795693608795e-010             -2.26843573323e-008
   7.813823128815e-010             -2.26588455395e-008
   7.831952648836e-010             -2.23289925414e-008
   7.850082168856e-010             -2.27043379491e-008
   7.868211688877e-010             -2.26618096109e-008
   7.886341208897e-010             -2.28774420444e-008
   7.904470728918e-010             -2.24099472778e-008
   7.922600248938e-010             -2.26781116159e-008
   7.940729768959e-010             -2.29771336197e-008
   7.958859288979e-010             -2.29500075982e-008
   7.976988808999e-010             -2.30074884089e-008
   7.995118329020e-010             -2.24407784273e-008
   8.013247849040e-010             -2.24260112577e-008
   8.031377369061e-010             -2.24773522616e-008
   8.049506889081e-010             -2.24276785188e-008
   8.067636409102e-010             -2.24984974182e-008
   8.085765929122e-010             -2.24372586022e-008
   8.103895449143e-010             -2.25213361969e-008
   8.122024969163e-010             -2.24773787778e-008
   8.140154489184e-010             -2.24103971220e-008
   8.158284009204e-010             -2.25278464544e-008
   8.176413529224e-010             -2.28874719720e-008
   8.194543049245e-010             -2.27103453302e-008
   8.212672569265e-010             -2.29650923413e-008
   8.230802089286e-010             -2.29524157608e-008
   8.248931609306e-010             -2.25764880832e-008
   8.267061129327e-010             -2.28507658670e-008
   8.285190649347e-010             -2.25452070896e-008
   8.303320169368e-010             -2.26195723302e-008
   8.321449689388e-010             -2.33023289243e-008
   8.339579209409e-010             -2.29980669572e-008
   8.357708729429e-010             -2.24904786863e-008
   8.375838249449e-010             -2.25764086899e-008
   8.393967769470e-010             -2.21269363767e-008
   8.412097289490e-010             -2.28113602320e-008
   8.430226809511e-010             -2.27144474251e-008
   8.448356329531e-010             -2.28392007939e-008
   8.466485849552e-010             -2.27557319853e-008
   8.484615369572e-010             -2.22314180713e-008
   8.502744889593e-010             -2.24737530432e-008
   8.520874409613e-010             -2.24951892571e-008
   8.539003929633e-010             -2.31989852533e-008
   8.557133449654e-010             -2.30654984571e-008
   8.575262969674e-010             -2.29162388935e-008
   8.593392489695e-010             -2.32320392625e-008
   8.611522009715e-010             -2.30727497713e-008
   8.629651529736e-010             -2.24335005970e-008
   8.647781049756e-010             -2.24815866272e-008
   8.665910569777e-010             -2.30215939152e-008
   8.684040089797e-010             -2.27640946518e-008
   8.702169609818e-010             -2.25594185055e-008
   8.720299129838e-010             -2.26179314302e-008
   8.738428649858e-010             -2.26826106778e-008
   8.756558169879e-010             -2.27775651662e-008
   8.774687689899e-010             -2.28386450402e-008
   8.792817209920e-010             -2.27567110670e-008
   8.810946729940e-010             -2.24927017011e-008
   8.829076249961e-010             -2.28561909783e-008
   8.847205769981e-010             -2.24688571694e-008
   8.865335290002e-010             -2.19694199011e-008
   8.883464810022e-010             -2.26661762471e-008
   8.901594330043e-010             -2.26702253097e-008
   8.919723850063e-010             -2.23686892338e-008
   8.937853370083e-010             -2.31785281211e-008
   8.955982890104e-010             -2.24011874893e-008
   8.974112410124e-010             -2.29932769930e-008
   8.992241930145e-010             -2.28629924483e-008
   9.010371450165e-010             -2.27417851106e-008
   9.028500970186e-010             -2.27717958101e-008
   9.046630490206e-010             -2.28393332196e-008
   9.064760010227e-010             -2.29856021957e-008
   9.082889530247e-010             -2.29585290515e-008
   9.101019050268e-010             -2.24084122874e-008
   9.119148570288e-010             -2.27218573710e-008
   9.137278090308e-010             -2.30534835398e-008
   9.155407610329e-010             -2.25149053327e-008
   9.173537130349e-010             -2.26674465413e-008
   9.191666650370e-010             -2.33230505978e-008
   9.209796170390e-010             -2.32516230675e-008
   9.227925690411e-010             -2.27512594396e-008
   9.246055210431e-010             -2.30310946053e-008
   9.264184730452e-010             -2.31438597280e-008
   9.282314250472e-010             -2.29424652266e-008
   9.300443770493e-010             -2.30243461676e-008
   9.318573290513e-010             -2.33723538898e-008
   9.336702810533e-010             -2.28449701499e-008
   9.354832330554e-010             -2.29422799237e-008
   9.372961850574e-010             -2.31938246833e-008
   9.391091370595e-010             -2.30736759757e-008
   9.409220890615e-010             -2.32255820372e-008
   9.427350410636e-010             -2.28990899223e-008
   9.445479930656e-010             -2.23439448588e-008
   9.463609450677e-010             -2.25803519980e-008
   9.481738970697e-010             -2.24151343640e-008
   9.499868490718e-010             -2.25475094977e-008
   9.517998010738e-010             -2.26470424413e-008
   9.536127530758e-010             -2.29990461939e-008
   9.554257050779e-010             -2.24688571694e-008
   9.572386570799e-010             -2.27131240987e-008
   9.590516090820e-010             -2.22494403697e-008
   9.608645610840e-010             -2.23412719999e-008
   9.626775130861e-010             -2.30104523252e-008
   9.644904650881e-010             -2.25662463366e-008
   9.663034170902e-010             -2.25362886694e-008
   9.681163690922e-010             -2.26118181395e-008
   9.699293210943e-010             -2.27069579308e-008
   9.717422730963e-010             -2.28582288452e-008
   9.735552250983e-010             -2.25974744530e-008
   9.753681771004e-010             -2.30352230613e-008
   9.771811291024e-010             -2.31919986354e-008
   9.789940811045e-010             -2.27276796043e-008
   9.808070331065e-010             -2.26331220828e-008
   9.826199851086e-010             -2.24160605685e-008
   9.844329371106e-010             -2.24447480966e-008
   9.862458891127e-010             -2.26157349315e-008
   9.880588411147e-010             -2.28344371908e-008
   9.898717931168e-010             -2.24046807983e-008
   9.916847451188e-010             -2.27340575912e-008
   9.934976971208e-010             -2.22981613919e-008
   9.953106491229e-010             -2.20768920281e-008
   9.971236011249e-010             -2.24021138489e-008
   9.989365531270e-010             -2.28076022267e-008
   1.000749505129e-009             -2.28981637178e-008
   1.002562457131e-009             -2.25653730094e-008
   1.004375409133e-009             -2.27164322598e-008
   1.006188361135e-009             -2.23119758408e-008
   1.008001313137e-009             -2.25006939168e-008
   1.009814265139e-009             -2.23438391043e-008
   1.011627217141e-009             -2.26681874428e-008
   1.013440169143e-009             -2.28554500768e-008
   1.015253121145e-009             -2.26660968537e-008
   1.017066073147e-009             -2.20116835429e-008
   1.018879025149e-009             -2.21855021787e-008
   1.020691977152e-009             -2.20077403898e-008
   1.022504929154e-009             -2.23099644901e-008
   1.024317881156e-009             -2.24854769030e-008
   1.026130833158e-009             -2.25520879530e-008
   1.027943785160e-009             -2.26523087658e-008
   1.029756737162e-009             -2.24120643831e-008
   1.031569689164e-009             -2.21920124362e-008
   1.033382641166e-009             -2.22419508753e-008
   1.035195593168e-009             -2.28158327777e-008
   1.037008545170e-009             -2.27319403309e-008
   1.038821497172e-009             -2.25611916761e-008
   1.040634449174e-009             -2.29766043821e-008
   1.042447401176e-009             -2.27660266092e-008
   1.044260353178e-009             -2.27546468390e-008
   1.046073305180e-009             -2.27215928298e-008
   1.047886257182e-009             -2.29810238955e-008
   1.049699209184e-009             -2.32326480485e-008
   1.051512161186e-009             -2.28340932562e-008
   1.053325113188e-009             -2.26408232412e-008
   1.055138065190e-009             -2.27135210656e-008
   1.056951017192e-009             -2.31011195708e-008
   1.058763969194e-009             -2.26204191412e-008
   1.060576921197e-009             -2.29035094357e-008
   1.062389873199e-009             -2.30839177224e-008
   1.064202825201e-009             -2.30941329529e-008
   1.066015777203e-009             -2.26044081936e-008
   1.067828729205e-009             -2.22385369598e-008
   1.069641681207e-009             -2.28229251500e-008
   1.071454633209e-009             -2.32321980493e-008
   1.073267585211e-009             -2.29300798586e-008
   1.075080537213e-009             -2.25486740374e-008
   1.076893489215e-009             -2.23810746019e-008
   1.078706441217e-009             -2.27695199181e-008
   1.080519393219e-009             -2.26713896944e-008
   1.082332345221e-009             -2.27775915272e-008
   1.084145297223e-009             -2.29759162028e-008
   1.085958249225e-009             -2.26095157314e-008
   1.087771201227e-009             -2.27278383910e-008
   1.089584153229e-009             -2.22777307758e-008
   1.091397105231e-009             -2.27740982183e-008
   1.093210057233e-009             -2.24771669587e-008
   1.095023009235e-009             -2.24076448697e-008
   1.096835961237e-009             -2.25883707299e-008
   1.098648913239e-009             -2.27644387415e-008
   1.100461865242e-009             -2.29468053466e-008
   1.102274817244e-009             -2.26618359720e-008
   1.104087769246e-009             -2.25673049667e-008
   1.105900721248e-009             -2.26914497046e-008
   1.107713673250e-009             -2.31873938191e-008
   1.109526625252e-009             -2.32298956411e-008
   1.111339577254e-009             -2.29872430957e-008
   1.113152529256e-009             -2.30688329793e-008
   1.114965481258e-009             -2.43567789856e-008
   1.116778433260e-009             -2.44933884849e-008
   1.118591385262e-009             -2.42623272186e-008
   1.120404337264e-009             -2.45339850207e-008
   1.122217289266e-009             -2.45953295911e-008
   1.124030241268e-009             -2.48162019879e-008
   1.125843193270e-009             -2.41559931151e-008
   1.127656145272e-009             -2.42762210610e-008
   1.129469097274e-009             -2.41413053389e-008
   1.131282049276e-009             -2.40088241406e-008
   1.133095001278e-009             -2.39582241933e-008
   1.134907953280e-009             -2.39277371335e-008
   1.136720905282e-009             -2.42877861341e-008
   1.138533857284e-009             -2.40844860364e-008
   1.140346809287e-009             -2.37751959249e-008
   1.142159761289e-009             -2.37214994805e-008
   1.143972713291e-009             -2.43938556963e-008
   1.145785665293e-009             -2.40309748949e-008
   1.147598617295e-009             -2.42525089550e-008
   1.149411569297e-009             -2.41179371676e-008
   1.151224521299e-009             -2.37422211540e-008
   1.153037473301e-009             -2.39797926778e-008
   1.154850425303e-009             -2.37123957574e-008
   1.156663377305e-009             -2.41748887407e-008
   1.158476329307e-009             -2.44525008916e-008
   1.160289281309e-009             -2.40160489386e-008
   1.162102233311e-009             -2.37708292887e-008
   1.163915185313e-009             -2.40922665881e-008
   1.165728137315e-009             -2.40278256757e-008
   1.167541089317e-009             -2.36032563693e-008
   1.169354041319e-009             -2.38891254322e-008
   1.171166993321e-009             -2.33808489820e-008
   1.172979945323e-009             -2.27421820776e-008
   1.174792897325e-009             -2.22745286793e-008
   1.176605849327e-009             -2.24567099815e-008
   1.178418801329e-009             -2.24429220487e-008
   1.180231753332e-009             -2.28967081208e-008
   1.182044705334e-009             -2.28008803052e-008
   1.183857657336e-009             -2.25988506567e-008
   1.185670609338e-009             -2.24174102560e-008
   1.187483561340e-009             -2.26016029090e-008
   1.189296513342e-009             -2.24568952845e-008
   1.191109465344e-009             -2.28175529160e-008
   1.192922417346e-009             -2.31535457210e-008
   1.194735369348e-009             -2.30048153949e-008
   1.196548321350e-009             -2.25494149390e-008
   1.198361273352e-009             -2.23344970460e-008
   1.200174225354e-009             -2.25200659027e-008
   1.201987177356e-009             -2.24541428771e-008
   1.203800129358e-009             -2.24953216828e-008
   1.205613081360e-009             -2.25784729179e-008
   1.207426033362e-009             -2.26225098854e-008
   1.209238985364e-009             -2.24251379305e-008
   1.211051937366e-009             -2.24337918095e-008
   1.212864889368e-009             -2.20404239483e-008
   1.214677841370e-009             -2.20944644823e-008
   1.216490793372e-009             -2.28094547907e-008
   1.218303745374e-009             -2.25083421979e-008
   1.220116697377e-009             -2.23238319713e-008
   1.221929649379e-009             -2.27090221588e-008
   1.223742601381e-009             -2.24898170231e-008
   1.225555553383e-009             -2.24247938408e-008
   1.227368505385e-009             -2.27557848625e-008
   1.229181457387e-009             -2.31107526865e-008
   1.230994409389e-009             -2.27806615082e-008
   1.232807361391e-009             -2.26874006420e-008
   1.234620313393e-009             -2.23158132395e-008
   1.236433265395e-009             -2.26258444076e-008
   1.238246217397e-009             -2.25642615020e-008
   1.240059169399e-009             -2.23937245112e-008
   1.241872121401e-009             -2.29031918622e-008
   1.243685073403e-009             -2.26153379646e-008
   1.245498025405e-009             -2.24602561677e-008
   1.247310977407e-009             -2.26410349052e-008
   1.249123929409e-009             -2.25306781001e-008
   1.250936881411e-009             -2.26562520740e-008
   1.252749833413e-009             -2.28232957559e-008
   1.254562785415e-009             -2.29774246771e-008
   1.256375737417e-009             -2.27544086588e-008
   1.258188689419e-009             -2.31166543131e-008
   1.260001641422e-009             -2.30243198065e-008
   1.261814593424e-009             -2.25587039650e-008
   1.263627545426e-009             -2.29628956876e-008
   1.265440497428e-009             -2.29844112949e-008
   1.267253449430e-009             -2.29921124533e-008
   1.269066401432e-009             -2.30953768860e-008
   1.270879353434e-009             -2.26704104576e-008
   1.272692305436e-009             -2.29735874335e-008
   1.274505257438e-009             -2.28943528354e-008
   1.276318209440e-009             -2.24448274900e-008
   1.278131161442e-009             -2.24145786103e-008
   1.279944113444e-009             -2.28072317760e-008
   1.281757065446e-009             -2.25356004900e-008
   1.283570017448e-009             -2.29312707594e-008
   1.285382969450e-009             -2.23386520182e-008
   1.287195921452e-009             -2.24667135480e-008
   1.289008873454e-009             -2.28625424491e-008
   1.290821825456e-009             -2.25726508397e-008
   1.292634777458e-009             -2.27726427763e-008
   1.294447729460e-009             -2.30411246879e-008
   1.296260681462e-009             -2.27162998341e-008
   1.298073633464e-009             -2.28588903534e-008
   1.299886585467e-009             -2.27969900293e-008
   1.301699537469e-009             -2.29152332956e-008
   1.303512489471e-009             -2.32998412132e-008
   1.305325441473e-009             -2.30288981067e-008
   1.307138393475e-009             -2.26486831863e-008
   1.308951345477e-009             -2.30652602769e-008
   1.310764297479e-009             -2.27791265177e-008
   1.312577249481e-009             -2.30118550450e-008
   1.314390201483e-009             -2.28886628727e-008
   1.316203153485e-009             -2.27982074462e-008
   1.318016105487e-009             -2.24480032254e-008
   1.319829057489e-009             -2.19262562608e-008
   1.321642009491e-009             -2.18493240708e-008
   1.323454961493e-009             -2.21698088046e-008
   1.325267913495e-009             -2.20384391136e-008
   1.327080865497e-009             -2.24751821241e-008
   1.328893817499e-009             -2.24500409372e-008
   1.330706769501e-009             -2.22609787716e-008
   1.332519721503e-009             -2.23846473042e-008
   1.334332673505e-009             -2.24024314224e-008
   1.336145625507e-009             -2.22161215091e-008
   1.337958577509e-009             -2.23753846392e-008
   1.339771529512e-009             -2.25899320814e-008
   1.341584481514e-009             -2.24168545023e-008
   1.343397433516e-009             -2.21355902557e-008
   1.345210385518e-009             -2.22900367505e-008
   1.347023337520e-009             -2.20132450495e-008
   1.348836289522e-009             -2.23460356030e-008
   1.350649241524e-009             -2.19595486052e-008
   1.352462193526e-009             -2.25509499294e-008
   1.354275145528e-009             -2.21287093923e-008
   1.356088097530e-009             -2.17525700507e-008
   1.357901049532e-009             -2.17321659508e-008
   1.359714001534e-009             -2.23909457427e-008
   1.361526953536e-009             -2.25445190653e-008
   1.363339905538e-009             -2.23612262556e-008
   1.365152857540e-009             -2.22185827040e-008
   1.366965809542e-009             -2.29581057235e-008
   1.368778761544e-009             -2.24121174154e-008
   1.370591713546e-009             -2.22417392113e-008
   1.372404665548e-009             -2.25388292577e-008
   1.374217617550e-009             -2.25602124393e-008
   1.376030569552e-009             -2.27900299276e-008
   1.377843521554e-009             -2.26853894463e-008
   1.379656473557e-009             -2.22756401867e-008
   1.381469425559e-009             -2.25469537440e-008
   1.383282377561e-009             -2.22218114717e-008
   1.385095329563e-009             -2.20822113849e-008
   1.386908281565e-009             -2.19056933741e-008
   1.388721233567e-009             -2.23686627177e-008
   1.390534185569e-009             -2.23424100234e-008
   1.392347137571e-009             -2.20082167501e-008
   1.394160089573e-009             -2.20378039666e-008
   1.395973041575e-009             -2.18587718836e-008
   1.397785993577e-009             -2.26621535456e-008
   1.399598945579e-009             -2.23263195274e-008
   1.401411897581e-009             -2.23429127448e-008
   1.403224849583e-009             -2.22611375583e-008
   1.405037801585e-009             -2.21580320675e-008
   1.406850753587e-009             -2.22159892385e-008
   1.408663705589e-009             -2.26149409977e-008
   1.410476657591e-009             -2.22426654158e-008
   1.412289609593e-009             -2.29665477833e-008
   1.414102561595e-009             -2.28478283118e-008
   1.415915513597e-009             -2.21956910481e-008
   1.417728465599e-009             -2.24069038131e-008
   1.419541417602e-009             -2.25471390470e-008
   1.421354369604e-009             -2.22054034021e-008
   1.423167321606e-009             -2.21589847881e-008
   1.424980273608e-009             -2.22306504985e-008
   1.426793225610e-009             -2.18157143079e-008
   1.428606177612e-009             -2.22506312704e-008
   1.430419129614e-009             -2.22028628138e-008
   1.432232081616e-009             -2.19154323993e-008
   1.434045033618e-009             -2.25144554885e-008
   1.435857985620e-009             -2.23086678348e-008
   1.437670937622e-009             -2.25164666842e-008
   1.439483889624e-009             -2.23882993999e-008
   1.441296841626e-009             -2.24586419389e-008
   1.443109793628e-009             -2.23633698770e-008
   1.444922745630e-009             -2.24409106979e-008
   1.446735697632e-009             -2.24617382809e-008
   1.448548649634e-009             -2.28764362915e-008
   1.450361601636e-009             -2.27011356976e-008
   1.452174553638e-009             -2.22344878972e-008
   1.453987505640e-009             -2.19092397153e-008
   1.455800457642e-009             -2.20953641706e-008
   1.457613409644e-009             -2.21560737490e-008
   1.459426361647e-009             -2.20814703283e-008
   1.461239313649e-009             -2.23763109988e-008
   1.463052265651e-009             -2.20884040689e-008
   1.464865217653e-009             -2.20303675045e-008
   1.466678169655e-009             -2.18331543364e-008
   1.468491121657e-009             -2.22742639830e-008
   1.470304073659e-009             -2.24076713858e-008
   1.472117025661e-009             -2.22769633581e-008
   1.473929977663e-009             -2.24102648514e-008
   1.475742929665e-009             -2.21456995767e-008
   1.477555881667e-009             -2.21404596133e-008
   1.479368833669e-009             -2.20468548124e-008
   1.481181785671e-009             -2.24098413683e-008
   1.482994737673e-009             -2.23609615593e-008
   1.484807689675e-009             -2.25826544062e-008
   1.486620641677e-009             -2.24080418366e-008
   1.488433593679e-009             -2.21405920390e-008
   1.490246545681e-009             -2.17902025152e-008
   1.492059497683e-009             -2.21126455675e-008
   1.493872449685e-009             -2.16691804804e-008
   1.495685401687e-009             -2.19401766193e-008
   1.497498353689e-009             -2.19060374638e-008
   1.499311305692e-009             -2.17472241778e-008
   1.501124257694e-009             -2.15955828126e-008
   1.502937209696e-009             -2.12084606677e-008
   1.504750161698e-009             -2.17581541038e-008
   1.506563113700e-009             -2.17018376777e-008
   1.508376065702e-009             -2.15825359364e-008
   1.510189017704e-009             -2.17464832762e-008
   1.512001969706e-009             -2.17808075796e-008
   1.513814921708e-009             -2.18352714416e-008
   1.515627873710e-009             -2.19980543969e-008
   1.517440825712e-009             -2.14861523671e-008
   1.519253777714e-009             -2.17669137372e-008
   1.521066729716e-009             -2.21811884197e-008
   1.522879681718e-009             -2.14595025508e-008
   1.524692633720e-009             -2.13642304889e-008
   1.526505585722e-009             -2.14530453256e-008
   1.528318537724e-009             -2.14149099846e-008
   1.530131489726e-009             -2.11920527532e-008
   1.531944441728e-009             -2.10240563507e-008
   1.533757393730e-009             -2.05005363705e-008
   1.535570345732e-009             -2.04187877002e-008
   1.537383297734e-009             -2.01788608910e-008
   1.539196249737e-009             -1.98721642451e-008
   1.541009201739e-009             -2.03085366497e-008
   1.542822153741e-009             -2.05662740933e-008
   1.544635105743e-009             -2.01189452465e-008
   1.546448057745e-009             -1.99821240832e-008
   1.548261009747e-009             -2.01706568562e-008
   1.550073961749e-009             -1.99208587511e-008
   1.551886913751e-009             -1.96715635225e-008
   1.553699865753e-009             -1.95899207617e-008
   1.555512817755e-009             -1.94005145063e-008
   1.557325769757e-009             -1.93109058909e-008
   1.559138721759e-009             -2.20444201337e-008
   1.560951673761e-009             -2.18812138504e-008
   1.562764625763e-009             -2.19558436322e-008
   1.564577577765e-009             -2.16656077781e-008
   1.566390529767e-009             -2.17963686830e-008
   1.568203481769e-009             -2.17255234226e-008
   1.570016433771e-009             -2.16146902573e-008
   1.571829385773e-009             -2.21282330320e-008
   1.573642337775e-009             -2.16824128146e-008
   1.575455289777e-009             -2.13355165997e-008
   1.577268241779e-009             -2.20684234521e-008
   1.579081193782e-009             -2.22996169889e-008
   1.580894145784e-009             -2.20254979919e-008
   1.582707097786e-009             -2.21200820295e-008
   1.584520049788e-009             -2.21533743739e-008
   1.586333001790e-009             -2.21154506970e-008
   1.588145953792e-009             -2.21742283180e-008
   1.589958905794e-009             -2.20316906759e-008
   1.591771857796e-009             -2.23377521748e-008
   1.593584809798e-009             -2.23541866055e-008
   1.595397761800e-009             -2.20082167501e-008
   1.597210713802e-009             -2.17100945898e-008
   1.599023665804e-009             -2.20766803641e-008
   1.600836617806e-009             -2.16862765743e-008
   1.602649569808e-009             -2.15963238692e-008
   1.604462521810e-009             -2.14985112190e-008
   1.606275473812e-009             -2.20709375242e-008
   1.608088425814e-009             -2.18957692009e-008
   1.609901377816e-009             -2.17285403712e-008
   1.611714329818e-009             -2.11957048489e-008
   1.613527281820e-009             -2.15594324613e-008
   1.615340233822e-009             -2.20804118532e-008
   1.617153185824e-009             -2.19343809022e-008
   1.618966137827e-009             -2.19226571974e-008
   1.620779089829e-009             -2.10607095784e-008
   1.622592041831e-009             -2.03332810247e-008
   1.624404993833e-009             -2.00776343252e-008
   1.626217945835e-009             -1.99678596350e-008
   1.628030897837e-009             -2.02681784490e-008
   1.629843849839e-009             -2.02297255346e-008
   1.631656801841e-009             -2.05781302238e-008
   1.633469753843e-009             -2.04085723147e-008
   1.635282705845e-009             -2.08496025679e-008
   1.637095657847e-009             -2.10101890245e-008
   1.638908609849e-009             -2.06511191056e-008
   1.640721561851e-009             -2.11378535874e-008
   1.642534513853e-009             -2.09946807983e-008
   1.644347465855e-009             -2.07547539891e-008
   1.646160417857e-009             -2.06160008684e-008
   1.647973369859e-009             -2.06482874599e-008
   1.649786321861e-009             -2.09278844454e-008
   1.651599273863e-009             -2.13250101568e-008
   1.653412225865e-009             -2.15093881127e-008
   1.655225177867e-009             -2.13342728217e-008
   1.657038129869e-009             -2.14113372823e-008
   1.658851081872e-009             -2.11413732575e-008
   1.660664033874e-009             -2.11870774861e-008
   1.662476985876e-009             -2.10007675728e-008
   1.664289937878e-009             -2.11238273194e-008
   1.666102889880e-009             -2.04485337034e-008
   1.667915841882e-009             -1.90128102467e-008
   1.669728793884e-009             -1.90964643583e-008
   1.671541745886e-009             -1.89022681388e-008
   1.673354697888e-009             -1.88145913257e-008
   1.675167649890e-009             -1.89585051714e-008
   1.676980601892e-009             -1.90075172510e-008
   1.678793553894e-009             -1.91127928794e-008
   1.680606505896e-009             -1.87653674270e-008
   1.682419457898e-009             -1.87232360558e-008
   1.684232409900e-009             -1.84499375087e-008
   1.686045361902e-009             -1.85511111973e-008
   1.687858313904e-009             -1.92217999969e-008
   1.689671265906e-009             -1.91777897006e-008
   1.691484217908e-009             -1.90605785483e-008
   1.693297169910e-009             -1.90487754501e-008
   1.695110121912e-009             -1.88930585061e-008
   1.696923073914e-009             -1.90246927383e-008
   1.698736025917e-009             -1.90232371412e-008
   1.700548977919e-009             -1.94221095070e-008
   1.702361929921e-009             -1.92626612290e-008
   1.704174881923e-009             -1.92249493712e-008
   1.705987833925e-009             -1.84691507079e-008
   1.707800785927e-009             -1.86975391152e-008
   1.709613737929e-009             -1.87058489045e-008
   1.711426689931e-009             -1.86817927088e-008
   1.713239641933e-009             -1.90087611841e-008
   1.715052593935e-009             -1.88747186342e-008
   1.716865545937e-009             -1.88319255997e-008
   1.718678497939e-009             -1.82820735319e-008
   1.720491449941e-009             -1.82125778040e-008
   1.722304401943e-009             -1.85756702693e-008
   1.724117353945e-009             -1.88475132193e-008
   1.725930305947e-009             -1.88357099660e-008
   1.727743257949e-009             -1.86665226628e-008
   1.729556209951e-009             -1.90881809301e-008
   1.731369161953e-009             -1.86713392982e-008
   1.733182113955e-009             -1.86012613004e-008
   1.734995065957e-009             -1.86342625874e-008
   1.736808017959e-009             -1.88692404906e-008
   1.738620969962e-009             -1.95080925429e-008
   1.740433921964e-009             -1.85157546248e-008
   1.742246873966e-009             -1.84311743088e-008
   1.744059825968e-009             -1.82948028346e-008
   1.745872777970e-009             -1.84957474918e-008
   1.747685729972e-009             -1.81943702027e-008
   1.749498681974e-009             -1.86695661276e-008
   1.751311633976e-009             -1.84649428585e-008
   1.753124585978e-009             -1.85461888074e-008
   1.754937537980e-009             -1.82813059592e-008
   1.756750489982e-009             -1.80721837833e-008
   1.758563441984e-009             -1.83331763557e-008
   1.760376393986e-009             -1.85061745414e-008
   1.762189345988e-009             -1.86480240041e-008
   1.764002297990e-009             -1.86305574594e-008
   1.765815249992e-009             -1.85889553257e-008
   1.767628201994e-009             -1.87830986680e-008
   1.769441153996e-009             -1.85264463707e-008
   1.771254105998e-009             -1.92232290778e-008
   1.773067058000e-009             -1.87473981609e-008
   1.774880010002e-009             -1.93310718107e-008
   1.776692962004e-009             -1.90268363597e-008
   1.778505914007e-009             -1.90149273520e-008
   1.780318866009e-009             -1.89941262851e-008
   1.782131818011e-009             -1.88663823288e-008
   1.783944770013e-009             -1.86191778443e-008
   1.785757722015e-009             -1.91316091116e-008
   1.787570674017e-009             -1.87751858456e-008
   1.789383626019e-009             -1.89480252446e-008
   1.791196578021e-009             -1.88721780459e-008
   1.793009530023e-009             -1.88550290747e-008
   1.794822482025e-009             -1.86749120005e-008
   1.796635434027e-009             -1.93272344121e-008
   1.798448386029e-009             -1.95687756051e-008
   1.800261338031e-009             -1.94456893424e-008
   1.802074290033e-009             -1.91133486331e-008
   1.803887242035e-009             -1.90929181721e-008
   1.805700194037e-009             -1.90633838329e-008
   1.807513146039e-009             -1.90014833538e-008
   1.809326098041e-009             -1.93783108747e-008
   1.811139050043e-009             -1.93885791375e-008
