# Atom Manipulation               
# 
# Sample                          Ag(111)
# Data set                        -
# Creation Comment                
# Gap voltage                     -1.000e-003 V
# Gap voltage range in Volt       -10;10
# Feedback loop enabled           No
# Regulator setpoint              1.000e-009 A
# Pre-amplifier range             0;3.33e-007
# Loop gain                       7.000e+000 %
# Z-axis offset                   -4.000e-010 m
# Parameter mode                  V before Z
# Raster time                     1.000e-003 seconds
# Channel name and data unit      I(r) [A]
# Manipulation vector: start      1.180e+000, 1.960e+000 [nm]
#                      end        4.600e-001, 7.160e+000 [nm]
# 
# 
#             Position                            I(r)
# --------------------             -------------------
   0.000000000000e+000             -7.03824993410e-009
   5.249609509287e-012             -6.90867992991e-009
   1.049921901857e-011             -6.82576687497e-009
   1.574882852786e-011             -6.71911504288e-009
   2.099843803715e-011             -6.75441858301e-009
   2.624804754644e-011             -6.49379661648e-009
   3.149765705572e-011             -6.49017103692e-009
   3.674726656501e-011             -6.56061933043e-009
   4.199687607430e-011             -6.63355549008e-009
   4.724648558359e-011             -6.51957295043e-009
   5.249609509287e-011             -6.62564251268e-009
   5.774570460216e-011             -6.75095179023e-009
   6.299531411145e-011             -6.78517033913e-009
   6.824492362074e-011             -7.00445486827e-009
   7.349453313002e-011             -6.98619438974e-009
   7.874414263931e-011             -7.29892493293e-009
   8.399375214860e-011             -7.57936888462e-009
   8.924336165788e-011             -7.60784459365e-009
   9.449297116717e-011             -7.72291212455e-009
   9.974258067646e-011             -8.02603606817e-009
   1.049921901857e-010             -8.02984695064e-009
   1.102417996950e-010             -8.08187597885e-009
   1.154914092043e-010             -8.13588999674e-009
   1.207410187136e-010             -8.41360805719e-009
   1.259906282229e-010             -8.55016467925e-009
   1.312402377322e-010             -8.58475367892e-009
   1.364898472415e-010             -8.48511498085e-009
   1.417394567508e-010             -8.62061312782e-009
   1.469890662600e-010             -9.05629750810e-009
   1.522386757693e-010             -8.88628975484e-009
   1.574882852786e-010             -8.92413403836e-009
   1.627378947879e-010             -8.79509327172e-009
   1.679875042972e-010             -8.89354106902e-009
   1.732371138065e-010             -8.73790351843e-009
   1.784867233158e-010             -8.74740436353e-009
   1.837363328251e-010             -8.91182806370e-009
   1.889859423343e-010             -8.94025089550e-009
   1.942355518436e-010             -8.84376141668e-009
   1.994851613529e-010             -8.80417063375e-009
   2.047347708622e-010             -8.56432321791e-009
   2.099843803715e-010             -8.67888787235e-009
   2.152339898808e-010             -8.42101815814e-009
   2.204835993901e-010             -8.27429918281e-009
   2.257332088994e-010             -8.41501062197e-009
   2.309828184086e-010             -8.38722293725e-009
   2.362324279179e-010             -8.61476437842e-009
   2.414820374272e-010             -8.48352711315e-009
   2.467316469365e-010             -8.77140752687e-009
   2.519812564458e-010             -8.75126812325e-009
   2.572308659551e-010             -8.94019786320e-009
   2.624804754644e-010             -9.19759121711e-009
   2.677300849737e-010             -9.53247251469e-009
   2.729796944829e-010             -9.68911566314e-009
   2.782293039922e-010             -9.71071066383e-009
   2.834789135015e-010             -9.75353021446e-009
   2.887285230108e-010             -1.01522437935e-008
   2.939781325201e-010             -1.04910947603e-008
   2.992277420294e-010             -1.08496087705e-008
   3.044773515387e-010             -1.11808116113e-008
   3.097269610480e-010             -1.11285177317e-008
   3.149765705572e-010             -1.09772733334e-008
   3.202261800665e-010             -1.11224838345e-008
   3.254757895758e-010             -1.13234550078e-008
   3.307253990851e-010             -1.14381519329e-008
   3.359750085944e-010             -1.17718159686e-008
   3.412246181037e-010             -1.16068893920e-008
   3.464742276130e-010             -1.16406844578e-008
   3.517238371223e-010             -1.17271174929e-008
   3.569734466315e-010             -1.18824903472e-008
   3.622230561408e-010             -1.17339982012e-008
   3.674726656501e-010             -1.18004504644e-008
   3.727222751594e-010             -1.14066857914e-008
   3.779718846687e-010             -1.12290033959e-008
   3.832214941780e-010             -1.11746189273e-008
   3.884711036873e-010             -1.10848513700e-008
   3.937207131965e-010             -1.11853899115e-008
   3.989703227058e-010             -1.09374178542e-008
   4.042199322151e-010             -1.09600186078e-008
   4.094695417244e-010             -1.06904250337e-008
   4.147191512337e-010             -1.05234607452e-008
   4.199687607430e-010             -1.04575113585e-008
   4.252183702523e-010             -1.02522794585e-008
   4.304679797616e-010             -1.00714478438e-008
   4.357175892708e-010             -9.95238412753e-009
   4.409671987801e-010             -9.97382034145e-009
   4.462168082894e-010             -9.93949603808e-009
   4.514664177987e-010             -9.99843229078e-009
   4.567160273080e-010             -1.00667106018e-008
   4.619656368173e-010             -1.03435553350e-008
   4.672152463266e-010             -1.02640825567e-008
   4.724648558359e-010             -1.03906092512e-008
   4.777144653451e-010             -1.05637397075e-008
   4.829640748544e-010             -1.06048126037e-008
   4.882136843637e-010             -1.05669683202e-008
   4.934632938730e-010             -1.06372844981e-008
   4.987129033823e-010             -1.08321422258e-008
   5.039625128916e-010             -1.12368103087e-008
   5.092121224009e-010             -1.77495820993e-008
   5.144617319102e-010             -1.99986113911e-008
   5.197113414194e-010             -2.01006584069e-008
   5.249609509287e-010             -1.98864550544e-008
   5.302105604380e-010             -2.00886434896e-008
   5.354601699473e-010             -2.00314802524e-008
   5.407097794566e-010             -1.98701000171e-008
   5.459593889659e-010             -2.00112614554e-008
   5.512089984752e-010             -1.98033036642e-008
   5.564586079845e-010             -1.94245178247e-008
   5.617082174937e-010             -1.95033289398e-008
   5.669578270030e-010             -1.97852284886e-008
   5.722074365123e-010             -1.99967588271e-008
   5.774570460216e-010             -1.98227021663e-008
   5.827066555309e-010             -1.96039733908e-008
   5.879562650402e-010             -1.91467732482e-008
   5.932058745495e-010             -1.90766688893e-008
   5.984554840588e-010             -1.90993753974e-008
   6.037050935680e-010             -1.91684476422e-008
   6.089547030773e-010             -1.91940388283e-008
   6.142043125866e-010             -1.90517923987e-008
   6.194539220959e-010             -1.89690644916e-008
   6.247035316052e-010             -1.92228321109e-008
   6.299531411145e-010             -1.94117354898e-008
   6.352027506238e-010             -1.93497557723e-008
   6.404523601331e-010             -1.96419763060e-008
   6.457019696423e-010             -1.97161297276e-008
   6.509515791516e-010             -2.00490527067e-008
   6.562011886609e-010             -1.99424273907e-008
   6.614507981702e-010             -1.98161388764e-008
   6.667004076795e-010             -2.00737969266e-008
   6.719500171888e-010             -1.98594347873e-008
   6.771996266981e-010             -2.00717855758e-008
   6.824492362074e-010             -2.02644733210e-008
   6.876988457166e-010             -2.06415918994e-008
   6.929484552259e-010             -2.03099128534e-008
   6.981980647352e-010             -2.00655928918e-008
   7.034476742445e-010             -2.02121530804e-008
   7.086972837538e-010             -2.04449344850e-008
   7.139468932631e-010             -2.05132127960e-008
   7.191965027724e-010             -2.04328666904e-008
   7.244461122817e-010             -2.06287038100e-008
   7.296957217909e-010             -2.05731284405e-008
   7.349453313002e-010             -2.03852571756e-008
   7.401949408095e-010             -2.01117734807e-008
   7.454445503188e-010             -2.03969545194e-008
   7.506941598281e-010             -2.04266740064e-008
   7.559437693374e-010             -2.00021840934e-008
   7.611933788467e-010             -2.00843297307e-008
   7.664429883560e-010             -1.96764859123e-008
   7.716925978652e-010             -1.97304734141e-008
   7.769422073745e-010             -1.93643111228e-008
   7.821918168838e-010             -1.97427265115e-008
   7.874414263931e-010             -1.92923543550e-008
   7.926910359024e-010             -1.93615323544e-008
   7.979406454117e-010             -1.93760613438e-008
   8.031902549210e-010             -1.87679874087e-008
   8.084398644303e-010             -1.88410029617e-008
   8.136894739395e-010             -1.89151033510e-008
   8.189390834488e-010             -1.92615497217e-008
   8.241886929581e-010             -1.91952562453e-008
   8.294383024674e-010             -1.88864953713e-008
   8.346879119767e-010             -1.89869280032e-008
   8.399375214860e-010             -1.94764676146e-008
   8.451871309953e-010             -1.92831975996e-008
   8.504367405046e-010             -1.91965265394e-008
   8.556863500138e-010             -1.99034187226e-008
   8.609359595231e-010             -2.00330946363e-008
   8.661855690324e-010             -1.96684143032e-008
   8.714351785417e-010             -1.94905731210e-008
   8.766847880510e-010             -1.99147719766e-008
   8.819343975603e-010             -2.00362967328e-008
   8.871840070696e-010             -2.01537725814e-008
   8.924336165789e-010             -2.02229242196e-008
   8.976832260881e-010             -2.03319842144e-008
   9.029328355974e-010             -2.00385462637e-008
   9.081824451067e-010             -2.03542672394e-008
   9.134320546160e-010             -2.02637324195e-008
   9.186816641253e-010             -2.10898469506e-008
   9.239312736346e-010             -2.07974676301e-008
   9.291808831439e-010             -2.07265958536e-008
   9.344304926531e-010             -2.08305481555e-008
   9.396801021624e-010             -2.09758116888e-008
   9.449297116717e-010             -2.04725370218e-008
   9.501793211810e-010             -2.06148363287e-008
   9.554289306903e-010             -2.02285346338e-008
   9.606785401996e-010             -2.02545491479e-008
   9.659281497089e-010             -2.02349654980e-008
   9.711777592182e-010             -2.00882465227e-008
   9.764273687274e-010             -1.99857231466e-008
   9.816769782367e-010             -1.99996963823e-008
   9.869265877460e-010             -1.99180799826e-008
   9.921761972553e-010             -1.99293803594e-008
   9.974258067646e-010             -1.96118596970e-008
   1.002675416274e-009             -1.96977369784e-008
   1.007925025783e-009             -1.97449760424e-008
   1.013174635292e-009             -1.98192617346e-008
   1.018424244802e-009             -1.94553753353e-008
   1.023673854311e-009             -1.96182642001e-008
   1.028923463820e-009             -2.00162367225e-008
   1.034173073330e-009             -1.99243785762e-008
   1.039422682839e-009             -1.96827051125e-008
   1.044672292348e-009             -1.99458676674e-008
   1.049921901857e-009             -1.99064356712e-008
   1.055171511367e-009             -2.00077945076e-008
   1.060421120876e-009             -1.99132900185e-008
   1.065670730385e-009             -1.99831031649e-008
   1.070920339895e-009             -1.98867461117e-008
   1.076169949404e-009             -2.01422605406e-008
   1.081419558913e-009             -1.94755412551e-008
   1.086669168422e-009             -1.97154151871e-008
   1.091918777932e-009             -1.99835531641e-008
   1.097168387441e-009             -1.98803946409e-008
   1.102417996950e-009             -1.99563741103e-008
   1.107667606460e-009             -2.01891820310e-008
   1.112917215969e-009             -2.00418542697e-008
   1.118166825478e-009             -2.04399592179e-008
   1.123416434987e-009             -2.00281986075e-008
   1.128666044497e-009             -2.01847094853e-008
   1.133915654006e-009             -2.03419612647e-008
   1.139165263515e-009             -2.03631064213e-008
   1.144414873025e-009             -2.01922783731e-008
   1.149664482534e-009             -2.01336330227e-008
   1.154914092043e-009             -1.97316379538e-008
   1.160163701553e-009             -1.98153714587e-008
   1.165413311062e-009             -1.97728694816e-008
   1.170662920571e-009             -1.99695534122e-008
   1.175912530080e-009             -1.93870176309e-008
   1.181162139590e-009             -1.93895847354e-008
   1.186411749099e-009             -1.91309476035e-008
   1.191661358608e-009             -1.97398154724e-008
   1.196910968118e-009             -1.96644446340e-008
   1.202160577627e-009             -1.98955322613e-008
   1.207410187136e-009             -1.98955852936e-008
   1.212659796645e-009             -2.01987355983e-008
   1.217909406155e-009             -1.99390663524e-008
   1.223159015664e-009             -1.97370367039e-008
   1.228408625173e-009             -1.93722769775e-008
   1.233658234683e-009             -2.00080592039e-008
   1.238907844192e-009             -2.05598697452e-008
   1.244157453701e-009             -2.02921287351e-008
   1.249407063210e-009             -2.01597270852e-008
   1.254656672720e-009             -2.04180466436e-008
   1.259906282229e-009             -2.00677630294e-008
   1.265155891738e-009             -2.02448631550e-008
   1.270405501248e-009             -2.04679850827e-008
   1.275655110757e-009             -2.04433731334e-008
   1.280904720266e-009             -2.07234201182e-008
   1.286154329775e-009             -2.05019125742e-008
   1.291403939285e-009             -1.99984526043e-008
   1.296653548794e-009             -2.01311189505e-008
   1.301903158303e-009             -2.02559253516e-008
   1.307152767813e-009             -2.03569402534e-008
   1.312402377322e-009             -2.02421374188e-008
   1.317651986831e-009             -2.03146764564e-008
   1.322901596340e-009             -2.01180719192e-008
   1.328151205850e-009             -1.98482668362e-008
   1.333400815359e-009             -1.95862950271e-008
   1.338650424868e-009             -1.96224984106e-008
   1.343900034378e-009             -1.99784719875e-008
   1.349149643887e-009             -1.99616934671e-008
   1.354399253396e-009             -1.97961053823e-008
   1.359648862905e-009             -1.97249423933e-008
   1.364898472415e-009             -1.96305171425e-008
   1.370148081924e-009             -1.92263254198e-008
   1.375397691433e-009             -1.94586041030e-008
   1.380647300943e-009             -1.92035395184e-008
   1.385896910452e-009             -1.98886515530e-008
   1.391146519961e-009             -1.98202938486e-008
   1.396396129470e-009             -1.94051987161e-008
   1.401645738980e-009             -1.98460173053e-008
   1.406895348489e-009             -1.95459368264e-008
   1.412144957998e-009             -1.92608351812e-008
   1.417394567508e-009             -1.96377949728e-008
   1.422644177017e-009             -1.98854758176e-008
   1.427893786526e-009             -1.96537530432e-008
   1.433143396035e-009             -1.96675144598e-008
   1.438393005545e-009             -1.95142588659e-008
   1.443642615054e-009             -1.98432385368e-008
   1.448892224563e-009             -2.03062607576e-008
   1.454141834073e-009             -2.01745206159e-008
   1.459391443582e-009             -2.04763742654e-008
   1.464641053091e-009             -2.04671382716e-008
   1.469890662600e-009             -2.00257639287e-008
   1.475140272110e-009             -2.07785191273e-008
   1.480389881619e-009             -2.10253001287e-008
   1.485639491128e-009             -2.10192662315e-008
   1.490889100638e-009             -2.13927857464e-008
   1.496138710147e-009             -2.07769047434e-008
   1.501388319656e-009             -2.07007399712e-008
   1.506637929165e-009             -2.08005904883e-008
   1.511887538675e-009             -2.11801966227e-008
   1.517137148184e-009             -2.05257305897e-008
   1.522386757693e-009             -2.04178349796e-008
   1.527636367203e-009             -2.08045601575e-008
   1.532885976712e-009             -2.02746621905e-008
   1.538135586221e-009             -2.03419083875e-008
   1.543385195730e-009             -2.00323270635e-008
   1.548634805240e-009             -2.01043105026e-008
   1.553884414749e-009             -2.04414676922e-008
   1.559134024258e-009             -2.02835013723e-008
   1.564383633768e-009             -2.03518854378e-008
   1.569633243277e-009             -2.01373381507e-008
   1.574882852786e-009             -2.01988415079e-008
   1.580132462295e-009             -1.96335077300e-008
   1.585382071805e-009             -1.98041769914e-008
   1.590631681314e-009             -1.98651776272e-008
   1.595881290823e-009             -2.00812864209e-008
   1.601130900333e-009             -1.96934760967e-008
   1.606380509842e-009             -1.95399823226e-008
   1.611630119351e-009             -1.96406531346e-008
   1.616879728861e-009             -1.95434756315e-008
   1.622129338370e-009             -1.96819905720e-008
   1.627378947879e-009             -1.97605635070e-008
   1.632628557388e-009             -2.01338712028e-008
   1.637878166898e-009             -1.98175944735e-008
   1.643127776407e-009             -1.96692876304e-008
   1.648377385916e-009             -1.99805362155e-008
   1.653626995426e-009             -1.98146040410e-008
   1.658876604935e-009             -2.05958613097e-008
   1.664126214444e-009             -2.07277867543e-008
   1.669375823953e-009             -2.07549127758e-008
   1.674625433463e-009             -2.07380285010e-008
   1.679875042972e-009             -2.04900035665e-008
   1.685124652481e-009             -2.06063942688e-008
   1.690374261991e-009             -2.03506416598e-008
   1.695623871500e-009             -2.06971143916e-008
   1.700873481009e-009             -2.05992223480e-008
   1.706123090518e-009             -2.05869692506e-008
   1.711372700028e-009             -2.01282873048e-008
   1.716622309537e-009             -2.00527841958e-008
   1.721871919046e-009             -2.03540555754e-008
   1.727121528556e-009             -2.01152931508e-008
   1.732371138065e-009             -2.01205067531e-008
   1.737620747574e-009             -2.03157085705e-008
   1.742870357083e-009             -1.99800333390e-008
   1.748119966593e-009             -1.95366741615e-008
   1.753369576102e-009             -1.99720411233e-008
   1.758619185611e-009             -2.04069315697e-008
   1.763868795121e-009             -2.04151090884e-008
   1.769118404630e-009             -2.03561991968e-008
   1.774368014139e-009             -2.02773615655e-008
   1.779617623648e-009             -2.03753330025e-008
   1.784867233158e-009             -2.04078314131e-008
   1.790116842667e-009             -2.02092685574e-008
   1.795366452176e-009             -2.03747772488e-008
   1.800616061686e-009             -2.00883259160e-008
   1.805865671195e-009             -2.07478467646e-008
   1.811115280704e-009             -2.03743008885e-008
   1.816364890213e-009             -2.01415194839e-008
   1.821614499723e-009             -2.00757023678e-008
   1.826864109232e-009             -2.03728452914e-008
   1.832113718741e-009             -2.03488950053e-008
   1.837363328251e-009             -2.03271147017e-008
   1.842612937760e-009             -2.05560588628e-008
   1.847862547269e-009             -2.06776630123e-008
   1.853112156778e-009             -2.03218747383e-008
   1.858361766288e-009             -1.99150895502e-008
   1.863611375797e-009             -2.04618717921e-008
   1.868860985306e-009             -2.07875963343e-008
   1.874110594816e-009             -2.07808744127e-008
   1.879360204325e-009             -2.05122865915e-008
   1.884609813834e-009             -2.05521155546e-008
   1.889859423343e-009             -2.07016926918e-008
   1.895109032853e-009             -2.05051146707e-008
   1.900358642362e-009             -2.04473693188e-008
   1.905608251871e-009             -2.05992223480e-008
   1.910857861381e-009             -2.06399511545e-008
   1.916107470890e-009             -2.00181156476e-008
   1.921357080399e-009             -1.97620456202e-008
   1.926606689908e-009             -1.98103961916e-008
   1.931856299418e-009             -2.00546102436e-008
   1.937105908927e-009             -2.02273702492e-008
   1.942355518436e-009             -2.01090741057e-008
   1.947605127946e-009             -1.99769104809e-008
   1.952854737455e-009             -1.98073792430e-008
   1.958104346964e-009             -1.97418797004e-008
   1.963353956473e-009             -1.94962894447e-008
   1.968603565983e-009             -1.96266005055e-008
   1.973853175492e-009             -2.01939191180e-008
   1.979102785001e-009             -2.00796985532e-008
   1.984352394511e-009             -2.01948718386e-008
   1.989602004020e-009             -2.00475177162e-008
   1.994851613529e-009             -1.99483288623e-008
   2.000101223038e-009             -2.00275105832e-008
   2.005350832548e-009             -2.00323800958e-008
   2.010600442057e-009             -1.99359434942e-008
   2.015850051566e-009             -2.05238515096e-008
   2.021099661076e-009             -2.01585096683e-008
   2.026349270585e-009             -1.99513988432e-008
   2.031598880094e-009             -2.04829110391e-008
   2.036848489603e-009             -2.08042160679e-008
   2.042098099113e-009             -2.09280168711e-008
   2.047347708622e-009             -2.06718407790e-008
   2.052597318131e-009             -2.11768886167e-008
   2.057846927641e-009             -2.07240287491e-008
   2.063096537150e-009             -2.07681449550e-008
   2.068346146659e-009             -2.07510225000e-008
   2.073595756169e-009             -2.06130367970e-008
   2.078845365678e-009             -2.10003971220e-008
   2.084094975187e-009             -2.10093156973e-008
   2.089344584696e-009             -2.07390340988e-008
   2.094594194206e-009             -2.12984398890e-008
   2.099843803715e-009             -2.07296128022e-008
   2.105093413224e-009             -2.07441152755e-008
   2.110343022734e-009             -2.09017111445e-008
   2.115592632243e-009             -2.08421395897e-008
   2.120842241752e-009             -2.09120851618e-008
   2.126091851261e-009             -2.07214087674e-008
   2.131341460771e-009             -1.99663776768e-008
   2.136591070280e-009             -2.00856265410e-008
   2.141840679789e-009             -2.04368363597e-008
   2.147090289299e-009             -1.98166417529e-008
   2.152339898808e-009             -2.00305804091e-008
   2.157589508317e-009             -2.01054483710e-008
   2.162839117826e-009             -1.99717499108e-008
   2.168088727336e-009             -1.95192870102e-008
   2.173338336845e-009             -1.94394966583e-008
   2.178587946354e-009             -1.95672936470e-008
   2.183837555864e-009             -2.00534457039e-008
   2.189087165373e-009             -2.01261700445e-008
   2.194336774882e-009             -2.00108379724e-008
   2.199586384391e-009             -2.04082547411e-008
   2.204835993901e-009             -2.04602574082e-008
   2.210085603410e-009             -2.06989404395e-008
   2.215335212919e-009             -2.05610076137e-008
   2.220584822429e-009             -2.06379928360e-008
   2.225834431938e-009             -2.05644745616e-008
   2.231084041447e-009             -2.03266383414e-008
   2.236333650956e-009             -2.00767344818e-008
   2.241583260466e-009             -2.04973606351e-008
   2.246832869975e-009             -2.02558194421e-008
   2.252082479484e-009             -1.99886872180e-008
   2.257332088994e-009             -2.05557412892e-008
   2.262581698503e-009             -2.05352577959e-008
   2.267831308012e-009             -2.03976954209e-008
   2.273080917521e-009             -2.03253945634e-008
   2.278330527031e-009             -1.98979405790e-008
   2.283580136540e-009             -2.00376729365e-008
   2.288829746049e-009             -2.02612447084e-008
   2.294079355559e-009             -2.05385392858e-008
   2.299328965068e-009             -2.03202868706e-008
   2.304578574577e-009             -2.03231715486e-008
   2.309828184086e-009             -1.98684591171e-008
   2.315077793596e-009             -2.03327252710e-008
   2.320327403105e-009             -2.06613608522e-008
   2.325577012614e-009             -2.05345432554e-008
   2.330826622124e-009             -2.04995836499e-008
   2.336076231633e-009             -2.03357422196e-008
   2.341325841142e-009             -1.99607407465e-008
   2.346575450651e-009             -2.01672958179e-008
   2.351825060161e-009             -1.99861201135e-008
   2.357074669670e-009             -2.00225353161e-008
   2.362324279179e-009             -2.01198979671e-008
   2.367573888689e-009             -1.99576178883e-008
   2.372823498198e-009             -1.94776848765e-008
   2.378073107707e-009             -1.94906790305e-008
   2.383322717216e-009             -1.97879542248e-008
   2.388572326726e-009             -1.98630603669e-008
   2.393821936235e-009             -2.02404965188e-008
   2.399071545744e-009             -2.02322661229e-008
   2.404321155254e-009             -2.03904706229e-008
   2.409570764763e-009             -2.04411236025e-008
   2.414820374272e-009             -2.00346559878e-008
   2.420069983781e-009             -2.04433996496e-008
   2.425319593291e-009             -2.03731099877e-008
   2.430569202800e-009             -2.03254739568e-008
   2.435818812309e-009             -2.05361840004e-008
   2.441068421819e-009             -2.01388201089e-008
   2.446318031328e-009             -1.98430003566e-008
   2.451567640837e-009             -2.00982500892e-008
   2.456817250346e-009             -2.01802105785e-008
   2.462066859856e-009             -1.98157155484e-008
   2.467316469365e-009             -2.00458504551e-008
   2.472566078874e-009             -2.00724207229e-008
   2.477815688384e-009             -1.99939536975e-008
   2.483065297893e-009             -2.02565339825e-008
   2.488314907402e-009             -1.98571058630e-008
   2.493564516912e-009             -2.01423662950e-008
   2.498814126421e-009             -2.09481827909e-008
   2.504063735930e-009             -2.05507395060e-008
   2.509313345439e-009             -2.03342601064e-008
   2.514562954949e-009             -2.03591367520e-008
   2.519812564458e-009             -1.99781278978e-008
   2.525062173967e-009             -1.98666595854e-008
   2.530311783477e-009             -1.99697650762e-008
   2.535561392986e-009             -1.99872316209e-008
   2.540811002495e-009             -2.00828477725e-008
   2.546060612004e-009             -2.00458504551e-008
   2.551310221514e-009             -1.93931839539e-008
   2.556559831023e-009             -2.00282516398e-008
   2.561809440532e-009             -1.97012831646e-008
   2.567059050042e-009             -1.93495175921e-008
   2.572308659551e-009             -1.96335871234e-008
   2.577558269060e-009             -1.97191201600e-008
   2.582807878569e-009             -1.97124247546e-008
   2.588057488079e-009             -1.97158121540e-008
   2.593307097588e-009             -1.94936694630e-008
   2.598556707097e-009             -2.01230473414e-008
   2.603806316607e-009             -2.05348871901e-008
   2.609055926116e-009             -2.05108575106e-008
   2.614305535625e-009             -2.06742490967e-008
   2.619555145134e-009             -2.08546308673e-008
   2.624804754644e-009             -2.07292952286e-008
   2.630054364153e-009             -2.07496728124e-008
   2.635303973662e-009             -2.08422454992e-008
   2.640553583172e-009             -2.08792163005e-008
   2.645803192681e-009             -2.07504932624e-008
   2.651052802190e-009             -2.10707661772e-008
   2.656302411699e-009             -2.03096217960e-008
   2.661552021209e-009             -2.06947591062e-008
   2.666801630718e-009             -2.03112625409e-008
   2.672051240227e-009             -2.04386889237e-008
   2.677300849737e-009             -2.00302364744e-008
   2.682550459246e-009             -2.02780495899e-008
   2.687800068755e-009             -2.03054668238e-008
   2.693049678264e-009             -1.99304124734e-008
   2.698299287774e-009             -1.99528542852e-008
   2.703548897283e-009             -1.97383863915e-008
   2.708798506792e-009             -1.99766723007e-008
   2.714048116302e-009             -2.02402054614e-008
   2.719297725811e-009             -1.99975527609e-008
   2.724547335320e-009             -2.01748381895e-008
   2.729796944829e-009             -1.95114007040e-008
   2.735046554339e-009             -1.97414033401e-008
   2.740296163848e-009             -1.96752156182e-008
   2.745545773357e-009             -1.96469252121e-008
   2.750795382867e-009             -2.01905317186e-008
   2.756044992376e-009             -2.01629556979e-008
   2.761294601885e-009             -1.99261781079e-008
   2.766544211394e-009             -2.00781900789e-008
   2.771793820904e-009             -2.01054483710e-008
   2.777043430413e-009             -2.01033841430e-008
   2.782293039922e-009             -2.01566571043e-008
   2.787542649432e-009             -2.02674373924e-008
   2.792792258941e-009             -2.03551670828e-008
   2.798041868450e-009             -1.99128400192e-008
   2.803291477959e-009             -1.98955059002e-008
   2.808541087469e-009             -2.04168822590e-008
   2.813790696978e-009             -2.04951641365e-008
   2.819040306487e-009             -2.01995295322e-008
   2.824289915997e-009             -2.04610513421e-008
   2.829539525506e-009             -2.06184355471e-008
   2.834789135015e-009             -2.04143945479e-008
   2.840038744524e-009             -2.03860776256e-008
   2.845288354034e-009             -2.06510927445e-008
   2.850537963543e-009             -2.05452877235e-008
   2.855787573052e-009             -2.05210198639e-008
   2.861037182562e-009             -2.06489754842e-008
   2.866286792071e-009             -2.03311902805e-008
   2.871536401580e-009             -2.04439288871e-008
   2.876786011089e-009             -2.05512158663e-008
   2.882035620599e-009             -2.03194135434e-008
   2.887285230108e-009             -2.01707891268e-008
   2.892534839617e-009             -2.04812172619e-008
   2.897784449127e-009             -2.00913428647e-008
   2.903034058636e-009             -1.98516013584e-008
   2.908283668145e-009             -1.96445962877e-008
   2.913533277654e-009             -1.99248549365e-008
   2.918782887164e-009             -2.01742824358e-008
   2.924032496673e-009             -1.99158834840e-008
   2.929282106182e-009             -2.01339771124e-008
   2.934531715692e-009             -2.03659380670e-008
   2.939781325201e-009             -1.99989818419e-008
   2.945030934710e-009             -2.02252266278e-008
   2.950280544220e-009             -1.99928156740e-008
   2.955530153729e-009             -2.00130344710e-008
   2.960779763238e-009             -2.02332188435e-008
   2.966029372747e-009             -2.00304481384e-008
   2.971278982257e-009             -1.99786307742e-008
   2.976528591766e-009             -1.98980199724e-008
   2.981778201275e-009             -1.98281272775e-008
   2.987027810785e-009             -2.00643225977e-008
   2.992277420294e-009             -1.98421005133e-008
   2.997527029803e-009             -1.98263277458e-008
   3.002776639312e-009             -1.97820262370e-008
   3.008026248822e-009             -1.99840030083e-008
   3.013275858331e-009             -1.98016629193e-008
   3.018525467840e-009             -1.96426379693e-008
   3.023775077350e-009             -1.99429301121e-008
   3.029024686859e-009             -2.02724391757e-008
   3.034274296368e-009             -2.06143070911e-008
   3.039523905877e-009             -2.06555916513e-008
   3.044773515387e-009             -2.03480481943e-008
   3.050023124896e-009             -2.05554765929e-008
   3.055272734405e-009             -2.03466454744e-008
   3.060522343915e-009             -2.07262782800e-008
   3.065771953424e-009             -2.09140699964e-008
   3.071021562933e-009             -2.03694050148e-008
   3.076271172442e-009             -2.02917317682e-008
   3.081520781952e-009             -1.99681772085e-008
   3.086770391461e-009             -2.04370216626e-008
   3.092020000970e-009             -2.01767172696e-008
   3.097269610480e-009             -1.98321763402e-008
   3.102519219989e-009             -1.99679920607e-008
   3.107768829498e-009             -1.99257811410e-008
   3.113018439007e-009             -1.97433616586e-008
   3.118268048517e-009             -1.95756563135e-008
   3.123517658026e-009             -1.95897089426e-008
   3.128767267535e-009             -1.98442706508e-008
   3.134016877045e-009             -1.98327586100e-008
   3.139266486554e-009             -1.98486372870e-008
   3.144516096063e-009             -2.01690689885e-008
   3.149765705572e-009             -1.99695005350e-008
   3.155015315082e-009             -1.98777217820e-008
   3.160264924591e-009             -2.02656907380e-008
   3.165514534100e-009             -2.07202972600e-008
   3.170764143610e-009             -2.06634515964e-008
   3.176013753119e-009             -2.09672900805e-008
   3.181263362628e-009             -2.03174552249e-008
   3.186512972137e-009             -2.02390674379e-008
   3.191762581647e-009             -2.07684890446e-008
   3.197012191156e-009             -2.06769219557e-008
   3.202261800665e-009             -2.07393251562e-008
   3.207511410175e-009             -2.08228469972e-008
   3.212761019684e-009             -2.07274691808e-008
   3.218010629193e-009             -2.04526886756e-008
   3.223260238702e-009             -2.03853630852e-008
   3.228509848212e-009             -2.05483840655e-008
   3.233759457721e-009             -2.05870222829e-008
   3.239009067230e-009             -2.05066231450e-008
   3.244258676740e-009             -2.03932230303e-008
   3.249508286249e-009             -2.06193353905e-008
   3.254757895758e-009             -2.03195459691e-008
   3.260007505267e-009             -2.02333776303e-008
   3.265257114777e-009             -2.01335536293e-008
   3.270506724286e-009             -2.03091717967e-008
   3.275756333795e-009             -2.00981178185e-008
   3.281005943305e-009             -2.01558896866e-008
   3.286255552814e-009             -1.95969337406e-008
   3.291505162323e-009             -1.98349022314e-008
   3.296754771832e-009             -1.97098841663e-008
   3.302004381342e-009             -2.02117297524e-008
   3.307253990851e-009             -1.95860039697e-008
   3.312503600360e-009             -2.00077151142e-008
   3.317753209870e-009             -1.98862168742e-008
   3.323002819379e-009             -1.94245972181e-008
   3.328252428888e-009             -1.95844689792e-008
   3.333502038397e-009             -1.95919055963e-008
   3.338751647907e-009             -1.97967668905e-008
   3.344001257416e-009             -2.00708593714e-008
   3.349250866925e-009             -2.00926660361e-008
   3.354500476435e-009             -2.03108920901e-008
   3.359750085944e-009             -1.98675063964e-008
   3.364999695453e-009             -1.96971547086e-008
   3.370249304962e-009             -2.02381677495e-008
   3.375498914472e-009             -2.06327528726e-008
   3.380748523981e-009             -2.04802910574e-008
   3.385998133490e-009             -2.04369687854e-008
   3.391247743000e-009             -2.04269387027e-008
   3.396497352509e-009             -2.03565696475e-008
   3.401746962018e-009             -2.02819663819e-008
   3.406996571528e-009             -2.02346214083e-008
   3.412246181037e-009             -2.01625587309e-008
   3.417495790546e-009             -2.03701989487e-008
   3.422745400055e-009             -2.01170663214e-008
   3.427995009565e-009             -1.99962824668e-008
   3.433244619074e-009             -1.98813473616e-008
   3.438494228583e-009             -1.98857933911e-008
   3.443743838093e-009             -2.08724149855e-008
   3.448993447602e-009             -2.04877275194e-008
   3.454243057111e-009             -2.04690437129e-008
   3.459492666620e-009             -2.06702000341e-008
   3.464742276130e-009             -2.02528024934e-008
   3.469991885639e-009             -1.99812771170e-008
   3.475241495148e-009             -2.02892440571e-008
   3.480491104658e-009             -2.05840053342e-008
   3.485740714167e-009             -2.03272471274e-008
   3.490990323676e-009             -2.02717511514e-008
   3.496239933185e-009             -1.98449586751e-008
   3.501489542695e-009             -1.97420648483e-008
   3.506739152204e-009             -1.96828110220e-008
   3.511988761713e-009             -1.97423295446e-008
   3.517238371223e-009             -1.96450461319e-008
   3.522487980732e-009             -1.98984963327e-008
   3.527737590241e-009             -1.95399823226e-008
   3.532987199750e-009             -1.96384301199e-008
   3.538236809260e-009             -1.92711826823e-008
   3.543486418769e-009             -1.95633503388e-008
   3.548736028278e-009             -2.00568596195e-008
   3.553985637788e-009             -2.00406104917e-008
   3.559235247297e-009             -2.01010023415e-008
   3.564484856806e-009             -2.05971052428e-008
   3.569734466315e-009             -2.00465649956e-008
   3.574984075825e-009             -2.01785696785e-008
   3.580233685334e-009             -2.07317033913e-008
   3.585483294843e-009             -2.08655871544e-008
   3.590732904353e-009             -2.12076138566e-008
   3.595982513862e-009             -2.05157799004e-008
   3.601232123371e-009             -2.07803186590e-008
   3.606481732880e-009             -2.05517716200e-008
   3.611731342390e-009             -2.04729603498e-008
   3.616980951899e-009             -2.04615013413e-008
   3.622230561408e-009             -2.06856817442e-008
   3.627480170918e-009             -2.03634239948e-008
   3.632729780427e-009             -2.02900116299e-008
   3.637979389936e-009             -2.02829984959e-008
   3.643228999445e-009             -2.01550692366e-008
   3.648478608955e-009             -2.00068417870e-008
   3.653728218464e-009             -2.02670139093e-008
   3.658977827973e-009             -2.03927995472e-008
   3.664227437483e-009             -2.00753054009e-008
   3.669477046992e-009             -2.03603541689e-008
   3.674726656501e-009             -2.02561900479e-008
   3.679976266010e-009             -1.98278097040e-008
   3.685225875520e-009             -1.98787008637e-008
   3.690475485029e-009             -1.99383783281e-008
   3.695725094538e-009             -1.99141897068e-008
   3.700974704048e-009             -1.98673212486e-008
   3.706224313557e-009             -1.94198864923e-008
   3.711473923066e-009             -1.93749763526e-008
   3.716723532575e-009             -1.94183251407e-008
   3.721973142085e-009             -1.97383069981e-008
   3.727222751594e-009             -2.02763029354e-008
   3.732472361103e-009             -2.00534457039e-008
   3.737721970613e-009             -2.01425781141e-008
   3.742971580122e-009             -1.96160146692e-008
   3.748221189631e-009             -1.97086667494e-008
   3.753470799140e-009             -2.02469273830e-008
   3.758720408650e-009             -2.05274772442e-008
   3.763970018159e-009             -2.03148087271e-008
   3.769219627668e-009             -2.05612457939e-008
   3.774469237178e-009             -2.05645803160e-008
   3.779718846687e-009             -2.03395794632e-008
   3.784968456196e-009             -2.06384161640e-008
   3.790218065705e-009             -2.06063677526e-008
   3.795467675215e-009             -2.07472116175e-008
   3.800717284724e-009             -2.07548598986e-008
   3.805966894233e-009             -2.06484991239e-008
   3.811216503743e-009             -2.01195540325e-008
   3.816466113252e-009             -1.99279247624e-008
   3.821715722761e-009             -2.00661222844e-008
   3.826965332270e-009             -1.99399661958e-008
   3.832214941780e-009             -1.98627693095e-008
   3.837464551289e-009             -2.01369411838e-008
   3.842714160798e-009             -1.97483634418e-008
   3.847963770308e-009             -2.00736910171e-008
   3.853213379817e-009             -1.99387222627e-008
   3.858462989326e-009             -1.98883339794e-008
   3.863712598836e-009             -2.05198818403e-008
   3.868962208345e-009             -2.03192283955e-008
   3.874211817854e-009             -2.01762143932e-008
   3.879461427363e-009             -2.02488328242e-008
   3.884711036873e-009             -1.96523503233e-008
   3.889960646382e-009             -1.99964412535e-008
   3.895210255891e-009             -2.01704451922e-008
   3.900459865401e-009             -2.00667574315e-008
   3.905709474910e-009             -2.00102293414e-008
   3.910959084419e-009             -2.01838626743e-008
   3.916208693928e-009             -1.97832436540e-008
   3.921458303438e-009             -1.97461933043e-008
   3.926707912947e-009             -1.97001981733e-008
   3.931957522456e-009             -1.97675237637e-008
   3.937207131966e-009             -1.96744482005e-008
   3.942456741475e-009             -1.98364900991e-008
   3.947706350984e-009             -2.00150193056e-008
   3.952955960493e-009             -1.96116215168e-008
   3.958205570003e-009             -1.97379894246e-008
   3.963455179512e-009             -1.97706994991e-008
   3.968704789021e-009             -2.01748647056e-008
   3.973954398531e-009             -2.05625954814e-008
   3.979204008040e-009             -2.01821160198e-008
   3.984453617549e-009             -2.04746541271e-008
   3.989703227058e-009             -1.99082088418e-008
   3.994952836568e-009             -2.00540014576e-008
   4.000202446077e-009             -2.00368524865e-008
   4.005452055586e-009             -2.05595521717e-008
   4.010701665096e-009             -2.06561739211e-008
   4.015951274605e-009             -2.06530245468e-008
   4.021200884114e-009             -2.04016387291e-008
   4.026450493623e-009             -2.01021932423e-008
   4.031700103133e-009             -2.04776710757e-008
   4.036949712642e-009             -2.01600975360e-008
   4.042199322151e-009             -2.00073181473e-008
   4.047448931661e-009             -2.00639256307e-008
   4.052698541170e-009             -1.97290973654e-008
   4.057948150679e-009             -1.97346018701e-008
   4.063197760188e-009             -1.92606233621e-008
   4.068447369698e-009             -1.98118781498e-008
   4.073696979207e-009             -1.97160768503e-008
   4.078946588716e-009             -1.97519626603e-008
   4.084196198226e-009             -1.95518648142e-008
   4.089445807735e-009             -1.94868416319e-008
   4.094695417244e-009             -1.95336043356e-008
   4.099945026753e-009             -1.93525345408e-008
   4.105194636263e-009             -1.97403447100e-008
   4.110444245772e-009             -1.92253992154e-008
   4.115693855281e-009             -1.96577490735e-008
   4.120943464791e-009             -2.00623377630e-008
   4.126193074300e-009             -1.98401950720e-008
   4.131442683809e-009             -2.02053517654e-008
   4.136692293318e-009             -2.02370297260e-008
   4.141941902828e-009             -2.00999702275e-008
   4.147191512337e-009             -2.02148260944e-008
   4.152441121846e-009             -2.04457814511e-008
   4.157690731356e-009             -2.03536586084e-008
   4.162940340865e-009             -2.02263381352e-008
   4.168189950374e-009             -1.98220670192e-008
   4.173439559883e-009             -2.03060754547e-008
   4.178689169393e-009             -2.06849937199e-008
   4.183938778902e-009             -2.02664317946e-008
   4.189188388411e-009             -2.03744331591e-008
   4.194437997921e-009             -2.05047970972e-008
   4.199687607430e-009             -2.03836427918e-008
   4.204937216939e-009             -2.00130609871e-008
   4.210186826448e-009             -2.01638555413e-008
   4.215436435958e-009             -2.04283412675e-008
   4.220686045467e-009             -2.03079015026e-008
   4.225935654976e-009             -1.98948177209e-008
   4.231185264486e-009             -1.99250931167e-008
   4.236434873995e-009             -1.95897619749e-008
   4.241684483504e-009             -1.98431591434e-008
   4.246934093013e-009             -1.97119747554e-008
   4.252183702523e-009             -1.95284702818e-008
   4.257433312032e-009             -1.94595303075e-008
   4.262682921541e-009             -1.93286371319e-008
   4.267932531051e-009             -1.90149538681e-008
   4.273182140560e-009             -1.91831354184e-008
   4.278431750069e-009             -1.94074747631e-008
   4.283681359578e-009             -1.91981407682e-008
   4.288930969088e-009             -2.01668194576e-008
   4.294180578597e-009             -1.97859430290e-008
   4.299430188106e-009             -1.99456825195e-008
   4.304679797616e-009             -1.98002601994e-008
   4.309929407125e-009             -1.97126629348e-008
   4.315179016634e-009             -2.02074159934e-008
   4.320428626144e-009             -2.00794867342e-008
   4.325678235653e-009             -2.04262770395e-008
   4.330927845162e-009             -2.02712747910e-008
   4.336177454671e-009             -2.00718120920e-008
   4.341427064181e-009             -1.98139688939e-008
   4.346676673690e-009             -1.98293181783e-008
   4.351926283199e-009             -2.03261884973e-008
   4.357175892709e-009             -1.99622492208e-008
   4.362425502218e-009             -2.04588548435e-008
   4.367675111727e-009             -2.02151700290e-008
   4.372924721236e-009             -1.97422501512e-008
   4.378174330746e-009             -1.96971547086e-008
   4.383423940255e-009             -1.99140574362e-008
   4.388673549764e-009             -1.98592494844e-008
   4.393923159274e-009             -2.04711079409e-008
   4.399172768783e-009             -2.04787297058e-008
   4.404422378292e-009             -2.04267270387e-008
   4.409671987801e-009             -2.02619857650e-008
   4.414921597311e-009             -2.01293988122e-008
   4.420171206820e-009             -2.00559599312e-008
   4.425420816329e-009             -2.03186196095e-008
   4.430670425839e-009             -2.05407359395e-008
   4.435920035348e-009             -2.02402848548e-008
   4.441169644857e-009             -1.98681945758e-008
   4.446419254366e-009             -1.97014154352e-008
   4.451668863876e-009             -1.97035590566e-008
   4.456918473385e-009             -1.95319370745e-008
   4.462168082894e-009             -1.97223489277e-008
   4.467417692404e-009             -1.98778805688e-008
   4.472667301913e-009             -1.95115594908e-008
   4.477916911422e-009             -1.93147696506e-008
   4.483166520931e-009             -1.92832241157e-008
   4.488416130441e-009             -1.95430521484e-008
   4.493665739950e-009             -2.00222441036e-008
   4.498915349459e-009             -1.99711412799e-008
   4.504164958969e-009             -1.99861201135e-008
   4.509414568478e-009             -1.97891451255e-008
   4.514664177987e-009             -2.00853089674e-008
   4.519913787496e-009             -1.98441118640e-008
   4.525163397006e-009             -2.00472530199e-008
   4.530413006515e-009             -2.04252714416e-008
   4.535662616024e-009             -2.05318702414e-008
   4.540912225534e-009             -2.01376026919e-008
   4.546161835043e-009             -2.00878230396e-008
   4.551411444552e-009             -2.02592333576e-008
   4.556661054061e-009             -1.99572474375e-008
   4.561910663571e-009             -1.97190672828e-008
   4.567160273080e-009             -2.04617130053e-008
   4.572409882589e-009             -2.08252024376e-008
   4.577659492099e-009             -2.01343475632e-008
   4.582909101608e-009             -2.02779701965e-008
   4.588158711117e-009             -1.99981879080e-008
   4.593408320626e-009             -1.99888725209e-008
   4.598657930136e-009             -2.05634688086e-008
   4.603907539645e-009             -1.99940594520e-008
   4.609157149154e-009             -1.98905569942e-008
   4.614406758664e-009             -1.98807916079e-008
   4.619656368173e-009             -1.98094169548e-008
   4.624905977682e-009             -1.95938373986e-008
   4.630155587191e-009             -1.95324399510e-008
   4.635405196701e-009             -1.92246052815e-008
   4.640654806210e-009             -1.96504448821e-008
   4.645904415719e-009             -1.97379363923e-008
   4.651154025229e-009             -1.91274806556e-008
   4.656403634738e-009             -1.93998793593e-008
   4.661653244247e-009             -1.95154232505e-008
   4.666902853756e-009             -1.94566456295e-008
   4.672152463266e-009             -1.96755068306e-008
   4.677402072775e-009             -2.00058096730e-008
   4.682651682284e-009             -1.97195965203e-008
   4.687901291794e-009             -1.96325019771e-008
   4.693150901303e-009             -1.93881027772e-008
   4.698400510812e-009             -1.98182031044e-008
   4.703650120321e-009             -2.02609800121e-008
   4.708899729831e-009             -2.04171204391e-008
   4.714149339340e-009             -2.00562509885e-008
   4.719398948849e-009             -2.03239389663e-008
   4.724648558359e-009             -2.04300085286e-008
   4.729898167868e-009             -2.03848867249e-008
   4.735147777377e-009             -2.07163275908e-008
   4.740397386887e-009             -2.06522306130e-008
   4.745646996396e-009             -2.06588202639e-008
   4.750896605905e-009             -2.04507302020e-008
   4.756146215414e-009             -2.05358135496e-008
   4.761395824924e-009             -2.05069407186e-008
   4.766645434433e-009             -2.04640682907e-008
   4.771895043942e-009             -2.01332625719e-008
   4.777144653452e-009             -2.06102315124e-008
   4.782394262961e-009             -2.01931780614e-008
   4.787643872470e-009             -2.00734528369e-008
   4.792893481979e-009             -1.92116112825e-008
   4.798143091489e-009             -1.92476558793e-008
   4.803392700998e-009             -1.96394622339e-008
   4.808642310507e-009             -1.96247214254e-008
   4.813891920017e-009             -1.95352981129e-008
   4.819141529526e-009             -1.96073607902e-008
   4.824391139035e-009             -1.95006825970e-008
   4.829640748544e-009             -1.94110209493e-008
   4.834890358054e-009             -1.91254958210e-008
   4.840139967563e-009             -1.89784063949e-008
   4.845389577072e-009             -1.92697801175e-008
   4.850639186582e-009             -2.00847797299e-008
   4.855888796091e-009             -1.98281803098e-008
   4.861138405600e-009             -1.97699584425e-008
   4.866388015109e-009             -1.99305447441e-008
   4.871637624619e-009             -1.96356513514e-008
   4.876887234128e-009             -1.97071317589e-008
   4.882136843637e-009             -1.95512561832e-008
   4.887386453147e-009             -2.00028192405e-008
   4.892636062656e-009             -1.96828638993e-008
   4.897885672165e-009             -1.93945865186e-008
   4.903135281674e-009             -1.96691817209e-008
   4.908384891184e-009             -1.97330405185e-008
   4.913634500693e-009             -2.02671726961e-008
   4.918884110202e-009             -1.97504011537e-008
   4.924133719712e-009             -1.99818859030e-008
   4.929383329221e-009             -2.01300603204e-008
   4.934632938730e-009             -2.02371619966e-008
   4.939882548239e-009             -2.02144820047e-008
   4.945132157749e-009             -2.09897584084e-008
   4.950381767258e-009             -2.09299751896e-008
   4.955631376767e-009             -2.11984571012e-008
   4.960880986277e-009             -2.08789517592e-008
   4.966130595786e-009             -2.04254302284e-008
   4.971380205295e-009             -2.07078590147e-008
   4.976629814804e-009             -2.05683648374e-008
   4.981879424314e-009             -2.03808905395e-008
   4.987129033823e-009             -2.04353544015e-008
   4.992378643332e-009             -2.03734010451e-008
   4.997628252842e-009             -2.02429313526e-008
   5.002877862351e-009             -1.97985135449e-008
   5.008127471860e-009             -1.96042115710e-008
   5.013377081369e-009             -1.97608282033e-008
   5.018626690879e-009             -1.97745367427e-008
   5.023876300388e-009             -1.98536390702e-008
   5.029125909897e-009             -1.99433007180e-008
   5.034375519407e-009             -1.98366488859e-008
   5.039625128916e-009             -1.98121957233e-008
   5.044874738425e-009             -1.95553052459e-008
   5.050124347934e-009             -1.95542994929e-008
   5.055373957444e-009             -1.98937856068e-008
   5.060623566953e-009             -1.98481874428e-008
   5.065873176462e-009             -1.98055531951e-008
   5.071122785972e-009             -1.96037880879e-008
   5.076372395481e-009             -1.95340278187e-008
   5.081622004990e-009             -1.94151494053e-008
   5.086871614499e-009             -1.98060824327e-008
   5.092121224009e-009             -1.96892947634e-008
   5.097370833518e-009             -2.00234350044e-008
   5.102620443027e-009             -1.93765907364e-008
   5.107870052537e-009             -1.93055071408e-008
   5.113119662046e-009             -1.93829156910e-008
   5.118369271555e-009             -1.96656090186e-008
   5.123618881064e-009             -1.99634136054e-008
   5.128868490574e-009             -1.99554213897e-008
   5.134118100083e-009             -2.05456846904e-008
   5.139367709592e-009             -2.03412997565e-008
   5.144617319102e-009             -2.05783684039e-008
   5.149866928611e-009             -2.00527841958e-008
   5.155116538120e-009             -2.02680196623e-008
   5.160366147629e-009             -2.02528818868e-008
   5.165615757139e-009             -2.06166888927e-008
   5.170865366648e-009             -2.03271677340e-008
   5.176114976157e-009             -1.98937856068e-008
   5.181364585667e-009             -1.98772454217e-008
   5.186614195176e-009             -1.99825739273e-008
   5.191863804685e-009             -1.97582347377e-008
   5.197113414195e-009             -1.98614461381e-008
   5.202363023704e-009             -1.96389328413e-008
   5.207612633213e-009             -1.93692600288e-008
   5.212862242722e-009             -1.96099013785e-008
   5.218111852232e-009             -1.95090717797e-008
   5.223361461741e-009             -2.00016018236e-008
   5.228611071250e-009             -2.01362266433e-008
   5.233860680760e-009             -2.02214157453e-008
   5.239110290269e-009             -1.98242106406e-008
   5.244359899778e-009             -2.00257904449e-008
