# Atom Manipulation               
# 
# Sample                          Ag(111)
# Data set                        -
# Creation Comment                
# Gap voltage                     -1.000e-004 V
# Gap voltage range in Volt       -1;1
# Feedback loop enabled           No
# Regulator setpoint              1.000e-009 A
# Pre-amplifier range             0;3.33e-007
# Loop gain                       7.000e+000 %
# Z-axis offset                   -8.000e-010 m
# Parameter mode                  V before Z
# Raster time                     1.000e-003 seconds
# Channel name and data unit      I(r) [A]
# Manipulation vector: start      2.784e+001, 9.238e+000 [nm]
#                      end        1.693e+001, 9.424e+000 [nm]
# 
# 
#            Position                              I(r)
# -------------------             ---------------------
   0.00000000000e+000             -2.4682477011583e-008
   1.09135851121e-011             -2.4577598350106e-008
   2.18271702243e-011             -2.4562487245887e-008
   3.27407553364e-011             -2.4688166974213e-008
   4.36543404486e-011             -2.4667656964754e-008
   5.45679255607e-011             -2.4437680844795e-008
   6.54815106729e-011             -2.4536022732559e-008
   7.63950957850e-011             -2.4557220766332e-008
   8.73086808971e-011             -2.4519429515111e-008
   9.82222660093e-011             -2.4527818697762e-008
   1.09135851121e-010             -2.4443423529594e-008
   1.20049436234e-010             -2.4599775620648e-008
   1.30963021346e-010             -2.4459937353657e-008
   1.41876606458e-010             -2.4349104188311e-008
   1.52790191570e-010             -2.4370778582394e-008
   1.63703776682e-010             -2.4436807517561e-008
   1.74617361794e-010             -2.4545523422599e-008
   1.85530946906e-010             -2.4610334940843e-008
   1.96444532019e-010             -2.4639366403573e-008
   2.07358117131e-010             -2.4685890927135e-008
   2.18271702243e-010             -2.4619359270573e-008
   2.29185287355e-010             -2.4664401835972e-008
   2.40098872467e-010             -2.4767295662826e-008
   2.51012457579e-010             -2.4826311463971e-008
   2.61926042691e-010             -2.4793230783544e-008
   2.72839627804e-010             -2.4667445300749e-008
   2.83753212916e-010             -2.4660088077036e-008
   2.94666798028e-010             -2.4801831785266e-008
   3.05580383140e-010             -2.4701954907038e-008
   3.16493968252e-010             -2.4766528245127e-008
   3.27407553364e-010             -2.4633755989394e-008
   3.38321138476e-010             -2.4737946626556e-008
   3.49234723589e-010             -2.4746838685667e-008
   3.60148308701e-010             -2.4557511823722e-008
   3.71061893813e-010             -2.4592471429236e-008
   3.81975478925e-010             -2.4751681682147e-008
   3.92889064037e-010             -2.4716219200174e-008
   4.03802649149e-010             -2.4602713175890e-008
   4.14716234261e-010             -2.4722967637892e-008
   4.25629819374e-010             -2.4598875777264e-008
   4.36543404486e-010             -2.4753322427081e-008
   4.47456989598e-010             -2.4522261160818e-008
   4.58370574710e-010             -2.4719686148025e-008
   4.69284159822e-010             -2.4741254632573e-008
   4.80197744934e-010             -2.4746335809208e-008
   4.91111330046e-010             -2.4560978771573e-008
   5.02024915159e-010             -2.4599272744189e-008
   5.12938500271e-010             -2.4888926328521e-008
   5.23852085383e-010             -2.4654186605468e-008
   5.34765670495e-010             -2.4862620601963e-008
   5.45679255607e-010             -2.4854496115617e-008
   5.56592840719e-010             -2.4729874862380e-008
   5.67506425831e-010             -2.4876964443549e-008
   5.78420010944e-010             -2.4676337359860e-008
   5.89333596056e-010             -2.4653022065779e-008
   6.00247181168e-010             -2.4748611701220e-008
   6.11160766280e-010             -2.4789022934144e-008
   6.22074351392e-010             -2.4642303958815e-008
   6.32987936504e-010             -2.4860635767340e-008
   6.43901521616e-010             -2.4718733427406e-008
   6.54815106729e-010             -2.4608164803300e-008
   6.65728691841e-010             -2.4751443501993e-008
   6.76642276953e-010             -2.4830016436912e-008
   6.87555862065e-010             -2.4993090449534e-008
   6.98469447177e-010             -2.4810856114996e-008
   7.09383032289e-010             -2.4681418536495e-008
   7.20296617401e-010             -2.4823109212424e-008
   7.31210202514e-010             -2.4843513312348e-008
   7.42123787626e-010             -2.4615310207942e-008
   7.53037372738e-010             -2.4800482097722e-008
   7.63950957850e-010             -2.4790478531222e-008
   7.74864542962e-010             -2.4748161857061e-008
   7.85778128074e-010             -2.4652572221619e-008
   7.96691713186e-010             -2.4564313293740e-008
   8.07605298299e-010             -2.4665328040441e-008
   8.18518883411e-010             -2.4735961791934e-008
   8.29432468523e-010             -2.4687002434524e-008
   8.40346053635e-010             -2.4673320411233e-008
   8.51259638747e-010             -2.4886650436509e-008
   8.62173223859e-010             -2.4658262029183e-008
   8.73086808971e-010             -2.4520117539425e-008
   8.84000394084e-010             -2.4539648312115e-008
   8.94913979196e-010             -2.4732150909457e-008
   9.05827564308e-010             -2.4783174339810e-008
   9.16741149420e-010             -2.4792807455535e-008
   9.27654734532e-010             -2.4703595651972e-008
   9.38568319644e-010             -2.4806119028051e-008
   9.49481904756e-010             -2.4811597171611e-008
   9.60395489869e-010             -2.4690416350075e-008
   9.71309074981e-010             -2.4851902494999e-008
   9.82222660093e-010             -2.4848859185287e-008
   9.93136245205e-010             -2.4858650932717e-008
   1.00404983032e-009             -2.4780580874258e-008
   1.01496341543e-009             -2.4642277597730e-008
   1.02587700054e-009             -2.4687373040363e-008
   1.03679058565e-009             -2.4844783606507e-008
   1.04770417077e-009             -2.4775076214548e-008
   1.05861775588e-009             -2.4744324458435e-008
   1.06953134099e-009             -2.4983616120579e-008
   1.08044492610e-009             -2.4955457985083e-008
   1.09135851121e-009             -2.4710661663229e-008
   1.10227209633e-009             -2.4799926344028e-008
   1.11318568144e-009             -2.5000262370327e-008
   1.12409926655e-009             -2.5024503713812e-008
   1.13501285166e-009             -2.4938626587480e-008
   1.14592643678e-009             -2.4833430352463e-008
   1.15684002189e-009             -2.4830916280296e-008
   1.16775360700e-009             -2.5069281582906e-008
   1.17866719211e-009             -2.4845339360201e-008
   1.18958077722e-009             -2.5062215571648e-008
   1.20049436234e-009             -2.5068725829211e-008
   1.21140794745e-009             -2.4927352726822e-008
   1.22232153256e-009             -2.4925394408349e-008
   1.23323511767e-009             -2.4705686396130e-008
   1.24414870278e-009             -2.4759912078029e-008
   1.25506228790e-009             -2.4772562142381e-008
   1.26597587301e-009             -2.4716510412629e-008
   1.27688945812e-009             -2.4719103878181e-008
   1.28780304323e-009             -2.4949556358449e-008
   1.29871662835e-009             -2.4664692893362e-008
   1.30963021346e-009             -2.4581541658267e-008
   1.32054379857e-009             -2.4638678379258e-008
   1.33145738368e-009             -2.4785423870738e-008
   1.34237096879e-009             -2.4722385523112e-008
   1.35328455391e-009             -2.4702695963653e-008
   1.36419813902e-009             -2.4649978756067e-008
   1.37511172413e-009             -2.4769915644529e-008
   1.38602530924e-009             -2.4867992991053e-008
   1.39693889435e-009             -2.4677845834173e-008
   1.40785247947e-009             -2.4831048550916e-008
   1.41876606458e-009             -2.4829328412597e-008
   1.42967964969e-009             -2.4714049217696e-008
   1.44059323480e-009             -2.4698091147327e-008
   1.45150681992e-009             -2.4632115244460e-008
   1.46242040503e-009             -2.4642145172045e-008
   1.47333399014e-009             -2.4805245700817e-008
   1.48424757525e-009             -2.4751919862302e-008
   1.49516116036e-009             -2.4689304842686e-008
   1.50607474548e-009             -2.4928331963591e-008
   1.51698833059e-009             -2.4628780722294e-008
   1.52790191570e-009             -2.4622085161811e-008
   1.53881550081e-009             -2.4747076865822e-008
   1.54972908592e-009             -2.4886676797593e-008
   1.56064267104e-009             -2.4741942656887e-008
   1.57155625615e-009             -2.4805695544977e-008
   1.58246984126e-009             -2.4808077346524e-008
   1.59338342637e-009             -2.4751443501993e-008
   1.60429701149e-009             -2.4818504396099e-008
   1.61521059660e-009             -2.4603480593590e-008
   1.62612418171e-009             -2.4856401556855e-008
   1.63703776682e-009             -2.4843883763122e-008
   1.64795135193e-009             -2.4729345624835e-008
   1.65886493705e-009             -2.4725587619594e-008
   1.66977852216e-009             -2.4662999271194e-008
   1.68069210727e-009             -2.4489207151607e-008
   1.69160569238e-009             -2.4670144675836e-008
   1.70251927749e-009             -2.4629389353223e-008
   1.71343286261e-009             -2.4514798182636e-008
   1.72434644772e-009             -2.4691104529455e-008
   1.73526003283e-009             -2.4648708461908e-008
   1.74617361794e-009             -2.4548672796911e-008
   1.75708720306e-009             -2.4621952891191e-008
   1.76800078817e-009             -2.4657600521019e-008
   1.77891437328e-009             -2.4790663834142e-008
   1.78982795839e-009             -2.4666598334600e-008
   1.80074154350e-009             -2.4745568391509e-008
   1.81165512862e-009             -2.4796327125556e-008
   1.82256871373e-009             -2.4977952829165e-008
   1.83348229884e-009             -2.4499263595342e-008
   1.84439588395e-009             -2.4979143729938e-008
   1.85530946906e-009             -2.4869130859526e-008
   1.86622305418e-009             -2.4856560343624e-008
   1.87713663929e-009             -2.4675834483400e-008
   1.88805022440e-009             -2.4717568887717e-008
   1.89896380951e-009             -2.4699731892261e-008
   1.90987739463e-009             -2.4737073299322e-008
   1.92079097974e-009             -2.4583605886275e-008
   1.93170456485e-009             -2.4385995751213e-008
   1.94261814996e-009             -2.4785820837662e-008
   1.95353173507e-009             -2.4576513358867e-008
   1.96444532019e-009             -2.4408146505606e-008
   1.97535890530e-009             -2.4587760703376e-008
   1.98627249041e-009             -2.4723443998201e-008
   1.99718607552e-009             -2.4654027818698e-008
   2.00809966063e-009             -2.4574555040394e-008
   2.01901324575e-009             -2.4530809285304e-008
   2.02992683086e-009             -2.4670224069221e-008
   2.04084041597e-009             -2.4595885344787e-008
   2.05175400108e-009             -2.4322057560204e-008
   2.06266758620e-009             -2.4528506877142e-008
   2.07358117131e-009             -2.4469835165687e-008
   2.08449475642e-009             -2.4551954286778e-008
   2.09540834153e-009             -2.4416297508102e-008
   2.10632192664e-009             -2.4488095644218e-008
   2.11723551176e-009             -2.4437416148490e-008
   2.12814909687e-009             -2.4588687062910e-008
   2.13906268198e-009             -2.4648708461908e-008
   2.14997626709e-009             -2.4503418567508e-008
   2.16088985220e-009             -2.4791987005536e-008
   2.17180343732e-009             -2.4634338259238e-008
   2.18271702243e-009             -2.4471449394470e-008
   2.19363060754e-009             -2.4645770906666e-008
   2.20454419265e-009             -2.4800534974957e-008
   2.21545777777e-009             -2.4754486811704e-008
   2.22637136288e-009             -2.4691871947154e-008
   2.23728494799e-009             -2.4712858316922e-008
   2.24819853310e-009             -2.4615733691017e-008
   2.25911211821e-009             -2.4753375304315e-008
   2.27002570333e-009             -2.4564816015134e-008
   2.28093928844e-009             -2.4789896261378e-008
   2.29185287355e-009             -2.4710264696305e-008
   2.30276645866e-009             -2.4816466684241e-008
   2.31368004377e-009             -2.4635555521097e-008
   2.32459362889e-009             -2.4589348571074e-008
   2.33550721400e-009             -2.4650481477461e-008
   2.34642079911e-009             -2.4889032238056e-008
   2.35733438422e-009             -2.4860688799640e-008
   2.36824796934e-009             -2.4536075609794e-008
   2.37916155445e-009             -2.4735617702244e-008
   2.39007513956e-009             -2.4677316441564e-008
   2.40098872467e-009             -2.4659585355642e-008
   2.41190230978e-009             -2.4657944455644e-008
   2.42281589490e-009             -2.4666598334600e-008
   2.43372948001e-009             -2.4753666516770e-008
   2.44464306512e-009             -2.4640107460187e-008
   2.45555665023e-009             -2.4532820481012e-008
   2.46647023534e-009             -2.4718786304641e-008
   2.47738382046e-009             -2.4772826683620e-008
   2.48829740557e-009             -2.4463007334584e-008
   2.49921099068e-009             -2.4688405154367e-008
   2.51012457579e-009             -2.4877731861248e-008
   2.52103816091e-009             -2.4817816371784e-008
   2.53195174602e-009             -2.4569129774070e-008
   2.54286533113e-009             -2.4673505559088e-008
   2.55377891624e-009             -2.4703992618896e-008
   2.56469250135e-009             -2.4720850532649e-008
   2.57560608647e-009             -2.4723999751896e-008
   2.58651967158e-009             -2.4727704879902e-008
   2.59743325669e-009             -2.4843063468188e-008
   2.60834684180e-009             -2.4839464249717e-008
   2.61926042691e-009             -2.4632009334925e-008
   2.63017401203e-009             -2.4862699995348e-008
   2.64108759714e-009             -2.4925606072353e-008
   2.65200118225e-009             -2.4910044968909e-008
   2.66291476736e-009             -2.4884824388655e-008
   2.67382835248e-009             -2.4749829118144e-008
   2.68474193759e-009             -2.4757503760331e-008
   2.69565552270e-009             -2.4858545178247e-008
   2.70656910781e-009             -2.4645082727287e-008
   2.71748269292e-009             -2.4881489866489e-008
   2.72839627804e-009             -2.4877096714168e-008
   2.73930986315e-009             -2.4811517778226e-008
   2.75022344826e-009             -2.4544941307820e-008
   2.76113703337e-009             -2.4799423467568e-008
   2.77205061848e-009             -2.4718151157562e-008
   2.78296420360e-009             -2.4861059250415e-008
   2.79387778871e-009             -2.4614886879933e-008
   2.80479137382e-009             -2.4604142256819e-008
   2.81570495893e-009             -2.4795268650468e-008
   2.82661854405e-009             -2.4619835630883e-008
   2.83753212916e-009             -2.4570532338848e-008
   2.84844571427e-009             -2.4744615670890e-008
   2.85935929938e-009             -2.4773091379925e-008
   2.87027288449e-009             -2.4743901130425e-008
   2.88118646961e-009             -2.4691289677309e-008
   2.89210005472e-009             -2.4597579122021e-008
   2.90301363983e-009             -2.4694571322241e-008
   2.91392722494e-009             -2.4842851649118e-008
   2.92484081005e-009             -2.4423390035510e-008
   2.93575439517e-009             -2.4828110995674e-008
   2.94666798028e-009             -2.4773938191009e-008
   2.95758156539e-009             -2.4688563941137e-008
   2.96849515050e-009             -2.4591783404922e-008
   2.97940873562e-009             -2.4704045651196e-008
   2.99032232073e-009             -2.4679989455566e-008
   3.00123590584e-009             -2.4711032269069e-008
   3.01214949095e-009             -2.4677475228334e-008
   3.02306307606e-009             -2.4764834467894e-008
   3.03397666118e-009             -2.4852511280994e-008
   3.04489024629e-009             -2.4739375707485e-008
   3.05580383140e-009             -2.4740672362729e-008
   3.06671741651e-009             -2.4893742808851e-008
   3.07763100162e-009             -2.4967816836980e-008
   3.08854458674e-009             -2.4914490998465e-008
   3.09945817185e-009             -2.4917031586782e-008
   3.11037175696e-009             -2.4752555009381e-008
   3.12128534207e-009             -2.4851876133914e-008
   3.13219892719e-009             -2.4883024701887e-008
   3.14311251230e-009             -2.4832265967839e-008
   3.15402609741e-009             -2.4796882879251e-008
   3.16493968252e-009             -2.4845180573431e-008
   3.17585326763e-009             -2.4612028718076e-008
   3.18676685275e-009             -2.4443423529594e-008
   3.19768043786e-009             -2.4476133604181e-008
   3.20859402297e-009             -2.4433843446169e-008
   3.21950760808e-009             -2.4663951991813e-008
   3.23042119319e-009             -2.4536472576719e-008
   3.24133477831e-009             -2.4496114376095e-008
   3.25224836342e-009             -2.4814481849618e-008
   3.26316194853e-009             -2.4687664097753e-008
   3.27407553364e-009             -2.4503392051358e-008
   3.28498911876e-009             -2.4775314394703e-008
   3.29590270387e-009             -2.4727651847602e-008
   3.30681628898e-009             -2.4747182620292e-008
   3.31772987409e-009             -2.4819906960877e-008
   3.32864345920e-009             -2.4550922172774e-008
   3.33955704432e-009             -2.4673320411233e-008
   3.35047062943e-009             -2.4599405169874e-008
   3.36138421454e-009             -2.4597843663260e-008
   3.37229779965e-009             -2.4726381553443e-008
   3.38321138476e-009             -2.4755121958784e-008
   3.39412496988e-009             -2.4743504163501e-008
   3.40503855499e-009             -2.4597393819101e-008
   3.41595214010e-009             -2.4580959388423e-008
   3.42686572521e-009             -2.4828534478748e-008
   3.43777931033e-009             -2.4687108344059e-008
   3.44869289544e-009             -2.4707671230753e-008
   3.45960648055e-009             -2.4763961140660e-008
   3.47052006566e-009             -2.4762452666346e-008
   3.48143365077e-009             -2.4693645117772e-008
   3.49234723589e-009             -2.4739931461179e-008
   3.50326082100e-009             -2.4857539425328e-008
   3.51417440611e-009             -2.4767454449596e-008
   3.52508799122e-009             -2.4806251298671e-008
   3.53600157633e-009             -2.4738687528106e-008
   3.54691516145e-009             -2.4672632231853e-008
   3.55782874656e-009             -2.4589957357069e-008
   3.56874233167e-009             -2.4735432399324e-008
   3.57965591678e-009             -2.4644844547132e-008
   3.59056950190e-009             -2.4659003085798e-008
   3.60148308701e-009             -2.4760494347873e-008
   3.61239667212e-009             -2.4732389089612e-008
   3.62331025723e-009             -2.4576751539022e-008
   3.63422384234e-009             -2.4589401603374e-008
   3.64513742746e-009             -2.4667868628758e-008
   3.65605101257e-009             -2.4671441331080e-008
   3.66696459768e-009             -2.4627907395060e-008
   3.67787818279e-009             -2.4686155623440e-008
   3.68879176790e-009             -2.4708729860907e-008
   3.69970535302e-009             -2.4580350757494e-008
   3.71061893813e-009             -2.4553489277241e-008
   3.72153252324e-009             -2.4777378622711e-008
   3.73244610835e-009             -2.4841263781420e-008
   3.74335969347e-009             -2.4818927879173e-008
   3.75427327858e-009             -2.4802784505885e-008
   3.76518686369e-009             -2.4613695979159e-008
   3.77610044880e-009             -2.4632459179085e-008
   3.78701403391e-009             -2.4791510645226e-008
   3.79792761903e-009             -2.4624943323668e-008
   3.80884120414e-009             -2.4745197785669e-008
   3.81975478925e-009             -2.4728578207136e-008
   3.83066837436e-009             -2.4740540092109e-008
   3.84158195947e-009             -2.4611472964382e-008
   3.85249554459e-009             -2.4668927258912e-008
   3.86340912970e-009             -2.4647411651599e-008
   3.87432271481e-009             -2.4738581773636e-008
   3.88523629992e-009             -2.4697429484098e-008
   3.89614988504e-009             -2.4628330723069e-008
   3.90706347015e-009             -2.4762055699422e-008
   3.91797705526e-009             -2.4735088464699e-008
   3.92889064037e-009             -2.4550101877840e-008
   3.93980422548e-009             -2.4816334258556e-008
   3.95071781060e-009             -2.4818477879949e-008
   3.96163139571e-009             -2.4702669447503e-008
   3.97254498082e-009             -2.4725587619594e-008
   3.98345856593e-009             -2.4641007303571e-008
   3.99437215104e-009             -2.4767269146676e-008
   4.00528573616e-009             -2.4725534742359e-008
   4.01619932127e-009             -2.4748611701220e-008
   4.02711290638e-009             -2.4731833335918e-008
   4.03802649149e-009             -2.4777960892555e-008
   4.04894007661e-009             -2.4663422599203e-008
   4.05985366172e-009             -2.4616871714556e-008
   4.07076724683e-009             -2.4659479446107e-008
   4.08168083194e-009             -2.4579556823644e-008
   4.09259441705e-009             -2.4758535874335e-008
   4.10350800217e-009             -2.4655059932702e-008
   4.11442158728e-009             -2.4639922157267e-008
   4.12533517239e-009             -2.4657521127634e-008
   4.13624875750e-009             -2.4536896059793e-008
   4.14716234261e-009             -2.4523690241747e-008
   4.15807592773e-009             -2.4741651599498e-008
   4.16898951284e-009             -2.4744165671665e-008
   4.17990309795e-009             -2.4781216021337e-008
   4.19081668306e-009             -2.4786191288437e-008
   4.20173026818e-009             -2.4693353905317e-008
   4.21264385329e-009             -2.4798550140334e-008
   4.22355743840e-009             -2.4700843399650e-008
   4.23447102351e-009             -2.4579636217029e-008
   4.24538460862e-009             -2.4746150506288e-008
   4.25629819374e-009             -2.4719606754640e-008
   4.26721177885e-009             -2.4725772922514e-008
   4.27812536396e-009             -2.4653524942238e-008
   4.28903894907e-009             -2.4514798182636e-008
   4.29995253418e-009             -2.4552377769852e-008
   4.31086611930e-009             -2.4715981020019e-008
   4.32177970441e-009             -2.4537187117183e-008
   4.33269328952e-009             -2.4532555939773e-008
   4.34360687463e-009             -2.4640319124192e-008
   4.35452045975e-009             -2.4605491944363e-008
   4.36543404486e-009             -2.4595673680783e-008
   4.37634762997e-009             -2.4793627750469e-008
   4.38726121508e-009             -2.4892657817612e-008
   4.39817480019e-009             -2.4742763106886e-008
   4.40908838531e-009             -2.4784047667044e-008
   4.42000197042e-009             -2.4611949324691e-008
   4.43091555553e-009             -2.4817419404860e-008
   4.44182914064e-009             -2.4747473832747e-008
   4.45274272575e-009             -2.4587601916606e-008
   4.46365631087e-009             -2.4821547860876e-008
   4.47456989598e-009             -2.4785159174433e-008
   4.48548348109e-009             -2.4645109243437e-008
   4.49639706620e-009             -2.4568785684380e-008
   4.50731065132e-009             -2.4489471692847e-008
   4.51822423643e-009             -2.4538828017181e-008
   4.52913782154e-009             -2.4675834483400e-008
   4.54005140665e-009             -2.4673135108313e-008
   4.55096499176e-009             -2.4701002186419e-008
   4.56187857688e-009             -2.4843142861573e-008
   4.57279216199e-009             -2.4639948673417e-008
   4.58370574710e-009             -2.4660908527036e-008
   4.59461933221e-009             -2.4971019088527e-008
   4.60553291732e-009             -2.4869395555831e-008
   4.61644650244e-009             -2.4764516894354e-008
   4.62736008755e-009             -2.4853966723007e-008
   4.63827367266e-009             -2.4860503496720e-008
   4.64918725777e-009             -2.4658288545333e-008
   4.66010084289e-009             -2.4925897129743e-008
   4.67101442800e-009             -2.4796036068167e-008
   4.68192801311e-009             -2.4970939695142e-008
   4.69284159822e-009             -2.4822129975655e-008
   4.70375518333e-009             -2.4809453550218e-008
   4.71466876845e-009             -2.4922615639877e-008
   4.72558235356e-009             -2.4811570655461e-008
   4.73649593867e-009             -2.4689807719146e-008
   4.74740952378e-009             -2.4827581758129e-008
   4.75832310889e-009             -2.4550710508769e-008
   4.76923669401e-009             -2.4629098295833e-008
   4.78015027912e-009             -2.4701240366574e-008
   4.79106386423e-009             -2.4724873079130e-008
   4.80197744934e-009             -2.4626557707516e-008
   4.81289103446e-009             -2.4771476996077e-008
   4.82380461957e-009             -2.4890725860224e-008
   4.83471820468e-009             -2.4807786289135e-008
   4.84563178979e-009             -2.4870851152910e-008
   4.85654537490e-009             -2.4691792553769e-008
   4.86745896002e-009             -2.4795665617392e-008
   4.87837254513e-009             -2.4760891314798e-008
   4.88928613024e-009             -2.4586887376142e-008
   4.90019971535e-009             -2.4795903797547e-008
   4.91111330046e-009             -2.4628119059064e-008
   4.92202688558e-009             -2.4762690846501e-008
   4.93294047069e-009             -2.4712064383073e-008
   4.94385405580e-009             -2.4610546604847e-008
   4.95476764091e-009             -2.4760785405263e-008
   4.96568122603e-009             -2.4855739893625e-008
   4.97659481114e-009             -2.4685096993286e-008
   4.98750839625e-009             -2.4740619485494e-008
   4.99842198136e-009             -2.4851611437610e-008
   5.00933556647e-009             -2.4798179689559e-008
   5.02024915159e-009             -2.4654080695933e-008
   5.03116273670e-009             -2.4896495216238e-008
   5.04207632181e-009             -2.5075765479384e-008
   5.05298990692e-009             -2.4868733892602e-008
   5.06390349203e-009             -2.4911606320458e-008
   5.07481707715e-009             -2.4866140427050e-008
   5.08573066226e-009             -2.4985177627192e-008
   5.09664424737e-009             -2.4813687915769e-008
   5.10755783248e-009             -2.4711111662454e-008
   5.11847141760e-009             -2.4898559444246e-008
   5.12938500271e-009             -2.4872491897843e-008
   5.14029858782e-009             -2.4660432166726e-008
   5.15121217293e-009             -2.4655086293787e-008
   5.16212575804e-009             -2.4694888895781e-008
   5.17303934316e-009             -2.4709153188916e-008
   5.18395292827e-009             -2.4849970692676e-008
   5.19486651338e-009             -2.4780580874258e-008
   5.20578009849e-009             -2.4849494332367e-008
   5.21669368360e-009             -2.4704257315201e-008
   5.22760726872e-009             -2.4778516646250e-008
   5.23852085383e-009             -2.4491483043620e-008
   5.24943443894e-009             -2.4698699778257e-008
   5.26034802405e-009             -2.4947465769356e-008
   5.27126160917e-009             -2.4777405138861e-008
   5.28217519428e-009             -2.4754433934469e-008
   5.29308877939e-009             -2.4735961791934e-008
   5.30400236450e-009             -2.4773488346850e-008
   5.31491594961e-009             -2.4781057234567e-008
   5.32582953473e-009             -2.4776769991782e-008
   5.33674311984e-009             -2.4860000620261e-008
   5.34765670495e-009             -2.4891863883763e-008
   5.35857029006e-009             -2.4775023337313e-008
   5.36948387517e-009             -2.4822050582270e-008
   5.38039746029e-009             -2.4660776256416e-008
   5.39131104540e-009             -2.4785212051668e-008
   5.40222463051e-009             -2.4764490378204e-008
   5.41313821562e-009             -2.4823823752888e-008
   5.42405180074e-009             -2.4798020902790e-008
   5.43496538585e-009             -2.4783862364124e-008
   5.44587897096e-009             -2.4694042084697e-008
   5.45679255607e-009             -2.4617771402875e-008
   5.46770614118e-009             -2.4847086014669e-008
   5.47861972630e-009             -2.5052926545612e-008
   5.48953331141e-009             -2.4839199553412e-008
   5.50044689652e-009             -2.4924573958349e-008
   5.51136048163e-009             -2.4777166958706e-008
   5.52227406674e-009             -2.4940452635333e-008
   5.53318765186e-009             -2.4832848082619e-008
   5.54410123697e-009             -2.4850447052986e-008
   5.55501482208e-009             -2.4870401153685e-008
   5.56592840719e-009             -2.4960168710943e-008
   5.57684199231e-009             -2.4685282296206e-008
   5.58775557742e-009             -2.4744853851044e-008
   5.59866916253e-009             -2.4877625951713e-008
   5.60958274764e-009             -2.4709894245530e-008
   5.62049633275e-009             -2.4903428801811e-008
   5.63140991787e-009             -2.4734982555164e-008
   5.64232350298e-009             -2.4771926995302e-008
   5.65323708809e-009             -2.4780289661803e-008
   5.66415067320e-009             -2.4667895144908e-008
   5.67506425831e-009             -2.4710238335220e-008
   5.68597784343e-009             -2.4868707531517e-008
   5.69689142854e-009             -2.4927670300361e-008
   5.70780501365e-009             -2.4733315294081e-008
   5.71871859876e-009             -2.4762717362651e-008
   5.72963218388e-009             -2.4761711609732e-008
   5.74054576899e-009             -2.4884797872505e-008
   5.75145935410e-009             -2.4920895346493e-008
   5.76237293921e-009             -2.4836156243700e-008
   5.77328652432e-009             -2.4916078866163e-008
   5.78420010944e-009             -2.4959136596939e-008
   5.79511369455e-009             -2.4735697095629e-008
   5.80602727966e-009             -2.4793310176929e-008
   5.81694086477e-009             -2.4694359658236e-008
   5.82785444988e-009             -2.4761976306037e-008
   5.83876803500e-009             -2.4674405402472e-008
   5.84968162011e-009             -2.4660485043961e-008
   5.86059520522e-009             -2.4754407418319e-008
   5.87150879033e-009             -2.4711323326459e-008
   5.88242237545e-009             -2.4684594271891e-008
   5.89333596056e-009             -2.4581568019352e-008
   5.90424954567e-009             -2.4865822853510e-008
   5.91516313078e-009             -2.4821256648421e-008
   5.92607671589e-009             -2.4787805672285e-008
   5.93699030101e-009             -2.4780210268418e-008
   5.94790388612e-009             -2.4681180356340e-008
   5.95881747123e-009             -2.4690231202221e-008
   5.96973105634e-009             -2.4831842484765e-008
   5.98064464145e-009             -2.4812100048070e-008
   5.99155822657e-009             -2.4924124114190e-008
   6.00247181168e-009             -2.4960009924173e-008
   6.01338539679e-009             -2.4761844035417e-008
   6.02429898190e-009             -2.4684461846206e-008
   6.03521256702e-009             -2.4791113678302e-008
   6.04612615213e-009             -2.4666968940439e-008
   6.05703973724e-009             -2.4861562126874e-008
   6.06795332235e-009             -2.4745409604739e-008
   6.07886690746e-009             -2.4838273348943e-008
   6.08978049258e-009             -2.4659744142412e-008
   6.10069407769e-009             -2.4744589154740e-008
   6.11160766280e-009             -2.4738952224410e-008
   6.12252124791e-009             -2.4913432368311e-008
   6.13343483302e-009             -2.4992614089225e-008
   6.14434841814e-009             -2.4982240071950e-008
   6.15526200325e-009             -2.5029611406596e-008
   6.16617558836e-009             -2.5004972941122e-008
   6.17708917347e-009             -2.4929761044519e-008
   6.18800275859e-009             -2.4992058335530e-008
   6.19891634370e-009             -2.4976550109321e-008
   6.20982992881e-009             -2.4986130347811e-008
   6.22074351392e-009             -2.5096354727163e-008
   6.23165709903e-009             -2.5021804338724e-008
   6.24257068415e-009             -2.5100086216254e-008
   6.25348426926e-009             -2.4913035401386e-008
   6.26439785437e-009             -2.4934630402084e-008
   6.27531143948e-009             -2.4957707516010e-008
   6.28622502459e-009             -2.5043478732807e-008
   6.29713860971e-009             -2.4948153793670e-008
   6.30805219482e-009             -2.4931931026997e-008
   6.31896577993e-009             -2.4908827551986e-008
   6.32987936504e-009             -2.4816995921785e-008
   6.34079295016e-009             -2.4926611670207e-008
   6.35170653527e-009             -2.4976603141621e-008
   6.36262012038e-009             -2.4874026888307e-008
   6.37353370549e-009             -2.4824697080122e-008
   6.38444729060e-009             -2.4857380638559e-008
   6.39536087572e-009             -2.4954346477694e-008
   6.40627446083e-009             -2.4795400921087e-008
   6.41718804594e-009             -2.4887364976973e-008
   6.42810163105e-009             -2.4933227837306e-008
   6.43901521616e-009             -2.4800111646948e-008
   6.44992880128e-009             -2.4783042069190e-008
   6.46084238639e-009             -2.4818372125479e-008
   6.47175597150e-009             -2.4773170773310e-008
   6.48266955661e-009             -2.4885856502659e-008
   6.49358314173e-009             -2.4799529377103e-008
   6.50449672684e-009             -2.4665936826436e-008
   6.51541031195e-009             -2.4890646466839e-008
   6.52632389706e-009             -2.4833483229698e-008
   6.53723748217e-009             -2.4745859448898e-008
   6.54815106729e-009             -2.4685864566050e-008
   6.55906465240e-009             -2.4833853835538e-008
   6.56997823751e-009             -2.5070102032905e-008
   6.58089182262e-009             -2.4947571523826e-008
   6.59180540773e-009             -2.4869792522756e-008
   6.60271899285e-009             -2.4891943277148e-008
   6.61363257796e-009             -2.4885538929120e-008
   6.62454616307e-009             -2.4957707516010e-008
   6.63545974818e-009             -2.4916052350013e-008
   6.64637333330e-009             -2.5129170711284e-008
   6.65728691841e-009             -2.5025165377041e-008
   6.66820050352e-009             -2.4990735164137e-008
   6.67911408863e-009             -2.4791193071687e-008
   6.69002767374e-009             -2.4828666749368e-008
   6.70094125886e-009             -2.4906498782738e-008
   6.71185484397e-009             -2.4896257036084e-008
   6.72276842908e-009             -2.4816228504086e-008
   6.73368201419e-009             -2.4963079750035e-008
   6.74459559930e-009             -2.4803366775729e-008
   6.75550918442e-009             -2.4808580222984e-008
   6.76642276953e-009             -2.4882786521732e-008
   6.77733635464e-009             -2.4852220068539e-008
   6.78824993975e-009             -2.4972951045915e-008
   6.79916352487e-009             -2.5004655367582e-008
   6.81007710998e-009             -2.4742895377506e-008
   6.82099069509e-009             -2.4773382437315e-008
   6.83190428020e-009             -2.4749141093830e-008
   6.84281786531e-009             -2.4808289165594e-008
   6.85373145043e-009             -2.4885168323280e-008
   6.86464503554e-009             -2.4900094279645e-008
   6.87555862065e-009             -2.4984092480888e-008
   6.88647220576e-009             -2.4731330459458e-008
   6.89738579087e-009             -2.4776214238087e-008
   6.90829937599e-009             -2.4706903813053e-008
   6.91921296110e-009             -2.4911871016763e-008
   6.93012654621e-009             -2.4807759772985e-008
   6.94104013132e-009             -2.4786085378902e-008
   6.95195371644e-009             -2.4902926080417e-008
   6.96286730155e-009             -2.4675411000326e-008
   6.97378088666e-009             -2.4810247484067e-008
   6.98469447177e-009             -2.4701240366574e-008
   6.99560805688e-009             -2.4893451751461e-008
   7.00652164200e-009             -2.4933333746841e-008
   7.01743522711e-009             -2.4888397090977e-008
   7.02834881222e-009             -2.4831022034766e-008
   7.03926239733e-009             -2.4798311960179e-008
   7.05017598244e-009             -2.4946116081812e-008
   7.06108956756e-009             -2.4795877281397e-008
   7.07200315267e-009             -2.4967393508971e-008
   7.08291673778e-009             -2.4948974243669e-008
   7.09383032289e-009             -2.5010556994216e-008
   7.10474390801e-009             -2.4952864519530e-008
   7.11565749312e-009             -2.4684382452821e-008
   7.12657107823e-009             -2.4905837119509e-008
   7.13748466334e-009             -2.4883210004807e-008
   7.14839824845e-009             -2.4776769991782e-008
   7.15931183357e-009             -2.5027229605049e-008
   7.17022541868e-009             -2.4935636155003e-008
   7.18113900379e-009             -2.4805589790507e-008
   7.19205258890e-009             -2.4799000139559e-008
   7.20296617401e-009             -2.4765204918668e-008
   7.21387975913e-009             -2.4926849850362e-008
   7.22479334424e-009             -2.4882521980493e-008
   7.23570692935e-009             -2.5029955496286e-008
   7.24662051446e-009             -2.4792225185691e-008
   7.25753409958e-009             -2.4898188838407e-008
   7.26844768469e-009             -2.4922403820807e-008
   7.27936126980e-009             -2.4848356308828e-008
   7.29027485491e-009             -2.4860926979795e-008
   7.30118844002e-009             -2.4788678999519e-008
   7.31210202514e-009             -2.4825993890431e-008
   7.32301561025e-009             -2.4862488331343e-008
   7.33392919536e-009             -2.4751152289538e-008
   7.34484278047e-009             -2.4713228767697e-008
   7.35575636558e-009             -2.4826390857356e-008
   7.36666995070e-009             -2.4798920746174e-008
   7.37758353581e-009             -2.4700155375335e-008
   7.38849712092e-009             -2.4823532695498e-008
   7.39941070603e-009             -2.4652334041464e-008
   7.41032429115e-009             -2.4691633766999e-008
   7.42123787626e-009             -2.4727175487292e-008
   7.43215146137e-009             -2.4904513948115e-008
   7.44306504648e-009             -2.4889667385135e-008
   7.45397863159e-009             -2.4885036052660e-008
   7.46489221671e-009             -2.4743318860581e-008
   7.47580580182e-009             -2.4857724728248e-008
   7.48671938693e-009             -2.4913273581541e-008
   7.49763297204e-009             -2.4767216269441e-008
   7.50854655715e-009             -2.4877731861248e-008
   7.51946014227e-009             -2.4796274248321e-008
   7.53037372738e-009             -2.4778251949945e-008
   7.54128731249e-009             -2.4847827071283e-008
   7.55220089760e-009             -2.4769889128378e-008
   7.56311448272e-009             -2.4829698863372e-008
   7.57402806783e-009             -2.4996954209245e-008
   7.58494165294e-009             -2.4832027787685e-008
   7.59585523805e-009             -2.4703119291662e-008
   7.60676882316e-009             -2.4931560576222e-008
   7.61768240828e-009             -2.4769359890834e-008
   7.62859599339e-009             -2.4694094961931e-008
   7.63950957850e-009             -2.4675755090015e-008
   7.65042316361e-009             -2.4858809719487e-008
   7.66133674872e-009             -2.4890620105754e-008
   7.67225033384e-009             -2.4812893981919e-008
   7.68316391895e-009             -2.4754036967545e-008
   7.69407750406e-009             -2.4888502845447e-008
   7.70499108917e-009             -2.4887391338058e-008
   7.71590467429e-009             -2.4801911178651e-008
   7.72681825940e-009             -2.5060548310565e-008
   7.73773184451e-009             -2.4892631301462e-008
   7.74864542962e-009             -2.4844889516041e-008
   7.75955901473e-009             -2.4875297182465e-008
   7.77047259985e-009             -2.4861376823954e-008
   7.78138618496e-009             -2.4853225821458e-008
   7.79229977007e-009             -2.4987559428740e-008
   7.80321335518e-009             -2.4852114314069e-008
   7.81412694029e-009             -2.4956648885857e-008
   7.82504052541e-009             -2.5045119632806e-008
   7.83595411052e-009             -2.4961015522027e-008
   7.84686769563e-009             -2.4874450216316e-008
   7.85778128074e-009             -2.4835044736312e-008
   7.86869486586e-009             -2.5087251004047e-008
   7.87960845097e-009             -2.5098974708865e-008
   7.89052203608e-009             -2.5081190590643e-008
   7.90143562119e-009             -2.5057319697933e-008
   7.91234920630e-009             -2.4954187690924e-008
   7.92326279142e-009             -2.4912638434462e-008
   7.93417637653e-009             -2.4650243297307e-008
   7.94508996164e-009             -2.5011668501605e-008
   7.95600354675e-009             -2.5036862720774e-008
   7.96691713186e-009             -2.4897024453783e-008
   7.97783071698e-009             -2.4929072865140e-008
   7.98874430209e-009             -2.4843433918963e-008
   7.99965788720e-009             -2.4780898447797e-008
   8.01057147231e-009             -2.4959507047714e-008
   8.02148505743e-009             -2.4811253081921e-008
   8.03239864254e-009             -2.4749881995379e-008
   8.04331222765e-009             -2.4931428305603e-008
   8.05422581276e-009             -2.4674405402472e-008
   8.06513939787e-009             -2.4604062863434e-008
   8.07605298299e-009             -2.4780501480873e-008
   8.08696656810e-009             -2.4762611453116e-008
   8.09788015321e-009             -2.4814799423157e-008
   8.10879373832e-009             -2.4907980740902e-008
   8.11970732343e-009             -2.4774890911628e-008
   8.13062090855e-009             -2.4750517142458e-008
   8.14153449366e-009             -2.4958342663090e-008
   8.15244807877e-009             -2.4711905596303e-008
   8.16336166388e-009             -2.4816757741630e-008
   8.17427524900e-009             -2.4882071981268e-008
   8.18518883411e-009             -2.4866590271209e-008
   8.19610241922e-009             -2.4854522476701e-008
   8.20701600433e-009             -2.4627086945060e-008
   8.21792958944e-009             -2.4820198173332e-008
   8.22884317456e-009             -2.4765575524508e-008
   8.23975675967e-009             -2.4818954240258e-008
   8.25067034478e-009             -2.4738237683946e-008
   8.26158392989e-009             -2.4914729178620e-008
   8.27249751500e-009             -2.4892234334538e-008
   8.28341110012e-009             -2.4755810138163e-008
   8.29432468523e-009             -2.4701081579804e-008
   8.30523827034e-009             -2.4923991688505e-008
   8.31615185545e-009             -2.5024556746112e-008
   8.32706544057e-009             -2.4911712229993e-008
   8.33797902568e-009             -2.4884744995271e-008
   8.34889261079e-009             -2.5017305431934e-008
   8.35980619590e-009             -2.4996557242320e-008
   8.37071978101e-009             -2.4767560359131e-008
   8.38163336613e-009             -2.4934709795469e-008
   8.39254695124e-009             -2.5081269984028e-008
   8.40346053635e-009             -2.4854363689932e-008
   8.41437412146e-009             -2.4860159407031e-008
   8.42528770657e-009             -2.4797253485090e-008
   8.43620129169e-009             -2.4907028020283e-008
   8.44711487680e-009             -2.4881436834189e-008
   8.45802846191e-009             -2.5034454403076e-008
   8.46894204702e-009             -2.4747341407062e-008
   8.47985563214e-009             -2.4887364976973e-008
   8.49076921725e-009             -2.4713705128006e-008
   8.50168280236e-009             -2.4730563041759e-008
   8.51259638747e-009             -2.4840655150491e-008
   8.52350997258e-009             -2.5010212904526e-008
   8.53442355770e-009             -2.4952970274000e-008
   8.54533714281e-009             -2.4931613453457e-008
   8.55625072792e-009             -2.4839702429872e-008
   8.56716431303e-009             -2.5020137077641e-008
   8.57807789814e-009             -2.4984039603653e-008
   8.58899148326e-009             -2.4736305726558e-008
   8.59990506837e-009             -2.4969166524524e-008
   8.61081865348e-009             -2.4984013087503e-008
   8.62173223859e-009             -2.4898480050861e-008
   8.63264582371e-009             -2.4952467552606e-008
   8.64355940882e-009             -2.4865505279970e-008
   8.65447299393e-009             -2.4666095613205e-008
   8.66538657904e-009             -2.4785212051668e-008
   8.67630016415e-009             -2.4987135945665e-008
   8.68721374927e-009             -2.4871618570609e-008
   8.69812733438e-009             -2.5144149544884e-008
   8.70904091949e-009             -2.4902158507652e-008
   8.71995450460e-009             -2.4875958690629e-008
   8.73086808971e-009             -2.4962629905875e-008
   8.74178167483e-009             -2.5015161810541e-008
   8.75269525994e-009             -2.5035274853076e-008
   8.76360884505e-009             -2.5055070167005e-008
   8.77452243016e-009             -2.4824352990432e-008
   8.78543601528e-009             -2.5058563475942e-008
   8.79634960039e-009             -2.4978005706400e-008
   8.80726318550e-009             -2.4625049233203e-008
   8.81817677061e-009             -2.4812364589310e-008
   8.82909035572e-009             -2.4949529997364e-008
   8.84000394084e-009             -2.4836341391555e-008
   8.85091752595e-009             -2.4682318224814e-008
   8.86183111106e-009             -2.4635899610786e-008
   8.87274469617e-009             -2.4697376606863e-008
   8.88365828128e-009             -2.4741016452418e-008
   8.89457186640e-009             -2.4838167439408e-008
   8.90548545151e-009             -2.4734426801470e-008
   8.91639903662e-009             -2.4939738094869e-008
   8.92731262173e-009             -2.4791351858456e-008
   8.93822620685e-009             -2.4724237932050e-008
   8.94913979196e-009             -2.4663766688893e-008
   8.96005337707e-009             -2.4928649537130e-008
   8.97096696218e-009             -2.4891149343299e-008
   8.98188054729e-009             -2.4980308114562e-008
   8.99279413241e-009             -2.4731277582223e-008
   9.00370771752e-009             -2.4975597388702e-008
   9.01462130263e-009             -2.4964085347889e-008
   9.02553488774e-009             -2.4651275411310e-008
   9.03644847285e-009             -2.4850685233141e-008
   9.04736205797e-009             -2.4889852532990e-008
   9.05827564308e-009             -2.4904540309200e-008
   9.06918922819e-009             -2.4725508226209e-008
   9.08010281330e-009             -2.4704019135046e-008
   9.09101639842e-009             -2.4696979639939e-008
   9.10192998353e-009             -2.4854522476701e-008
   9.11284356864e-009             -2.4834541859852e-008
   9.12375715375e-009             -2.4794606987238e-008
   9.13467073886e-009             -2.5052688365458e-008
   9.14558432398e-009             -2.4804716463273e-008
   9.15649790909e-009             -2.4749485028454e-008
   9.16741149420e-009             -2.4848567972833e-008
   9.17832507931e-009             -2.4896574609623e-008
   9.18923866442e-009             -2.4898665198716e-008
   9.20015224954e-009             -2.4847827071283e-008
   9.21106583465e-009             -2.4811914745150e-008
   9.22197941976e-009             -2.4771265332072e-008
   9.23289300487e-009             -2.4920286715564e-008
   9.24380658999e-009             -2.4745674145978e-008
   9.25472017510e-009             -2.4812073531920e-008
   9.26563376021e-009             -2.4840681666641e-008
   9.27654734532e-009             -2.4804928127278e-008
   9.28746093043e-009             -2.4752607886616e-008
   9.29837451555e-009             -2.4707962288142e-008
   9.30928810066e-009             -2.4792833816620e-008
   9.32020168577e-009             -2.4811358991456e-008
   9.33111527088e-009             -2.4836341391555e-008
   9.34202885599e-009             -2.4641404270496e-008
   9.35294244111e-009             -2.4843539828498e-008
   9.36385602622e-009             -2.4824882383042e-008
   9.37476961133e-009             -2.4730536525609e-008
   9.38568319644e-009             -2.4792119276156e-008
   9.39659678156e-009             -2.5029135046287e-008
   9.40751036667e-009             -2.5031172758145e-008
   9.41842395178e-009             -2.5002697049109e-008
   9.42933753689e-009             -2.4868495712447e-008
   9.44025112200e-009             -2.4981816588876e-008
   9.45116470712e-009             -2.5031384577215e-008
   9.46207829223e-009             -2.4889243902061e-008
   9.47299187734e-009             -2.4937594473476e-008
   9.48390546245e-009             -2.4968557893594e-008
   9.49481904756e-009             -2.4774890911628e-008
   9.50573263268e-009             -2.4664004869047e-008
   9.51664621779e-009             -2.4848329792678e-008
   9.52755980290e-009             -2.4855925196545e-008
   9.53847338801e-009             -2.4905228488579e-008
   9.54938697313e-009             -2.4802916776505e-008
   9.56030055824e-009             -2.4797650452015e-008
   9.57121414335e-009             -2.4951699979842e-008
   9.58212772846e-009             -2.4717277830328e-008
   9.59304131357e-009             -2.4892922513917e-008
   9.60395489869e-009             -2.4716642683248e-008
   9.61486848380e-009             -2.4996610274620e-008
   9.62578206891e-009             -2.4896706880243e-008
   9.63669565402e-009             -2.4958130844020e-008
   9.64760923913e-009             -2.4784788723658e-008
   9.65852282425e-009             -2.4765125525283e-008
   9.66943640936e-009             -2.4969934097288e-008
   9.68034999447e-009             -2.4579662578114e-008
   9.69126357958e-009             -2.4887232551288e-008
   9.70217716470e-009             -2.4931666485757e-008
   9.71309074981e-009             -2.4822871032269e-008
   9.72400433492e-009             -2.4717621920017e-008
   9.73491792003e-009             -2.4755121958784e-008
   9.74583150514e-009             -2.4728683961606e-008
   9.75674509026e-009             -2.4976311929166e-008
   9.76765867537e-009             -2.4813449735614e-008
   9.77857226048e-009             -2.4837188357704e-008
   9.78948584559e-009             -2.5121734249252e-008
   9.80039943070e-009             -2.4873047651537e-008
   9.81131301582e-009             -2.4808871280373e-008
   9.82222660093e-009             -2.4822553458729e-008
   9.83314018604e-009             -2.4935424335933e-008
   9.84405377115e-009             -2.4903825768736e-008
   9.85496735627e-009             -2.4947783342896e-008
   9.86588094138e-009             -2.4853040518538e-008
   9.87679452649e-009             -2.4814270030548e-008
   9.88770811160e-009             -2.5020931011490e-008
   9.89862169671e-009             -2.4738052381026e-008
   9.90953528183e-009             -2.4936588875622e-008
   9.92044886694e-009             -2.4954108297539e-008
   9.93136245205e-009             -2.4844704213122e-008
   9.94227603716e-009             -2.4807257051590e-008
   9.95318962227e-009             -2.4725005504815e-008
   9.96410320739e-009             -2.4714022701546e-008
   9.97501679250e-009             -2.4884559692351e-008
   9.98593037761e-009             -2.4720135992185e-008
   9.99684396272e-009             -2.4658791421793e-008
   1.00077575478e-008             -2.4871353874304e-008
   1.00186711329e-008             -2.4634338259238e-008
   1.00295847181e-008             -2.4718945091411e-008
   1.00404983032e-008             -2.4744456884120e-008
   1.00514118883e-008             -2.4848964939757e-008
   1.00623254734e-008             -2.4891705096993e-008
   1.00732390585e-008             -2.4840390454186e-008
   1.00841526436e-008             -2.4736702693483e-008
   1.00950662287e-008             -2.4821680131495e-008
   1.01059798138e-008             -2.4914517514615e-008
   1.01168933990e-008             -2.4651301927460e-008
   1.01278069841e-008             -2.4883951061421e-008
   1.01387205692e-008             -2.4855395803936e-008
   1.01496341543e-008             -2.4785582657507e-008
   1.01605477394e-008             -2.4605465428213e-008
   1.01714613245e-008             -2.4627748608290e-008
   1.01823749096e-008             -2.4741175239188e-008
   1.01932884947e-008             -2.4814746390857e-008
   1.02042020799e-008             -2.4711720293383e-008
   1.02151156650e-008             -2.4760494347873e-008
   1.02260292501e-008             -2.4888661632216e-008
   1.02369428352e-008             -2.4819060149793e-008
   1.02478564203e-008             -2.4643415466204e-008
   1.02587700054e-008             -2.4787514459830e-008
   1.02696835905e-008             -2.4804345857433e-008
   1.02805971756e-008             -2.4857962908403e-008
   1.02915107608e-008             -2.4849229636062e-008
   1.03024243459e-008             -2.4756445285242e-008
   1.03133379310e-008             -2.4801672998496e-008
   1.03242515161e-008             -2.4955378591698e-008
   1.03351651012e-008             -2.4687928794058e-008
   1.03460786863e-008             -2.4858148211323e-008
   1.03569922714e-008             -2.4766872179752e-008
   1.03679058565e-008             -2.4867463598443e-008
   1.03788194416e-008             -2.4752396222612e-008
   1.03897330268e-008             -2.4698302811332e-008
   1.04006466119e-008             -2.4694624199476e-008
   1.04115601970e-008             -2.4907345593822e-008
   1.04224737821e-008             -2.4721909162803e-008
   1.04333873672e-008             -2.4778278466095e-008
   1.04443009523e-008             -2.4808633100219e-008
   1.04552145374e-008             -2.4627192854595e-008
   1.04661281225e-008             -2.4596890942641e-008
   1.04770417077e-008             -2.4760891314798e-008
   1.04879552928e-008             -2.4850155840531e-008
   1.04988688779e-008             -2.4866802090279e-008
   1.05097824630e-008             -2.4814084882693e-008
   1.05206960481e-008             -2.4876567476624e-008
   1.05316096332e-008             -2.4849441300067e-008
   1.05425232183e-008             -2.4888264665292e-008
   1.05534368034e-008             -2.4847271317589e-008
   1.05643503886e-008             -2.4927432120207e-008
   1.05752639737e-008             -2.4926770456977e-008
   1.05861775588e-008             -2.4749617454139e-008
   1.05970911439e-008             -2.4729054567446e-008
   1.06080047290e-008             -2.4851823101614e-008
   1.06189183141e-008             -2.4683350338817e-008
   1.06298318992e-008             -2.4900623672254e-008
   1.06407454843e-008             -2.4892049186683e-008
   1.06516590695e-008             -2.4721512195878e-008
   1.06625726546e-008             -2.4873868101537e-008
   1.06734862397e-008             -2.4769015801144e-008
   1.06843998248e-008             -2.4767030966521e-008
   1.06953134099e-008             -2.4798788320489e-008
   1.07062269950e-008             -2.4971124998062e-008
   1.07171405801e-008             -2.5015241203926e-008
   1.07280541652e-008             -2.4970807424522e-008
   1.07389677503e-008             -2.4721353409109e-008
   1.07498813355e-008             -2.4904619702585e-008
   1.07607949206e-008             -2.5021142830560e-008
   1.07717085057e-008             -2.4835494580471e-008
   1.07826220908e-008             -2.4873973856006e-008
   1.07935356759e-008             -2.4889217385911e-008
   1.08044492610e-008             -2.4730166074834e-008
   1.08153628461e-008             -2.4602236815581e-008
   1.08262764312e-008             -2.4728286994681e-008
   1.08371900164e-008             -2.4683773821892e-008
   1.08481036015e-008             -2.4808262649444e-008
   1.08590171866e-008             -2.4760864798648e-008
   1.08699307717e-008             -2.4813740793003e-008
   1.08808443568e-008             -2.4831180821535e-008
   1.08917579419e-008             -2.4660776256416e-008
   1.09026715270e-008             -2.4526654313139e-008
