# Atom Manipulation               
# 
# Sample                          Ag(111)
# Data set                        -
# Creation Comment                
# Gap voltage                     -2.600e+000 V
# Gap voltage range in Volt       -10;10
# Feedback loop enabled           No
# Regulator setpoint              9.901e-012 A
# Pre-amplifier range             0;3.29703e-009
# Loop gain                       7.000e+000 %
# Z-axis offset                   -2.000e-011 m
# Parameter mode                  Z before V
# Raster time                     1.000e-002 seconds
# Channel name and data unit      I(r) [A]
# Manipulation vector: start      1.373e+001, -8.125e+000 [nm]
#                      end        1.421e+001, -7.300e+000 [nm]
# 
# 
#              Position                              I(r)
# ---------------------             ---------------------
   0.0000000000000e+000             -1.7357270876958e-009
   9.5391529006980e-013             -1.6339681477646e-009
   1.9078305801396e-012             -1.6581413915244e-009
   2.8617458702094e-012             -1.8063437374921e-009
   3.8156611602792e-012             -1.7056771091056e-009
   4.7695764503490e-012             -1.6400663003545e-009
   5.7234917404188e-012             -1.6882368349257e-009
   6.6774070304886e-012             -1.7672823441069e-009
   7.6313223205584e-012             -1.6490629317549e-009
   8.5852376106282e-012             -1.6708491508798e-009
   9.5391529006980e-012             -1.7463824608050e-009
   1.0493068190768e-011             -1.7453190558709e-009
   1.1446983480838e-011             -1.6097766201282e-009
   1.2400898770907e-011             -1.6970085496199e-009
   1.3354814060977e-011             -1.7580791520359e-009
   1.4308729351047e-011             -1.6957649558471e-009
   1.5262644641117e-011             -1.6213145000245e-009
   1.6216559931187e-011             -1.7598900111754e-009
   1.7170475221256e-011             -1.7874933249035e-009
   1.8124390511326e-011             -1.6603955713377e-009
   1.9078305801396e-011             -1.6355154682148e-009
   2.0032221091466e-011             -1.7865347210185e-009
   2.0986136381536e-011             -1.7351322836698e-009
   2.1940051671606e-011             -1.6163343215030e-009
   2.2893966961675e-011             -1.6730450845174e-009
   2.3847882251745e-011             -1.8208163829920e-009
   2.4801797541815e-011             -1.7017949995003e-009
   2.5755712831885e-011             -1.6148354320616e-009
   2.6709628121955e-011             -1.7095626439631e-009
   2.7663543412024e-011             -1.8060360036841e-009
   2.8617458702094e-011             -1.6544358935110e-009
   2.9571373992164e-011             -1.6688869097178e-009
   3.0525289282234e-011             -1.7813504674755e-009
   3.1479204572304e-011             -1.7591885299650e-009
   3.2433119862373e-011             -1.7474309042497e-009
   3.3387035152443e-011             -1.7636533239455e-009
   3.4340950442513e-011             -1.7577505489078e-009
   3.5294865732583e-011             -1.6959876432991e-009
   3.6248781022653e-011             -1.6192405858148e-009
   3.7202696312722e-011             -1.7543019954742e-009
   3.8156611602792e-011             -1.7559400950872e-009
   3.9110526892862e-011             -1.6571363847607e-009
   4.0064442182932e-011             -1.6411384273226e-009
   4.1018357473002e-011             -1.7708027602835e-009
   4.1972272763071e-011             -1.7104882066770e-009
   4.2926188053141e-011             -1.6322393948834e-009
   4.3880103343211e-011             -1.7000779870510e-009
   4.4834018633281e-011             -1.7988785791851e-009
   4.5787933923351e-011             -1.6686688373748e-009
   4.6741849213420e-011             -1.6129663282816e-009
   4.7695764503490e-011             -1.7132799330732e-009
   4.8649679793560e-011             -1.7692690303005e-009
   4.9603595083630e-011             -1.6198369865519e-009
   5.0557510373700e-011             -1.6745998097150e-009
   5.1511425663769e-011             -1.7654488930417e-009
   5.2465340953839e-011             -1.7272840789948e-009
   5.3419256243909e-011             -1.5926900788514e-009
   5.4373171533979e-011             -1.6735941688728e-009
   5.5327086824049e-011             -1.7730311762433e-009
   5.6281002114118e-011             -1.6790132049537e-009
   5.7234917404188e-011             -1.6076273703290e-009
   5.8188832694258e-011             -1.7276306604749e-009
   5.9142747984328e-011             -1.7448568203127e-009
   6.0096663274398e-011             -1.6444836244235e-009
   6.1050578564467e-011             -1.6274808383163e-009
   6.2004493854537e-011             -1.7343210316473e-009
   6.2958409144607e-011             -1.6936940339353e-009
   6.3912324434677e-011             -1.7241817784874e-009
   6.4866239724747e-011             -1.7252227158550e-009
   6.5820155014816e-011             -1.8616023962334e-009
   6.6774070304886e-011             -1.7941295061603e-009
   6.7727985594956e-011             -1.6176156959150e-009
   6.8681900885026e-011             -1.7372863021079e-009
   6.9635816175096e-011             -1.7158406046376e-009
   7.0589731465165e-011             -1.6114251674512e-009
   7.1543646755235e-011             -1.6414137310085e-009
   7.2497562045305e-011             -1.7623387057030e-009
   7.3451477335375e-011             -1.6853576517539e-009
   7.4405392625445e-011             -1.5841054756594e-009
   7.5359307915514e-011             -1.6851819014648e-009
   7.6313223205584e-011             -1.7585965662422e-009
   7.7267138495654e-011             -1.6226544246014e-009
   7.8221053785724e-011             -1.5885679866503e-009
   7.9174969075794e-011             -1.7159323725329e-009
   8.0128884365863e-011             -1.7462657412293e-009
   8.1082799655933e-011             -1.5964607196039e-009
   8.2036714946003e-011             -1.6361231027350e-009
   8.2990630236073e-011             -1.7451819490591e-009
   8.3944545526143e-011             -1.6971964210951e-009
   8.4898460816212e-011             -1.5537618619124e-009
   8.5852376106282e-011             -1.6766899274709e-009
   8.6806291396352e-011             -1.7668586261315e-009
   8.7760206686422e-011             -1.6902797130649e-009
   8.8714121976492e-011             -1.6194885028362e-009
   8.9668037266561e-011             -1.7528805465173e-009
   9.0621952556631e-011             -1.7584012654549e-009
   9.1575867846701e-011             -1.6695681817868e-009
   9.2529783136771e-011             -1.6431445872494e-009
   9.3483698426841e-011             -1.7860240007161e-009
   9.4437613716911e-011             -1.7007183833178e-009
   9.5391529006980e-011             -1.6444867441512e-009
   9.6345444297050e-011             -1.6995655180429e-009
   9.7299359587120e-011             -1.7763752080522e-009
   9.8253274877190e-011             -1.6208972226287e-009
   9.9207190167260e-011             -1.6206216395182e-009
   1.0016110545733e-010             -1.7127501443565e-009
   1.0111502074740e-010             -1.7393869167034e-009
   1.0206893603747e-010             -1.5955284107858e-009
   1.0302285132754e-010             -1.6723658666786e-009
   1.0397676661761e-010             -1.7608332236874e-009
   1.0493068190768e-010             -1.6915351731641e-009
   1.0588459719775e-010             -1.5734838269294e-009
   1.0683851248782e-010             -1.7211944473146e-009
   1.0779242777789e-010             -1.7737003271262e-009
   1.0874634306796e-010             -1.6814403454177e-009
   1.0970025835803e-010             -1.5910781223108e-009
   1.1065417364810e-010             -1.7559441267825e-009
   1.1160808893817e-010             -1.7261929588422e-009
   1.1256200422824e-010             -1.6383448247909e-009
   1.1351591951831e-010             -1.6367787138155e-009
   1.1446983480838e-010             -1.7883322921447e-009
   1.1542375009845e-010             -1.6999607101618e-009
   1.1637766538852e-010             -1.6112541597009e-009
   1.1733158067859e-010             -1.6791599979673e-009
   1.1828549596866e-010             -1.7859334764130e-009
   1.1923941125873e-010             -1.6634348585659e-009
   1.2019332654880e-010             -1.6293626973608e-009
   1.2114724183886e-010             -1.5581905210943e-009
   1.2210115712893e-010             -1.3705030131012e-009
   1.2305507241900e-010             -1.2557751333446e-009
   1.2400898770907e-010             -1.3215733836870e-009
   1.2496290299914e-010             -1.3805730902914e-009
   1.2591681828921e-010             -1.3455213299866e-009
   1.2687073357928e-010             -1.2604916227175e-009
   1.2782464886935e-010             -1.3568362445418e-009
   1.2877856415942e-010             -1.3699023764741e-009
   1.2973247944949e-010             -1.2944014490767e-009
   1.3068639473956e-010             -1.2602494369675e-009
   1.3164031002963e-010             -1.3971836274480e-009
   1.3259422531970e-010             -1.3677737918002e-009
   1.3354814060977e-010             -1.2973175761497e-009
   1.3450205589984e-010             -1.3182781145115e-009
   1.3545597118991e-010             -1.4285796411054e-009
   1.3640988647998e-010             -1.3211074971877e-009
   1.3736380177005e-010             -1.2654947508893e-009
   1.3831771706012e-010             -1.3275202555843e-009
   1.3927163235019e-010             -1.4284186987757e-009
   1.4022554764026e-010             -1.2936799091840e-009
   1.4117946293033e-010             -1.2821905370614e-009
   1.4213337822040e-010             -1.3529750027213e-009
   1.4308729351047e-010             -1.3780017944575e-009
   1.4404120880054e-010             -1.2703232172990e-009
   1.4499512409061e-010             -1.3403014743937e-009
   1.4594903938068e-010             -1.4045077746777e-009
   1.4690295467075e-010             -1.3678285896942e-009
   1.4785686996082e-010             -1.2651926961525e-009
   1.4881078525089e-010             -1.3570863677880e-009
   1.4976470054096e-010             -1.3680274907579e-009
   1.5071861583103e-010             -1.3117407512433e-009
   1.5167253112110e-010             -1.2883430300263e-009
   1.5262644641117e-010             -1.3983263490020e-009
   1.5358036170124e-010             -1.3589470780879e-009
   1.5453427699131e-010             -1.2925815117138e-009
   1.5548819228138e-010             -1.3125022780000e-009
   1.5644210757145e-010             -1.3946037861396e-009
   1.5739602286152e-010             -1.3164902556872e-009
   1.5834993815159e-010             -1.2832963653791e-009
   1.5930385344166e-010             -1.3542958082190e-009
   1.6025776873173e-010             -1.4162644116604e-009
   1.6121168402180e-010             -1.2871693215314e-009
   1.6216559931187e-010             -1.2969073734119e-009
   1.6311951460194e-010             -1.3806878063018e-009
   1.6407342989201e-010             -1.3733601094607e-009
   1.6502734518208e-010             -1.2720006466680e-009
   1.6598126047215e-010             -1.3193769434007e-009
   1.6693517576222e-010             -1.4094902868537e-009
   1.6788909105229e-010             -1.3449636494918e-009
   1.6884300634236e-010             -1.2626559368710e-009
   1.6979692163242e-010             -1.3528990576181e-009
   1.7075083692249e-010             -1.3944480162324e-009
   1.7170475221256e-010             -1.3149026413131e-009
   1.7265866750263e-010             -1.3006919853858e-009
   1.7361258279270e-010             -1.3838176454684e-009
   1.7456649808277e-010             -1.3661573214804e-009
   1.7552041337284e-010             -1.2902962190651e-009
   1.7647432866291e-010             -1.3332352098117e-009
   1.7742824395298e-010             -1.4233361019893e-009
   1.7838215924305e-010             -1.3525263069655e-009
   1.7933607453312e-010             -1.3016078373332e-009
   1.8028998982319e-010             -1.3549469039850e-009
   1.8124390511326e-010             -1.3919487858011e-009
   1.8219782040333e-010             -1.3145602680878e-009
   1.8315173569340e-010             -1.3211235978689e-009
   1.8410565098347e-010             -1.4131600308227e-009
   1.8505956627354e-010             -1.3628652211621e-009
   1.8601348156361e-010             -1.2724535767785e-009
   1.8696739685368e-010             -1.3254920088452e-009
   1.8792131214375e-010             -1.4113417423710e-009
   1.8887522743382e-010             -1.3337531306667e-009
   1.8982914272389e-010             -1.2890942380380e-009
   1.9078305801396e-010             -1.3694770602524e-009
   1.9173697330403e-010             -1.3974506635486e-009
   1.9269088859410e-010             -1.2907377388330e-009
   1.9364480388417e-010             -1.2928058465416e-009
   1.9459871917424e-010             -1.3947374446697e-009
   1.9555263446431e-010             -1.3774661240101e-009
   1.9650654975438e-010             -1.2747979769057e-009
   1.9746046504445e-010             -1.3385425221801e-009
   1.9841438033452e-010             -1.4030388327797e-009
   1.9936829562459e-010             -1.3432118978308e-009
   2.0032221091466e-010             -1.2603220090187e-009
   2.0127612620473e-010             -1.3359502556964e-009
   2.0223004149480e-010             -1.3747790988685e-009
   2.0318395678487e-010             -1.3240826058447e-009
   2.0413787207494e-010             -1.3084309519975e-009
   2.0509178736501e-010             -1.3950760134240e-009
   2.0604570265508e-010             -1.3492713301785e-009
   2.0699961794515e-010             -1.2808846423882e-009
   2.0795353323522e-010             -1.3256497316528e-009
   2.0890744852529e-010             -1.4090311188231e-009
   2.0986136381536e-010             -1.3242048524969e-009
   2.1081527910543e-010             -1.4861051059594e-009
   2.1176919439550e-010             -1.7517592776971e-009
   2.1272310968557e-010             -1.6966763692450e-009
   2.1367702497564e-010             -1.5596544686645e-009
   2.1463094026571e-010             -1.6176584232878e-009
   2.1558485555578e-010             -1.7035246136842e-009
   2.1653877084585e-010             -1.6726783184606e-009
   2.1749268613592e-010             -1.5524551289659e-009
   2.1844660142598e-010             -1.6427520327743e-009
   2.1940051671605e-010             -1.6832862477583e-009
   2.2035443200612e-010             -1.6143514904453e-009
   2.2130834729619e-010             -1.5426844688687e-009
   2.2226226258626e-010             -1.7067804517740e-009
   2.2321617787633e-010             -1.6950231561481e-009
   2.2417009316640e-010             -1.6130552052088e-009
   2.2512400845647e-010             -1.5956625759647e-009
   2.2607792374654e-010             -1.7357366219030e-009
   2.2703183903661e-010             -1.6476823340353e-009
   2.2798575432668e-010             -1.5699118861164e-009
   2.2893966961675e-010             -1.6099018851784e-009
   2.2989358490682e-010             -1.7339858850746e-009
   2.3084750019689e-010             -1.6072407236847e-009
   2.3180141548696e-010             -1.5773742041202e-009
   2.3275533077703e-010             -1.6216197251538e-009
   2.3370924606710e-010             -1.6702236393374e-009
   2.3466316135717e-010             -1.5683290388460e-009
   2.3561707664724e-010             -1.6276436061166e-009
   2.3657099193731e-010             -1.6788859378735e-009
   2.3752490722738e-010             -1.6461035184602e-009
   2.3847882251745e-010             -1.5162216720052e-009
   2.3943273780752e-010             -1.6265262154617e-009
   2.4038665309759e-010             -1.6500521924915e-009
   2.4134056838766e-010             -1.5995999655479e-009
   2.4229448367773e-010             -1.5530910114535e-009
   2.4324839896780e-010             -1.6702146133142e-009
   2.4420231425787e-010             -1.6307416216044e-009
   2.4515622954794e-010             -1.5510278489432e-009
   2.4611014483801e-010             -1.5743375791005e-009
   2.4706406012808e-010             -1.6930630705459e-009
   2.4801797541815e-010             -1.5946700957059e-009
   2.4897189070822e-010             -1.5432170456885e-009
   2.4992580599829e-010             -1.6124156963449e-009
   2.5087972128836e-010             -1.7291311988275e-009
   2.5183363657843e-010             -1.5773616530504e-009
   2.5278755186850e-010             -1.5744506722998e-009
   2.5374146715857e-010             -1.6522659770513e-009
   2.5469538244864e-010             -1.6691393159536e-009
   2.5564929773871e-010             -1.5433756297989e-009
   2.5660321302878e-010             -1.5977678824342e-009
   2.5755712831885e-010             -1.6854333174328e-009
   2.5851104360892e-010             -1.6182469126287e-009
   2.5946495889899e-010             -1.5183380848280e-009
   2.6041887418906e-010             -1.6268088977950e-009
   2.6137278947913e-010             -1.6856465213424e-009
   2.6232670476920e-010             -1.6178307252952e-009
   2.6328062005927e-010             -1.5389896964545e-009
   2.6423453534934e-010             -1.6540960565997e-009
   2.6518845063941e-010             -1.6309204409563e-009
   2.6614236592947e-010             -1.5616662324329e-009
   2.6709628121954e-010             -1.5762017898823e-009
   2.6805019650961e-010             -1.6814305824510e-009
   2.6900411179968e-010             -1.6012885780352e-009
   2.6995802708975e-010             -1.5330936920856e-009
   2.7091194237982e-010             -1.6197567057641e-009
   2.7186585766989e-010             -1.6980471287681e-009
   2.7281977295996e-010             -1.5863828308120e-009
   2.7377368825003e-010             -1.5578411745406e-009
   2.7472760354010e-010             -1.6659722012611e-009
   2.7568151883017e-010             -1.6615828196351e-009
   2.7663543412024e-010             -1.5281504068005e-009
   2.7758934941031e-010             -1.5839813006716e-009
   2.7854326470038e-010             -1.6903372729619e-009
   2.7949717999045e-010             -1.6090894663285e-009
   2.8045109528052e-010             -1.5172665412737e-009
   2.8140501057059e-010             -1.6217114162842e-009
   2.8235892586066e-010             -1.6920587224255e-009
   2.8331284115073e-010             -1.5779844762842e-009
   2.8426675644080e-010             -1.5594571136470e-009
   2.8522067173087e-010             -1.6789727099057e-009
   2.8617458702094e-010             -1.6682293979371e-009
   2.8712850231101e-010             -1.5248249889574e-009
   2.8808241760108e-010             -1.5688632139121e-009
   2.8903633289115e-010             -1.6569990000597e-009
   2.8999024818122e-010             -1.6075164326896e-009
   2.9094416347129e-010             -1.5159947762985e-009
   2.9189807876136e-010             -1.6129554491525e-009
   2.9285199405143e-010             -1.6819371942932e-009
   2.9380590934150e-010             -1.5807167390125e-009
   2.9475982463157e-010             -1.5308086020964e-009
   2.9571373992164e-010             -1.6535769443526e-009
   2.9666765521171e-010             -1.6228094852004e-009
   2.9762157050178e-010             -1.6517542695515e-009
   2.9857548579185e-010             -1.7213636556944e-009
   2.9952940108192e-010             -1.7745669343563e-009
   3.0048331637199e-010             -1.5837789252262e-009
   3.0143723166206e-010             -1.5329312282746e-009
   3.0239114695213e-010             -1.6069898650303e-009
   3.0334506224220e-010             -1.6749737271949e-009
   3.0429897753227e-010             -1.5500967315172e-009
   3.0525289282234e-010             -1.5567745500844e-009
   3.0620680811241e-010             -1.6550023482399e-009
   3.0716072340248e-010             -1.6621539401378e-009
   3.0811463869255e-010             -1.5144031808940e-009
   3.0906855398262e-010             -1.5911665417189e-009
   3.1002246927269e-010             -1.6707188654017e-009
   3.1097638456276e-010             -1.6242926009793e-009
   3.1193029985283e-010             -1.5185251702301e-009
   3.1288421514290e-010             -1.6388362724843e-009
   3.1383813043297e-010             -1.6473508399391e-009
   3.1479204572303e-010             -1.5782415989587e-009
   3.1574596101310e-010             -1.5394920985066e-009
   3.1669987630317e-010             -1.6924312704185e-009
   3.1765379159324e-010             -1.6338128338412e-009
   3.1860770688331e-010             -1.5541540617335e-009
   3.1956162217338e-010             -1.5689765343357e-009
   3.2051553746345e-010             -1.6766532107940e-009
   3.2146945275352e-010             -1.5627449028455e-009
   3.2242336804359e-010             -1.5432151434530e-009
   3.2337728333366e-010             -1.6132887441545e-009
   3.2433119862373e-010             -1.6850926944483e-009
   3.2528511391380e-010             -1.5322416901555e-009
   3.2623902920387e-010             -1.5632312779108e-009
   3.2719294449394e-010             -1.6343578112715e-009
   3.2814685978401e-010             -1.6466693145458e-009
   3.2910077507408e-010             -1.5100647926909e-009
   3.3005469036415e-010             -1.6020114597792e-009
   3.3100860565422e-010             -1.6425988759461e-009
   3.3196252094429e-010             -1.5941887149685e-009
   3.3291643623436e-010             -1.5082031427879e-009
   3.3387035152443e-010             -1.6483903325903e-009
   3.3482426681450e-010             -1.6437250131997e-009
   3.3577818210457e-010             -1.5596863936731e-009
   3.3673209739464e-010             -1.5272148032307e-009
   3.3768601268471e-010             -1.7088586525386e-009
   3.3863992797478e-010             -1.6455901374845e-009
   3.3959384326485e-010             -1.5531309998528e-009
   3.4054775855492e-010             -1.5552297889778e-009
   3.4150167384499e-010             -1.7093098078435e-009
   3.4245558913506e-010             -1.5669954535189e-009
   3.4340950442513e-010             -1.5609739307755e-009
   3.4436341971520e-010             -1.6172243082672e-009
   3.4531733500527e-010             -1.6753286269252e-009
   3.4627125029534e-010             -1.5193136015675e-009
   3.4722516558541e-010             -1.5553081936301e-009
   3.4817908087548e-010             -1.6435196454565e-009
   3.4913299616555e-010             -1.6572489206464e-009
   3.5008691145562e-010             -1.5301628568476e-009
   3.5104082674569e-010             -1.6142022378826e-009
   3.5199474203576e-010             -1.6449576771785e-009
   3.5294865732583e-010             -1.6039231896022e-009
   3.5390257261590e-010             -1.5150784929320e-009
   3.5485648790597e-010             -1.6690703441787e-009
   3.5581040319604e-010             -1.6467778172008e-009
   3.5676431848611e-010             -1.5560732715335e-009
   3.5771823377618e-010             -1.5455040363780e-009
   3.5867214906625e-010             -1.6733153155753e-009
   3.5962606435632e-010             -1.6264507785425e-009
   3.6057997964639e-010             -1.5645845166011e-009
   3.6153389493646e-010             -1.6055390780437e-009
   3.6248781022652e-010             -1.7060444846761e-009
   3.6344172551659e-010             -1.5687648027778e-009
   3.6439564080666e-010             -1.5444887338987e-009
   3.6534955609673e-010             -1.6211958029837e-009
   3.6630347138680e-010             -1.6773725690267e-009
   3.6725738667687e-010             -1.5561243908509e-009
   3.6821130196694e-010             -1.5947115288216e-009
   3.6916521725701e-010             -1.6764172368639e-009
   3.7011913254708e-010             -1.6339310748982e-009
   3.7107304783715e-010             -1.5096577833751e-009
   3.7202696312722e-010             -1.5961756283864e-009
   3.7298087841729e-010             -1.6637982270059e-009
   3.7393479370736e-010             -1.5937511762310e-009
   3.7488870899743e-010             -1.5349302628785e-009
   3.7584262428750e-010             -1.6511201112048e-009
   3.7679653957757e-010             -1.6490550971238e-009
   3.7775045486764e-010             -1.5545799352687e-009
   3.7870437015771e-010             -1.5514035657935e-009
   3.7965828544778e-010             -1.6667534059458e-009
   3.8061220073785e-010             -1.6095181034021e-009
   3.8156611602792e-010             -1.5475865973919e-009
   3.8252003131799e-010             -1.6030855411829e-009
   3.8347394660806e-010             -1.6841352067257e-009
   3.8442786189813e-010             -1.5781901741167e-009
   3.8538177718820e-010             -1.5454405164500e-009
   3.8633569247827e-010             -1.6484352139877e-009
   3.8728960776834e-010             -1.6656027729957e-009
   3.8824352305841e-010             -1.5767139288011e-009
   3.8919743834848e-010             -1.5946481869884e-009
   3.9015135363855e-010             -1.6893287918164e-009
   3.9110526892862e-010             -1.6159135942902e-009
   3.9205918421869e-010             -1.5249363825806e-009
   3.9301309950876e-010             -1.6189522489751e-009
   3.9396701479883e-010             -1.6789937312204e-009
   3.9492093008890e-010             -1.5890007337194e-009
   3.9587484537897e-010             -1.5495487126594e-009
   3.9682876066904e-010             -1.6438099351966e-009
   3.9778267595911e-010             -1.6544023963562e-009
   3.9873659124918e-010             -1.5344092744960e-009
   3.9969050653925e-010             -1.5868105313532e-009
   4.0064442182932e-010             -1.6720271459297e-009
   4.0159833711939e-010             -1.6089439153719e-009
   4.0255225240946e-010             -1.5217531917716e-009
   4.0350616769953e-010             -1.6285976701223e-009
   4.0446008298960e-010             -1.6657916838684e-009
   4.0541399827967e-010             -1.5778602015019e-009
   4.0636791356974e-010             -1.5392864774390e-009
   4.0732182885981e-010             -1.6606018771487e-009
   4.0827574414988e-010             -1.6400452529398e-009
   4.0922965943995e-010             -1.5487210283310e-009
   4.1018357473002e-010             -1.5740330141498e-009
   4.1113749002008e-010             -1.6864098244401e-009
   4.1209140531015e-010             -1.5944840236012e-009
   4.1304532060022e-010             -1.5499864033915e-009
   4.1399923589029e-010             -1.6300310115057e-009
   4.1495315118036e-010             -1.7065877886305e-009
   4.1590706647043e-010             -1.5661380504066e-009
   4.1686098176050e-010             -1.5558589268966e-009
   4.1781489705057e-010             -1.6454985215838e-009
   4.1876881234064e-010             -1.6666454606043e-009
   4.1972272763071e-010             -1.5323657883784e-009
   4.2067664292078e-010             -1.6048401070472e-009
   4.2163055821085e-010             -1.6659885061371e-009
   4.2258447350092e-010             -1.6068722580518e-009
   4.2353838879099e-010             -1.5305118733120e-009
   4.2449230408106e-010             -1.6573126677986e-009
   4.2544621937113e-010             -1.6493259361601e-009
   4.2640013466120e-010             -1.5874611711353e-009
   4.2735404995127e-010             -1.5398521706595e-009
   4.2830796524134e-010             -1.6943439137444e-009
   4.2926188053141e-010             -1.6539153104474e-009
   4.3021579582148e-010             -1.5559934728296e-009
   4.3116971111155e-010             -1.5869282642262e-009
   4.3212362640162e-010             -1.6894140423672e-009
   4.3307754169169e-010             -1.5828199421223e-009
   4.3403145698176e-010             -1.5434727727762e-009
   4.3498537227183e-010             -1.6314275594472e-009
   4.3593928756190e-010             -1.7165970342014e-009
   4.3689320285197e-010             -1.5597052839927e-009
   4.3784711814204e-010             -1.5690316868837e-009
   4.3880103343211e-010             -1.6486864027314e-009
   4.3975494872218e-010             -1.6544098011035e-009
   4.4070886401225e-010             -1.5264697579094e-009
   4.4166277930232e-010             -1.6470382868273e-009
   4.4261669459239e-010             -1.6735099331546e-009
   4.4357060988246e-010             -1.6188642348860e-009
   4.4452452517253e-010             -1.5175371269857e-009
   4.4547844046260e-010             -1.6409979489940e-009
   4.4643235575267e-010             -1.6802515234389e-009
   4.4738627104274e-010             -1.5905848230468e-009
   4.4834018633281e-010             -1.5683089816991e-009
   4.4929410162288e-010             -1.6872375594333e-009
   4.5024801691295e-010             -1.6253222815342e-009
   4.5120193220302e-010             -1.5581881628750e-009
   4.5215584749309e-010             -1.5726145820555e-009
   4.5310976278316e-010             -1.6854721912049e-009
   4.5406367807323e-010             -1.5716489557126e-009
   4.5501759336330e-010             -1.5495700379633e-009
   4.5597150865337e-010             -1.6544344226945e-009
   4.5692542394344e-010             -1.7283454051339e-009
   4.5787933923351e-010             -1.5579916952603e-009
   4.5883325452358e-010             -1.5880805967523e-009
   4.5978716981364e-010             -1.6698124217669e-009
   4.6074108510371e-010             -1.6527569687608e-009
   4.6169500039378e-010             -1.5267501065881e-009
   4.6264891568385e-010             -1.6181535480224e-009
   4.6360283097392e-010             -1.6777998888136e-009
   4.6455674626399e-010             -1.6157436505021e-009
   4.6551066155406e-010             -1.5316491430191e-009
   4.6646457684413e-010             -1.6735620918695e-009
   4.6741849213420e-010             -1.6820096404498e-009
   4.6837240742427e-010             -1.5785206288155e-009
   4.6932632271434e-010             -1.5495110057145e-009
   4.7028023800441e-010             -1.6975006313917e-009
   4.7123415329448e-010             -1.6415116093941e-009
   4.7218806858455e-010             -1.5514007761551e-009
   4.7314198387462e-010             -1.5918770504878e-009
   4.7409589916469e-010             -1.7156849114954e-009
   4.7504981445476e-010             -1.6116927624006e-009
   4.7600372974483e-010             -1.5366153503192e-009
   4.7695764503490e-010             -1.6519585717973e-009
   4.7791156032497e-010             -1.6931973616193e-009
   4.7886547561504e-010             -1.5562105810048e-009
   4.7981939090511e-010             -1.5741311719598e-009
   4.8077330619518e-010             -1.6981991955340e-009
   4.8172722148525e-010             -1.6621349223883e-009
   4.8268113677532e-010             -1.5382354976802e-009
   4.8363505206539e-010             -1.6085868094167e-009
   4.8458896735546e-010             -1.7105825108864e-009
   4.8554288264553e-010             -1.6044858920602e-009
   4.8649679793560e-010             -1.5625776458308e-009
   4.8745071322567e-010             -1.6668604132196e-009
   4.8840462851574e-010             -1.6972348112480e-009
   4.8935854380581e-010             -1.5675602332365e-009
   4.9031245909588e-010             -1.5656086685441e-009
   4.9126637438595e-010             -1.6843740209590e-009
   4.9222028967602e-010             -1.6626166838799e-009
   4.9317420496609e-010             -1.5466880912533e-009
   4.9412812025616e-010             -1.6084107044735e-009
   4.9508203554623e-010             -1.7049007237246e-009
   4.9603595083630e-010             -1.6378265753819e-009
   4.9698986612637e-010             -1.5579152696085e-009
   4.9794378141644e-010             -1.6580599945743e-009
   4.9889769670651e-010             -1.6942225790598e-009
   4.9985161199658e-010             -1.5817524041632e-009
   5.0080552728665e-010             -1.5633654691897e-009
   5.0175944257672e-010             -1.7177242630526e-009
   5.0271335786679e-010             -1.6489350044961e-009
   5.0366727315686e-010             -1.5488872444130e-009
   5.0462118844693e-010             -1.6000958256907e-009
   5.0557510373700e-010             -1.7047654684835e-009
   5.0652901902707e-010             -1.6345827556131e-009
   5.0748293431714e-010             -1.5842731625579e-009
   5.0843684960721e-010             -1.6462052519817e-009
   5.0939076489728e-010             -1.6632615171610e-009
   5.1034468018735e-010             -1.5524558643741e-009
   5.1129859547742e-010             -1.5884199009149e-009
   5.1225251076749e-010             -1.6818605644466e-009
   5.1320642605756e-010             -1.6701171648124e-009
   5.1416034134763e-010             -1.5347168317446e-009
   5.1511425663770e-010             -1.6354987334550e-009
   5.1606817192777e-010             -1.6779301236269e-009
   5.1702208721784e-010             -1.6399944882764e-009
   5.1797600250791e-010             -1.5796824709840e-009
   5.1892991779798e-010             -1.6900530445825e-009
   5.1988383308805e-010             -1.7519849052467e-009
   5.2083774837812e-010             -1.5981163415850e-009
   5.2179166366819e-010             -1.6087850518371e-009
   5.2274557895825e-010             -1.7179916799073e-009
   5.2369949424832e-010             -1.6196222872609e-009
   5.2465340953839e-010             -1.5727824224839e-009
   5.2560732482846e-010             -1.6328032887334e-009
   5.2656124011853e-010             -1.7287005320886e-009
   5.2751515540860e-010             -1.5732954749056e-009
   5.2846907069867e-010             -1.5505884340702e-009
   5.2942298598874e-010             -1.6145609651136e-009
   5.3037690127881e-010             -1.6813489076117e-009
   5.3133081656888e-010             -1.5414732054235e-009
   5.3228473185895e-010             -1.6226142842075e-009
   5.3323864714902e-010             -1.6918402201987e-009
   5.3419256243909e-010             -1.6781716000687e-009
   5.3514647772916e-010             -1.5672657859065e-009
   5.3610039301923e-010             -1.6716386216146e-009
   5.3705430830930e-010             -1.7036788360099e-009
   5.3800822359937e-010             -1.6562478933778e-009
   5.3896213888944e-010             -1.5790722740497e-009
   5.3991605417951e-010             -1.7083258208592e-009
   5.4086996946958e-010             -1.6651282381568e-009
   5.4182388475965e-010             -1.5910194201513e-009
   5.4277780004972e-010             -1.5931619008169e-009
   5.4373171533979e-010             -1.7187853865323e-009
   5.4468563062986e-010             -1.6468748081836e-009
   5.4563954591993e-010             -1.6072884208206e-009
   5.4659346121000e-010             -1.6538375153089e-009
   5.4754737650007e-010             -1.7305890098073e-009
   5.4850129179014e-010             -1.5786339001095e-009
   5.4945520708021e-010             -1.5820894775362e-009
   5.5040912237028e-010             -1.6806476029606e-009
   5.5136303766035e-010             -1.7087097285300e-009
   5.5231695295042e-010             -1.5716306979362e-009
   5.5327086824049e-010             -1.6234862680549e-009
   5.5422478353056e-010             -1.7095019136735e-009
   5.5517869882063e-010             -1.6738982532749e-009
   5.5613261411070e-010             -1.5490055361349e-009
   5.5708652940077e-010             -1.6682687015930e-009
   5.5804044469084e-010             -1.7095113711157e-009
   5.5899435998091e-010             -1.6310224017021e-009
   5.5994827527098e-010             -1.5730170269271e-009
   5.6090219056105e-010             -1.6982186708026e-009
   5.6185610585112e-010             -1.6756041071706e-009
   5.6281002114119e-010             -1.6107843152006e-009
   5.6376393643126e-010             -1.6233129512148e-009
   5.6471785172133e-010             -1.7276292157585e-009
   5.6567176701140e-010             -1.6382315795970e-009
   5.6662568230147e-010             -1.5881065617300e-009
   5.6757959759154e-010             -1.6573137071961e-009
   5.6853351288161e-010             -1.7553675559682e-009
   5.6948742817168e-010             -1.6075930364362e-009
   5.7044134346175e-010             -1.6110744268460e-009
   5.7139525875182e-010             -1.6911388648828e-009
   5.7234917404189e-010             -1.6883019024351e-009
   5.7330308933196e-010             -1.5603686038098e-009
   5.7425700462203e-010             -1.6449291513220e-009
   5.7521091991210e-010             -1.7193408362375e-009
   5.7616483520217e-010             -1.6440813837466e-009
   5.7711875049224e-010             -1.5418661667528e-009
   5.7807266578231e-010             -1.6780551092526e-009
   5.7902658107238e-010             -1.7218012450968e-009
   5.7998049636245e-010             -1.6159337036372e-009
   5.8093441165252e-010             -1.5720823859898e-009
   5.8188832694259e-010             -1.7228921364899e-009
   5.8284224223266e-010             -1.6866646380248e-009
   5.8379615752273e-010             -1.5903913722948e-009
   5.8475007281280e-010             -1.6192133020153e-009
   5.8570398810287e-010             -1.7541244181792e-009
   5.8665790339294e-010             -1.6601250593201e-009
   5.8761181868300e-010             -1.5866826286592e-009
   5.8856573397307e-010             -1.6801478892171e-009
   5.8951964926314e-010             -1.7308292180921e-009
   5.9047356455321e-010             -1.6124629866265e-009
   5.9142747984328e-010             -1.6174347471032e-009
   5.9238139513335e-010             -1.7113425161617e-009
   5.9333531042342e-010             -1.6792744345532e-009
   5.9428922571349e-010             -1.5784964893084e-009
   5.9524314100356e-010             -1.6585066622000e-009
   5.9619705629363e-010             -1.7287282473072e-009
   5.9715097158370e-010             -1.6406020966965e-009
   5.9810488687377e-010             -1.5804336267955e-009
   5.9905880216384e-010             -1.6909138959764e-009
   6.0001271745391e-010             -1.7296372518208e-009
   6.0096663274398e-010             -1.6067370780403e-009
   6.0192054803405e-010             -1.6114575238789e-009
   6.0287446332412e-010             -1.7131085691335e-009
   6.0382837861419e-010             -1.6729409421117e-009
   6.0478229390426e-010             -1.5608453940030e-009
   6.0573620919433e-010             -1.6469024220724e-009
   6.0669012448440e-010             -1.7480272297570e-009
   6.0764403977447e-010             -1.6405169981403e-009
   6.0859795506454e-010             -1.5620273946482e-009
   6.0955187035461e-010             -1.6933664180045e-009
   6.1050578564468e-010             -1.7223813163930e-009
   6.1145970093475e-010             -1.6077591005236e-009
   6.1241361622482e-010             -1.5811448203078e-009
   6.1336753151489e-010             -1.7289831637570e-009
   6.1432144680496e-010             -1.6892532781322e-009
   6.1527536209503e-010             -1.5932427389182e-009
   6.1622927738510e-010             -1.6474857650910e-009
   6.1718319267517e-010             -1.7565028727748e-009
   6.1813710796524e-010             -1.6286596179040e-009
   6.1909102325531e-010             -1.5895542305242e-009
   6.2004493854538e-010             -1.6651305963762e-009
   6.2099885383545e-010             -1.7251866578213e-009
   6.2195276912552e-010             -1.6124445277259e-009
   6.2290668441559e-010             -1.6315252597381e-009
   6.2386059970566e-010             -1.7298453846377e-009
   6.2481451499573e-010             -1.7031522422505e-009
   6.2576843028580e-010             -1.5915865074234e-009
   6.2672234557587e-010             -1.7043106361373e-009
   6.2767626086594e-010             -1.7480859319165e-009
   6.2863017615601e-010             -1.6470586233987e-009
   6.2958409144608e-010             -1.5768282394925e-009
   6.3053800673615e-010             -1.7133327765315e-009
   6.3149192202622e-010             -1.7044893019594e-009
   6.3244583731629e-010             -1.6208174991544e-009
   6.3339975260636e-010             -1.6110211765334e-009
   6.3435366789643e-010             -1.7599769613023e-009
   6.3530758318650e-010             -1.6846290126384e-009
   6.3626149847657e-010             -1.5825223243998e-009
   6.3721541376664e-010             -1.6508716859994e-009
   6.3816932905671e-010             -1.7851363721712e-009
   6.3912324434678e-010             -1.6582006509975e-009
   6.4007715963685e-010             -1.6200838396110e-009
   6.4103107492692e-010             -1.7063928424972e-009
   6.4198499021699e-010             -1.7774886161413e-009
   6.4293890550706e-010             -1.6156564731509e-009
   6.4389282079713e-010             -1.6418369930001e-009
   6.4484673608720e-010             -1.7280410167426e-009
   6.4580065137727e-010             -1.7154052214600e-009
   6.4675456666734e-010             -1.5634981881168e-009
   6.4770848195741e-010             -1.6768159279294e-009
   6.4866239724748e-010             -1.7459892215865e-009
   6.4961631253755e-010             -1.6809973809333e-009
   6.5057022782762e-010             -1.6039064041776e-009
   6.5152414311769e-010             -1.7177581655264e-009
   6.5247805840776e-010             -1.6983435044337e-009
   6.5343197369782e-010             -1.6201924942607e-009
   6.5438588898789e-010             -1.6181757100643e-009
   6.5533980427796e-010             -1.7652151744660e-009
   6.5629371956803e-010             -1.6717756531968e-009
   6.5724763485810e-010             -1.6103101104509e-009
   6.5820155014817e-010             -1.6581518637993e-009
   6.5915546543824e-010             -1.7642730289869e-009
   6.6010938072831e-010             -1.6270258539756e-009
   6.6106329601838e-010             -1.5882169420558e-009
   6.6201721130845e-010             -1.6933146139437e-009
   6.6297112659852e-010             -1.7364570456332e-009
   6.6392504188859e-010             -1.5717847437025e-009
   6.6487895717866e-010             -1.6244540253929e-009
   6.6583287246873e-010             -1.7255699836138e-009
   6.6678678775880e-010             -1.7038699776721e-009
   6.6774070304887e-010             -1.5760252274200e-009
   6.6869461833894e-010             -1.6846231815726e-009
   6.6964853362901e-010             -1.7602092842912e-009
   6.7060244891908e-010             -1.6739271598856e-009
   6.7155636420915e-010             -1.5637690025884e-009
   6.7251027949922e-010             -1.7003910729115e-009
   6.7346419478929e-010             -1.7111947344155e-009
   6.7441811007936e-010             -1.6251278927145e-009
   6.7537202536943e-010             -1.6108571666762e-009
   6.7632594065950e-010             -1.7466132868772e-009
   6.7727985594957e-010             -1.6881519896938e-009
   6.7823377123964e-010             -1.6015142823498e-009
   6.7918768652971e-010             -1.6523171992338e-009
   6.8014160181978e-010             -1.7581503054708e-009
   6.8109551710985e-010             -1.6443980192186e-009
   6.8204943239992e-010             -1.6055930130996e-009
   6.8300334768999e-010             -1.6907404271417e-009
   6.8395726298006e-010             -1.7163505373316e-009
   6.8491117827013e-010             -1.6041159817109e-009
   6.8586509356020e-010             -1.6356350541938e-009
   6.8681900885027e-010             -1.7302062167637e-009
   6.8777292414034e-010             -1.6884356868598e-009
   6.8872683943041e-010             -1.5739884352063e-009
   6.8968075472048e-010             -1.6671480407511e-009
   6.9063467001055e-010             -1.7506502805222e-009
   6.9158858530062e-010             -1.6432685073776e-009
   6.9254250059069e-010             -1.6161133581919e-009
   6.9349641588076e-010             -1.7407135041374e-009
   6.9445033117083e-010             -1.7424338128738e-009
   6.9540424646090e-010             -1.6112214486191e-009
   6.9635816175097e-010             -1.6074511625208e-009
   6.9731207704104e-010             -1.7460886982184e-009
   6.9826599233111e-010             -1.7044647816981e-009
   6.9921990762118e-010             -1.5863878005751e-009
   7.0017382291125e-010             -1.6645527558695e-009
   7.0112773820132e-010             -1.7527872325759e-009
   7.0208165349139e-010             -1.6750930337494e-009
   7.0303556878146e-010             -1.6312897172271e-009
   7.0398948407153e-010             -1.7191819988028e-009
   7.0494339936160e-010             -1.7446719150353e-009
   7.0589731465167e-010             -1.6500325145635e-009
   7.0685122994174e-010             -1.6435385373114e-009
   7.0780514523181e-010             -1.7442194670086e-009
   7.0875906052188e-010             -1.6859018937760e-009
   7.0971297581195e-010             -1.6053111168395e-009
   7.1066689110202e-010             -1.6769626441780e-009
   7.1162080639209e-010             -1.7212048182597e-009
   7.1257472168216e-010             -1.6276198964932e-009
   7.1352863697223e-010             -1.6326881919689e-009
   7.1448255226230e-010             -1.7097288354803e-009
   7.1543646755237e-010             -1.7119150307160e-009
   7.1639038284244e-010             -1.5981868594061e-009
   7.1734429813251e-010             -1.6676949956467e-009
   7.1829821342257e-010             -1.7553359610488e-009
   7.1925212871264e-010             -1.6918091564929e-009
   7.2020604400271e-010             -1.5998445617174e-009
   7.2115995929278e-010             -1.6959721751610e-009
   7.2211387458285e-010             -1.7328982899686e-009
   7.2306778987292e-010             -1.6504160169153e-009
   7.2402170516299e-010             -1.6297444249069e-009
   7.2497562045306e-010             -1.7641808803374e-009
   7.2592953574313e-010             -1.7155409833498e-009
   7.2688345103320e-010             -1.6129294335100e-009
   7.2783736632327e-010             -1.6112422411743e-009
   7.2879128161334e-010             -1.7404272215278e-009
   7.2974519690341e-010             -1.6641769622542e-009
   7.3069911219348e-010             -1.6226140569832e-009
   7.3165302748355e-010             -1.6638637504992e-009
   7.3260694277362e-010             -1.7345871803450e-009
   7.3356085806369e-010             -1.6200798585805e-009
   7.3451477335376e-010             -1.6214725268213e-009
   7.3546868864383e-010             -1.6910192543390e-009
   7.3642260393390e-010             -1.7008645929178e-009
   7.3737651922397e-010             -1.6014459692182e-009
   7.3833043451404e-010             -1.6845425706955e-009
   7.3928434980411e-010             -1.7078760857059e-009
   7.4023826509418e-010             -1.6588892003840e-009
   7.4119218038425e-010             -1.5768397250648e-009
   7.4214609567432e-010             -1.7090803758228e-009
   7.4310001096439e-010             -1.6936992570227e-009
   7.4405392625446e-010             -1.6327406301082e-009
   7.4500784154453e-010             -1.6312769619625e-009
   7.4596175683460e-010             -1.7646431926605e-009
   7.4691567212467e-010             -1.6646290049619e-009
   7.4786958741474e-010             -1.5851567855075e-009
   7.4882350270481e-010             -1.6383878315881e-009
   7.4977741799488e-010             -1.7460515240223e-009
   7.5073133328495e-010             -1.6254651687470e-009
   7.5168524857502e-010             -1.6035616727329e-009
   7.5263916386509e-010             -1.6859165758409e-009
   7.5359307915516e-010             -1.7571977875112e-009
   7.5454699444523e-010             -1.5859560698739e-009
   7.5550090973530e-010             -1.6094986296688e-009
   7.5645482502537e-010             -1.7011749137047e-009
   7.5740874031544e-010             -1.7112106846374e-009
   7.5836265560551e-010             -1.5839157526136e-009
   7.5931657089558e-010             -1.6685109395431e-009
   7.6027048618565e-010             -1.7112146902327e-009
   7.6122440147572e-010             -1.6546944870021e-009
   7.6217831676579e-010             -1.6006219880311e-009
   7.6313223205586e-010             -1.7272206097317e-009
   7.6408614734593e-010             -1.7428871744034e-009
   7.6504006263600e-010             -1.6321230053970e-009
   7.6599397792607e-010             -1.6267834640308e-009
   7.6694789321614e-010             -1.7528131223239e-009
   7.6790180850621e-010             -1.6624116446907e-009
   7.6885572379628e-010             -1.6195758843822e-009
   7.6980963908635e-010             -1.6926572541576e-009
   7.7076355437642e-010             -1.7536452697666e-009
   7.7171746966649e-010             -1.6252530057701e-009
   7.7267138495656e-010             -1.6124285268391e-009
   7.7362530024663e-010             -1.7274769202331e-009
   7.7457921553670e-010             -1.7490427609959e-009
   7.7553313082677e-010             -1.5810229283097e-009
   7.7648704611684e-010             -1.6383737329369e-009
   7.7744096140691e-010             -1.7462316867609e-009
   7.7839487669698e-010             -1.6962170998846e-009
   7.7934879198705e-010             -1.5918465456309e-009
   7.8030270727712e-010             -1.6803554892852e-009
   7.8125662256719e-010             -1.7619586516328e-009
   7.8221053785726e-010             -1.6683922164022e-009
   7.8316445314733e-010             -1.5747058159738e-009
   7.8411836843739e-010             -1.7202290727607e-009
   7.8507228372746e-010             -1.7179013582637e-009
   7.8602619901753e-010             -1.6235371601481e-009
   7.8698011430760e-010             -1.6168320577813e-009
   7.8793402959767e-010             -1.7394249276375e-009
   7.8888794488774e-010             -1.7059836776216e-009
   7.8984186017781e-010             -1.6156224939122e-009
   7.9079577546788e-010             -1.6511523402026e-009
   7.9174969075795e-010             -1.7566375707024e-009
   7.9270360604802e-010             -1.6634928007524e-009
   7.9365752133809e-010             -1.6254357293876e-009
   7.9461143662816e-010             -1.7209846916866e-009
   7.9556535191823e-010             -1.7574358402362e-009
   7.9651926720830e-010             -1.6382839425067e-009
   7.9747318249837e-010             -1.6785213519414e-009
   7.9842709778844e-010             -1.7487303844435e-009
   7.9938101307851e-010             -1.6929778199951e-009
   8.0033492836858e-010             -1.5875771292026e-009
   8.0128884365865e-010             -1.7035193138319e-009
   8.0224275894872e-010             -1.7814675662700e-009
   8.0319667423879e-010             -1.6481830887116e-009
   8.0415058952886e-010             -1.5869778374975e-009
   8.0510450481893e-010             -1.7129847503350e-009
   8.0605842010900e-010             -1.7448791082492e-009
   8.0701233539907e-010             -1.6298055098506e-009
   8.0796625068914e-010             -1.6410380632878e-009
   8.0892016597921e-010             -1.7558717834909e-009
   8.0987408126928e-010             -1.6827715725255e-009
   8.1082799655935e-010             -1.5850640795445e-009
   8.1178191184942e-010             -1.6759092816351e-009
   8.1273582713949e-010             -1.7663778027076e-009
   8.1368974242956e-010             -1.6587197386798e-009
   8.1464365771963e-010             -1.5946968467567e-009
   8.1559757300970e-010             -1.7145560337330e-009
   8.1655148829977e-010             -1.7334795265568e-009
   8.1750540358984e-010             -1.6484023770114e-009
   8.1845931887991e-010             -1.6418131574822e-009
   8.1941323416998e-010             -1.7514142161630e-009
   8.2036714946005e-010             -1.6958823095012e-009
   8.2132106475012e-010             -1.6204891739155e-009
   8.2227498004019e-010             -1.7012811103406e-009
   8.2322889533026e-010             -1.7437800521357e-009
   8.2418281062033e-010             -1.6593186511661e-009
   8.2513672591040e-010             -1.6393607613487e-009
   8.2609064120047e-010             -1.7164644166040e-009
   8.2704455649054e-010             -1.7428283954789e-009
   8.2799847178061e-010             -1.6113453687474e-009
   8.2895238707068e-010             -1.6617103661397e-009
   8.2990630236075e-010             -1.7349638352630e-009
   8.3086021765082e-010             -1.6702633744123e-009
   8.3181413294089e-010             -1.5977362875148e-009
   8.3276804823096e-010             -1.7226417844842e-009
   8.3372196352103e-010             -1.7545364985878e-009
   8.3467587881110e-010             -1.6745236128228e-009
   8.3562979410117e-010             -1.6023016481896e-009
   8.3658370939124e-010             -1.7357508986489e-009
   8.3753762468131e-010             -1.7150033093371e-009
   8.3849153997138e-010             -1.6106672670710e-009
   8.3944545526145e-010             -1.6409246154345e-009
   8.4039937055152e-010             -1.7677403975104e-009
   8.4135328584159e-010             -1.6845957949080e-009
   8.4230720113166e-010             -1.6343280172580e-009
   8.4326111642173e-010             -1.6694610731833e-009
   8.4421503171180e-010             -1.7537017150365e-009
   8.4516894700187e-010             -1.6378235830840e-009
   8.4612286229194e-010             -1.6298654295022e-009
   8.4707677758201e-010             -1.7162347819238e-009
   8.4803069287208e-010             -1.7397925810972e-009
   8.4898460816214e-010             -1.6204344021215e-009
   8.4993852345221e-010             -1.6894292571809e-009
   8.5089243874228e-010             -1.7217689132340e-009
   8.5184635403235e-010             -1.6829155513359e-009
   8.5280026932242e-010             -1.6078231777651e-009
   8.5375418461249e-010             -1.7014752443006e-009
   8.5470809990256e-010             -1.7223578600940e-009
   8.5566201519263e-010             -1.6627850555218e-009
   8.5661593048270e-010             -1.6222777696833e-009
   8.5756984577277e-010             -1.7854179644422e-009
   8.5852376106284e-010             -1.7059009127199e-009
   8.5947767635291e-010             -1.6493198011051e-009
   8.6043159164298e-010             -1.6606442237674e-009
   8.6138550693305e-010             -1.7635272482574e-009
   8.6233942222312e-010             -1.6684253589030e-009
   8.6329333751319e-010             -1.6220548289070e-009
   8.6424725280326e-010             -1.6914038221884e-009
   8.6520116809333e-010             -1.7809776400580e-009
   8.6615508338340e-010             -1.6245664338488e-009
   8.6710899867347e-010             -1.6403718279378e-009
   8.6806291396354e-010             -1.7294999423495e-009
   8.6901682925361e-010             -1.7248532614895e-009
   8.6997074454368e-010             -1.6076275975533e-009
   8.7092465983375e-010             -1.6833408168927e-009
   8.7187857512382e-010             -1.7372675376828e-009
   8.7283249041389e-010             -1.7088341568422e-009
   8.7378640570396e-010             -1.5815346619095e-009
   8.7474032099403e-010             -1.7193448172679e-009
   8.7569423628410e-010             -1.7330469330175e-009
   8.7664815157417e-010             -1.6470260643115e-009
   8.7760206686424e-010             -1.6273066340733e-009
   8.7855598215431e-010             -1.7201108823686e-009
   8.7950989744438e-010             -1.6841845266727e-009
   8.8046381273445e-010             -1.6343059058809e-009
   8.8141772802452e-010             -1.6582658198366e-009
   8.8237164331459e-010             -1.7579002328895e-009
   8.8332555860466e-010             -1.6500398179811e-009
   8.8427947389473e-010             -1.6243518619877e-009
   8.8523338918480e-010             -1.7038406903073e-009
   8.8618730447487e-010             -1.7507281263256e-009
   8.8714121976494e-010             -1.6118593592368e-009
   8.8809513505501e-010             -1.6511076599294e-009
   8.8904905034508e-010             -1.7318460666175e-009
   8.9000296563515e-010             -1.7042050735800e-009
   8.9095688092522e-010             -1.5951824879491e-009
   8.9191079621529e-010             -1.6860545439555e-009
   8.9286471150536e-010             -1.7534225577499e-009
   8.9381862679543e-010             -1.6461789308147e-009
   8.9477254208550e-010             -1.5680998094847e-009
   8.9572645737557e-010             -1.7082627077855e-009
   8.9668037266564e-010             -1.7038780164980e-009
   8.9763428795571e-010             -1.6161809865801e-009
   8.9858820324578e-010             -1.5933753826157e-009
   8.9954211853585e-010             -1.7388173944470e-009
   9.0049603382592e-010             -1.7014443602248e-009
   9.0144994911599e-010             -1.5870732056691e-009
   9.0240386440606e-010             -1.6250204540217e-009
   9.0335777969613e-010             -1.7227337550390e-009
   9.0431169498620e-010             -1.6542388931476e-009
   9.0526561027627e-010             -1.6016293530142e-009
   9.0621952556634e-010             -1.6544905394104e-009
   9.0717344085641e-010             -1.6917343275521e-009
   9.0812735614648e-010             -1.6054785749784e-009
   9.0908127143655e-010             -1.6313115246149e-009
   9.1003518672662e-010             -1.7178475245375e-009
   9.1098910201669e-010             -1.6791394848365e-009
   9.1194301730676e-010             -1.5727883809795e-009
   9.1289693259683e-010             -1.6580291857280e-009
   9.1385084788690e-010             -1.7052885617610e-009
   9.1480476317696e-010             -1.6372620981182e-009
   9.1575867846703e-010             -1.5974995781766e-009
   9.1671259375710e-010             -1.7045698621716e-009
   9.1766650904717e-010             -1.7132616000672e-009
   9.1862042433724e-010             -1.5876310135937e-009
   9.1957433962731e-010             -1.6194217879509e-009
   9.2052825491738e-010             -1.7367864854993e-009
   9.2148217020745e-010             -1.6610850081271e-009
   9.2243608549752e-010             -1.5639718094528e-009
   9.2339000078759e-010             -1.6520929903004e-009
   9.2434391607766e-010             -1.7738604066178e-009
   9.2529783136773e-010             -1.6532960874899e-009
   9.2625174665780e-010             -1.5890387185534e-009
   9.2720566194787e-010             -1.6857314940041e-009
   9.2815957723794e-010             -1.7180361068562e-009
   9.2911349252801e-010             -1.6197293958644e-009
   9.3006740781808e-010             -1.6242854004267e-009
   9.3102132310815e-010             -1.7379940212384e-009
   9.3197523839822e-010             -1.6840987433731e-009
   9.3292915368829e-010             -1.6033498383100e-009
   9.3388306897836e-010             -1.6516009346287e-009
   9.3483698426843e-010             -1.7354481069686e-009
   9.3579089955850e-010             -1.6471503145290e-009
   9.3674481484857e-010             -1.5957484866941e-009
   9.3769873013864e-010             -1.6881751404683e-009
   9.3865264542871e-010             -1.6978701870869e-009
   9.3960656071878e-010             -1.5882637763536e-009
   9.4056047600885e-010             -1.6275260759030e-009
   9.4151439129892e-010             -1.7218864449828e-009
   9.4246830658899e-010             -1.6616381748426e-009
   9.4342222187906e-010             -1.5699807565616e-009
   9.4437613716913e-010             -1.6852982141862e-009
   9.4533005245920e-010             -1.7202833885708e-009
   9.4628396774927e-010             -1.6287236951455e-009
   9.4723788303934e-010             -1.5648208958501e-009
   9.4819179832941e-010             -1.7163535802944e-009
   9.4914571361948e-010             -1.7061976937045e-009
   9.5009962890955e-010             -1.5915109691744e-009
   9.5105354419962e-010             -1.5967511859034e-009
   9.5200745948969e-010             -1.7398933765510e-009
   9.5296137477976e-010             -1.6668823726020e-009
