# Atom Manipulation               
# 
# Sample                          Ag(111)
# Data set                        -
# Creation Comment                
# Gap voltage                     -1.000e-004 V
# Gap voltage range in Volt       -1;1
# Feedback loop enabled           No
# Regulator setpoint              1.000e-009 A
# Pre-amplifier range             0;3.33e-007
# Loop gain                       7.000e+000 %
# Z-axis offset                   -8.000e-010 m
# Parameter mode                  V before Z
# Raster time                     1.000e-002 seconds
# Channel name and data unit      I(r) [A]
# Manipulation vector: start      2.718e+001, -1.320e+000 [nm]
#                      end        1.146e+001, -1.188e+001 [nm]
# 
# 
#            Position                             I(r)
# -------------------             --------------------
   0.00000000000e+000             -2.309774318101e-008
   9.46879084150e-011             -2.234534494255e-008
   1.89375816830e-010             -2.209246166013e-008
   2.84063725245e-010             -2.237684876491e-008
   3.78751633660e-010             -2.234740653445e-008
   4.73439542075e-010             -2.226734729954e-008
   5.68127450490e-010             -2.154408643335e-008
   6.62815358905e-010             -2.101789529997e-008
   7.57503267320e-010             -2.135337065236e-008
   8.52191175735e-010             -2.111218130224e-008
   9.46879084150e-010             -2.067213710865e-008
   1.04156699256e-009             -2.037779760889e-008
   1.13625490098e-009             -2.046429034409e-008
   1.23094280939e-009             -2.100709516352e-008
   1.32563071781e-009             -2.114837445146e-008
   1.42031862622e-009             -2.133044643272e-008
   1.51500653464e-009             -2.140681263471e-008
   1.60969444305e-009             -1.947969452155e-008
   1.70438235147e-009             -1.853506427453e-008
   1.79907025988e-009             -1.690866519872e-008
   1.89375816830e-009             -1.580012358697e-008
   1.98844607671e-009             -1.500169765386e-008
   2.08313398513e-009             -1.497917551831e-008
   2.17782189354e-009             -1.481165547613e-008
   2.27250980196e-009             -1.450997332878e-008
   2.36719771037e-009             -1.457714524958e-008
   2.46188561879e-009             -1.480489928515e-008
   2.55657352720e-009             -1.455203135418e-008
   2.65126143562e-009             -1.438860642900e-008
   2.74594934403e-009             -1.465039975810e-008
   2.84063725245e-009             -1.466663182868e-008
   2.93532516086e-009             -1.431979298795e-008
   3.03001306928e-009             -1.443609390749e-008
   3.12470097769e-009             -1.455538634496e-008
   3.21938888611e-009             -1.453692877855e-008
   3.31407679452e-009             -1.432652343811e-008
   3.40876470294e-009             -1.439489137682e-008
   3.50345261135e-009             -1.451001690211e-008
   3.59814051977e-009             -1.447983454543e-008
   3.69282842818e-009             -1.417151684783e-008
   3.78751633660e-009             -1.441794368032e-008
   3.88220424501e-009             -1.466669075346e-008
   3.97689215343e-009             -1.432437981671e-008
   4.07158006184e-009             -1.426844081936e-008
   4.16626797026e-009             -1.466954131712e-008
   4.26095587867e-009             -1.453535114516e-008
   4.35564378709e-009             -1.439266836205e-008
   4.45033169550e-009             -1.453107150057e-008
   4.54501960392e-009             -1.488449239405e-008
   4.63970751233e-009             -1.470787808774e-008
   4.73439542075e-009             -1.468020049931e-008
   4.82908332916e-009             -1.491726914668e-008
   4.92377123758e-009             -1.516577292251e-008
   5.01845914599e-009             -1.489662423049e-008
   5.11314705441e-009             -1.501933570066e-008
   5.20783496282e-009             -1.539194932469e-008
   5.30252287124e-009             -1.532498488114e-008
   5.39721077965e-009             -1.523942191692e-008
   5.49189868807e-009             -1.546546000093e-008
   5.58658659648e-009             -1.553922157267e-008
   5.68127450490e-009             -1.553728542852e-008
   5.77596241331e-009             -1.544650281443e-008
   5.87065032173e-009             -1.553286234862e-008
   5.96533823014e-009             -1.560248274900e-008
   6.06002613856e-009             -1.554137031122e-008
   6.15471404697e-009             -1.539099412303e-008
   6.24940195539e-009             -1.568874490223e-008
   6.34408986380e-009             -1.557315836809e-008
   6.43877777222e-009             -1.524960210268e-008
   6.53346568063e-009             -1.545318721022e-008
   6.62815358905e-009             -1.563154832607e-008
   6.72284149746e-009             -1.526930189645e-008
   6.81752940588e-009             -1.526330645536e-008
   6.91221731429e-009             -1.542196002419e-008
   7.00690522271e-009             -1.541818759788e-008
   7.10159313112e-009             -1.522354572098e-008
   7.19628103954e-009             -1.518660732838e-008
   7.29096894795e-009             -1.526799841833e-008
   7.38565685637e-009             -1.540086185241e-008
   7.48034476478e-009             -1.506248724589e-008
   7.57503267320e-009             -1.510720107305e-008
   7.66972058161e-009             -1.545519003241e-008
   7.76440849003e-009             -1.513729891920e-008
   7.85909639844e-009             -1.485395679883e-008
   7.95378430686e-009             -1.520031927926e-008
   8.04847221527e-009             -1.533363364295e-008
   8.14316012369e-009             -1.494159158926e-008
   8.23784803210e-009             -1.511381894587e-008
   8.33253594052e-009             -1.529358603793e-008
   8.42722384893e-009             -1.515163578285e-008
   8.52191175735e-009             -1.507365876351e-008
   8.61659966576e-009             -1.521961962505e-008
   8.71128757418e-009             -1.544800617160e-008
   8.80597548259e-009             -1.523332134162e-008
   8.90066339101e-009             -1.512022422429e-008
   8.99535129942e-009             -1.553042425840e-008
   9.09003920784e-009             -1.551226100575e-008
   9.18472711625e-009             -1.525594085813e-008
   9.27941502467e-009             -1.541681992278e-008
   9.37410293308e-009             -1.563110266867e-008
   9.46879084150e-009             -1.544349098296e-008
   9.56347874991e-009             -1.544333219619e-008
   9.65816665833e-009             -1.545671137713e-008
   9.75285456674e-009             -1.558443470980e-008
   9.84754247516e-009             -1.542253624649e-008
   9.94223038357e-009             -1.521457426848e-008
   1.00369182920e-008             -1.541239699794e-008
   1.01316062004e-008             -1.546720665540e-008
   1.02262941088e-008             -1.503882041899e-008
   1.03209820172e-008             -1.510508055637e-008
   1.04156699256e-008             -1.533034005799e-008
   1.05103578341e-008             -1.504911333716e-008
   1.06050457425e-008             -1.485087828932e-008
   1.06997336509e-008             -1.513779326707e-008
   1.07944215593e-008             -1.498123711020e-008
   1.08891094677e-008             -1.494064414086e-008
   1.09837973761e-008             -1.488058428569e-008
   1.10784852846e-008             -1.496958427019e-008
   1.11731731930e-008             -1.498759369815e-008
   1.12678611014e-008             -1.483146273008e-008
   1.13625490098e-008             -1.468149637923e-008
   1.14572369182e-008             -1.503446401712e-008
   1.15519248266e-008             -1.495710927445e-008
   1.16466127350e-008             -1.454093674890e-008
   1.17413006435e-008             -1.493283784832e-008
   1.18359885519e-008             -1.501669773140e-008
   1.19306764603e-008             -1.457820558545e-008
   1.20253643687e-008             -1.467759835011e-008
   1.21200522771e-008             -1.493770658562e-008
   1.22147401855e-008             -1.497705996371e-008
   1.23094280939e-008             -1.458946657570e-008
   1.24041160024e-008             -1.477542650685e-008
   1.24988039108e-008             -1.515362837073e-008
   1.25934918192e-008             -1.498300175224e-008
   1.26881797276e-008             -1.465293274822e-008
   1.27828676360e-008             -1.516913830266e-008
   1.28775555444e-008             -1.526325528385e-008
   1.29722434528e-008             -1.497518538045e-008
   1.30669313613e-008             -1.506399572020e-008
   1.31616192697e-008             -1.535598412132e-008
   1.32563071781e-008             -1.523950890850e-008
   1.33509950865e-008             -1.532864473011e-008
   1.34456829949e-008             -1.528170261595e-008
   1.35403709033e-008             -1.561471956458e-008
   1.36350588118e-008             -1.568131014592e-008
   1.37297467202e-008             -1.540967715424e-008
   1.38244346286e-008             -1.548742638279e-008
   1.39191225370e-008             -1.583362759540e-008
   1.40138104454e-008             -1.549750158942e-008
   1.41084983538e-008             -1.549129867109e-008
   1.42031862622e-008             -1.582501977081e-008
   1.42978741707e-008             -1.566207384205e-008
   1.43925620791e-008             -1.552950999395e-008
   1.44872499875e-008             -1.580469770038e-008
   1.45819378959e-008             -1.576108251020e-008
   1.46766258043e-008             -1.576447595714e-008
   1.47713137127e-008             -1.565504628696e-008
   1.48660016211e-008             -1.575179348416e-008
   1.49606895296e-008             -1.587320643831e-008
   1.50553774380e-008             -1.578411419002e-008
   1.51500653464e-008             -1.567937136566e-008
   1.52447532548e-008             -1.592843089519e-008
   1.53394411632e-008             -1.590649785235e-008
   1.54341290716e-008             -1.566512661074e-008
   1.55288169801e-008             -1.582273023306e-008
   1.56235048885e-008             -1.602508350261e-008
   1.57181927969e-008             -1.587567275039e-008
   1.58128807053e-008             -1.581994882848e-008
   1.59075686137e-008             -1.595924064569e-008
   1.60022565221e-008             -1.615549349501e-008
   1.60969444305e-008             -1.601141745104e-008
   1.61916323390e-008             -1.589254508521e-008
   1.62863202474e-008             -1.625266076385e-008
   1.63810081558e-008             -1.632028345919e-008
   1.64756960642e-008             -1.591057250074e-008
   1.65703839726e-008             -1.619229356945e-008
   1.66650718810e-008             -1.642760021089e-008
   1.67597597894e-008             -1.615299136287e-008
   1.68544476979e-008             -1.626785296717e-008
   1.69491356063e-008             -1.645057823815e-008
   1.70438235147e-008             -1.638360604134e-008
   1.71385114231e-008             -1.644295383709e-008
   1.72331993315e-008             -1.645576175782e-008
   1.73278872399e-008             -1.655023740483e-008
   1.74225751484e-008             -1.673769790197e-008
   1.75172630568e-008             -1.652121524601e-008
   1.76119509652e-008             -1.648920172433e-008
   1.77066388736e-008             -1.689387492441e-008
   1.78013267820e-008             -1.663268355844e-008
   1.78960146904e-008             -1.642459861372e-008
   1.79907025988e-008             -1.683029632961e-008
   1.80853905073e-008             -1.672757400487e-008
   1.81800784157e-008             -1.642829676379e-008
   1.82747663241e-008             -1.652385057917e-008
   1.83694542325e-008             -1.669500736560e-008
   1.84641421409e-008             -1.660372032440e-008
   1.85588300493e-008             -1.644736404658e-008
   1.86535179577e-008             -1.640282683869e-008
   1.87482058662e-008             -1.666215385570e-008
   1.88428937746e-008             -1.645982880801e-008
