# Atom Manipulation               
# 
# Sample                          Ag(111)
# Data set                        -
# Creation Comment                
# Gap voltage                     -1.000e-004 V
# Gap voltage range in Volt       -1;1
# Feedback loop enabled           No
# Regulator setpoint              9.901e-012 A
# Pre-amplifier range             0;3.29703e-009
# Loop gain                       7.000e+000 %
# Z-axis offset                   -6.000e-010 m
# Parameter mode                  V before Z
# Raster time                     1.000e-002 seconds
# Channel name and data unit      I(r) [A]
# Manipulation vector: start      -4.724e+000, -1.568e+000 [nm]
#                      end        -6.734e+000, -3.779e+000 [nm]
# 
# 
#             Position                             I(r)
# --------------------             --------------------
   0.000000000000e+000             -7.998849293356e-010
   2.988436613496e-012             -8.491428056884e-010
   5.976873226991e-012             -9.094011688846e-010
   8.965309840487e-012             -8.417689838577e-010
   1.195374645398e-011             -8.465701664679e-010
   1.494218306748e-011             -8.979042154553e-010
   1.793061968097e-011             -9.229527900145e-010
   2.091905629447e-011             -8.598124048786e-010
   2.390749290796e-011             -8.932774643124e-010
   2.689592952146e-011             -9.403966905708e-010
   2.988436613496e-011             -9.100414116215e-010
   3.287280274845e-011             -8.566899443592e-010
   3.586123936195e-011             -9.335284396495e-010
   3.884967597544e-011             -9.644665027684e-010
   4.183811258894e-011             -9.096349104898e-010
   4.482654920243e-011             -8.973656033748e-010
   4.781498581593e-011             -9.658571428791e-010
   5.080342242942e-011             -9.574192820358e-010
   5.379185904292e-011             -9.019284523003e-010
   5.678029565642e-011             -9.238486339446e-010
   5.976873226991e-011             -9.819522939594e-010
   6.275716888341e-011             -9.338777616384e-010
   6.574560549690e-011             -9.047367123321e-010
   6.873404211040e-011             -9.632636343384e-010
   7.172247872389e-011             -9.954297463271e-010
   7.471091533739e-011             -9.259214580919e-010
   7.769935195088e-011             -9.126987701794e-010
   8.068778856438e-011             -9.908390025530e-010
   8.367622517788e-011             -9.824238871653e-010
   8.666466179137e-011             -9.345160530102e-010
   8.965309840487e-011             -9.505920082464e-010
   9.264153501836e-011             -1.018437344983e-009
   9.562997163186e-011             -9.691313907399e-010
   9.861840824535e-011             -9.253178813671e-010
   1.016068448588e-010             -9.978210820818e-010
   1.045952814723e-010             -1.026806462811e-009
   1.075837180858e-010             -9.583455294932e-010
   1.105721546993e-010             -9.349841211695e-010
   1.135605913128e-010             -1.006844972717e-009
   1.165490279263e-010             -1.030256689720e-009
   1.195374645398e-010             -9.470503680956e-010
   1.225259011533e-010             -9.840210096464e-010
   1.255143377668e-010             -1.042454415052e-009
   1.285027743803e-010             -9.986467628450e-010
   1.314912109938e-010             -9.501585273043e-010
   1.344796476073e-010             -1.011447177499e-009
   1.374680842208e-010             -1.038068202283e-009
   1.404565208343e-010             -9.939775898538e-010
   1.434449574478e-010             -9.649996891019e-010
   1.464333940613e-010             -1.048314488817e-009
   1.494218306748e-010             -1.035500913580e-009
   1.524102672883e-010             -9.778692520898e-010
   1.553987039018e-010             -1.000406577897e-009
   1.583871405153e-010             -1.060018914884e-009
   1.613755771288e-010             -1.009015193166e-009
   1.643640137423e-010             -9.875195938704e-010
   1.673524503558e-010             -1.033012586842e-009
   1.703408869692e-010             -1.081826941397e-009
   1.733293235827e-010             -9.991873784907e-010
   1.763177601962e-010             -1.002279231288e-009
   1.793061968097e-010             -1.051848495461e-009
   1.822946334232e-010             -1.050094310351e-009
   1.852830700367e-010             -9.818598674208e-010
   1.882715066502e-010             -1.024221499745e-009
   1.912599432637e-010             -1.086770275812e-009
   1.942483798772e-010             -1.047565057146e-009
   1.972368164907e-010             -9.872945236343e-010
   2.002252531042e-010             -1.057023518786e-009
   2.032136897177e-010             -1.077572586253e-009
   2.062021263312e-010             -1.029880414021e-009
   2.091905629447e-010             -1.004204528549e-009
   2.121789995582e-010             -1.091357190550e-009
   2.151674361717e-010             -1.067032309908e-009
   2.181558727852e-010             -1.017509602144e-009
   2.211443093987e-010             -1.037636572912e-009
   2.241327460122e-010             -1.105679264665e-009
   2.271211826257e-010             -1.050928054504e-009
   2.301096192392e-010             -1.011635429728e-009
   2.330980558527e-010             -1.056930636263e-009
   2.360864924661e-010             -1.096420920046e-009
   2.390749290796e-010             -1.031603309736e-009
   2.420633656931e-010             -1.038811574128e-009
   2.450518023066e-010             -1.083514006303e-009
   2.480402389201e-010             -1.086556615918e-009
   2.510286755336e-010             -1.012253206434e-009
   2.540171121471e-010             -1.067770331236e-009
   2.570055487606e-010             -1.099851851317e-009
   2.599939853741e-010             -1.079149904911e-009
   2.629824219876e-010             -1.022422812456e-009
   2.659708586011e-010             -1.089315884557e-009
   2.689592952146e-010             -1.093224848078e-009
   2.719477318281e-010             -1.051704974169e-009
   2.749361684416e-010             -1.033922580088e-009
   2.779246050551e-010             -1.111832138384e-009
   2.809130416686e-010             -1.088072316884e-009
   2.839014782821e-010             -1.047630706534e-009
   2.868899148956e-010             -1.062634484137e-009
   2.898783515091e-010             -1.120614400583e-009
   2.928667881226e-010             -1.053702309197e-009
   2.958552247361e-010             -1.039981098933e-009
   2.988436613496e-010             -1.079925175665e-009
   3.018320979630e-010             -1.117816004848e-009
   3.048205345765e-010             -1.050262860087e-009
   3.078089711900e-010             -1.066894467688e-009
   3.107974078035e-010             -1.119497009928e-009
   3.137858444170e-010             -1.109470570543e-009
   3.167742810305e-010             -1.052647171849e-009
   3.197627176440e-010             -1.089180807411e-009
   3.227511542575e-010             -1.126332727863e-009
   3.257395908710e-010             -1.083973452223e-009
   3.287280274845e-010             -1.053702081973e-009
   3.317164640980e-010             -1.119389597336e-009
   3.347049007115e-010             -1.126610262338e-009
   3.376933373250e-010             -1.081013305055e-009
   3.406817739385e-010             -1.083095485315e-009
   3.436702105520e-010             -1.146768167846e-009
   3.466586471655e-010             -1.119936552231e-009
   3.496470837790e-010             -1.065432675678e-009
   3.526355203925e-010             -1.096079004340e-009
   3.556239570060e-010             -1.136360915953e-009
   3.586123936195e-010             -1.097279287326e-009
   3.616008302330e-010             -1.075693263522e-009
   3.645892668465e-010             -1.143136485476e-009
   3.675777034600e-010             -1.142796926454e-009
   3.705661400734e-010             -1.087235681763e-009
   3.735545766869e-010             -1.089046008153e-009
   3.765430133004e-010             -1.155994461562e-009
   3.795314499139e-010             -1.130316064341e-009
   3.825198865274e-010             -1.082330180187e-009
   3.855083231409e-010             -1.125762596092e-009
   3.884967597544e-010             -1.172820786537e-009
   3.914851963679e-010             -1.120235513340e-009
   3.944736329814e-010             -1.106092789790e-009
   3.974620695949e-010             -1.155465687678e-009
   4.004505062084e-010             -1.163314044348e-009
   4.034389428219e-010             -1.094163419381e-009
   4.064273794354e-010             -1.123129859126e-009
   4.094158160489e-010             -1.175155297803e-009
   4.124042526624e-010             -1.163687581073e-009
   4.153926892759e-010             -1.102504187912e-009
   4.183811258894e-010             -1.157587096364e-009
   4.213695625029e-010             -1.191644296080e-009
   4.243579991164e-010             -1.153371562792e-009
   4.273464357299e-010             -1.127171289785e-009
   4.303348723434e-010             -1.183320289944e-009
   4.333233089569e-010             -1.178764894896e-009
   4.363117455703e-010             -1.131129700683e-009
   4.393001821838e-010             -1.142838665094e-009
   4.422886187973e-010             -1.229380979702e-009
   4.452770554108e-010             -1.188950854924e-009
   4.482654920243e-010             -1.154381895508e-009
   4.512539286378e-010             -1.182161922158e-009
   4.542423652513e-010             -1.223311455834e-009
   4.572308018648e-010             -1.159231611992e-009
   4.602192384783e-010             -1.162395556292e-009
   4.632076750918e-010             -1.216871817421e-009
   4.661961117053e-010             -1.227643782676e-009
   4.691845483188e-010             -1.164158033552e-009
   4.721729849323e-010             -1.201328210245e-009
   4.751614215458e-010             -1.246118733274e-009
   4.781498581593e-010             -1.221576947116e-009
   4.811382947728e-010             -1.168086065488e-009
   4.841267313863e-010             -1.251224278175e-009
   4.871151679998e-010             -1.268717802668e-009
   4.901036046133e-010             -1.229764684713e-009
   4.930920412268e-010             -1.192544325235e-009
   4.960804778403e-010             -1.290697523209e-009
   4.990689144538e-010             -1.268456623733e-009
   5.020573510672e-010             -1.229741329744e-009
   5.050457876807e-010             -1.255976748817e-009
   5.080342242942e-010             -1.335623198614e-009
   5.110226609077e-010             -1.281481347114e-009
   5.140110975212e-010             -1.251873041822e-009
   5.169995341347e-010             -1.297668900169e-009
   5.199879707482e-010             -1.361289144561e-009
   5.229764073617e-010             -1.284324522917e-009
   5.259648439752e-010             -1.314489876161e-009
   5.289532805887e-010             -1.365003112819e-009
   5.319417172022e-010             -1.389813760548e-009
   5.349301538157e-010             -1.303364254768e-009
   5.379185904292e-010             -1.372059437875e-009
   5.409070270427e-010             -1.412671093343e-009
   5.438954636562e-010             -1.393634126566e-009
   5.468839002697e-010             -1.345855182302e-009
   5.498723368832e-010             -1.452105466141e-009
   5.528607734967e-010             -1.458269699537e-009
   5.558492101102e-010             -1.407951358348e-009
   5.588376467237e-010             -1.402503948405e-009
   5.618260833372e-010             -1.524803637553e-009
   5.648145199507e-010             -1.499950617106e-009
   5.678029565642e-010             -1.452831238853e-009
   5.707913931776e-010             -1.488087379704e-009
   5.737798297911e-010             -1.590704508820e-009
   5.767682664046e-010             -1.503760790274e-009
   5.797567030181e-010             -1.495006344623e-009
   5.827451396316e-010             -1.576020993065e-009
   5.857335762451e-010             -1.658368643420e-009
   5.887220128586e-010             -1.567898042018e-009
   5.917104494721e-010             -1.590880868623e-009
   5.946988860856e-010             -1.680916567397e-009
   5.976873226991e-010             -1.693571761183e-009
   6.006757593126e-010             -1.619603776160e-009
   6.036641959261e-010             -1.695461835613e-009
   6.066526325396e-010             -1.777428418601e-009
   6.096410691531e-010             -1.758092490714e-009
   6.126295057666e-010             -1.706774898597e-009
   6.156179423801e-010             -1.816980955690e-009
   6.186063789936e-010             -1.847702062628e-009
   6.215948156071e-010             -1.798350718804e-009
   6.245832522206e-010             -1.815744639235e-009
   6.275716888341e-010             -1.947690233149e-009
   6.305601254476e-010             -1.923952828551e-009
   6.335485620611e-010             -1.876707044520e-009
   6.365369986746e-010             -1.948645490082e-009
   6.395254352880e-010             -2.046743280649e-009
   6.425138719015e-010             -1.983318920458e-009
   6.455023085150e-010             -1.974853496390e-009
   6.484907451285e-010             -2.118466062752e-009
   6.514791817420e-010             -2.155907638865e-009
   6.544676183555e-010             -2.058573326420e-009
   6.574560549690e-010             -2.096721708161e-009
   6.604444915825e-010             -2.251411821097e-009
   6.634329281960e-010             -2.257179821442e-009
   6.664213648095e-010             -2.152384483715e-009
   6.694098014230e-010             -2.268177263787e-009
   6.723982380365e-010             -2.387125240025e-009
   6.753866746500e-010             -2.295811765580e-009
   6.783751112635e-010             -2.287661759493e-009
   6.813635478770e-010             -2.431915710853e-009
   6.843519844905e-010             -2.530541541431e-009
   6.873404211040e-010             -2.412581685203e-009
   6.903288577175e-010             -2.460124933426e-009
   6.933172943310e-010             -2.620440692242e-009
   6.963057309445e-010             -2.594107344118e-009
   6.992941675580e-010             -2.489875088069e-009
   7.022826041715e-010             -2.616413157574e-009
   7.052710407849e-010             -2.757288465344e-009
   7.082594773984e-010             -2.703667502432e-009
   7.112479140119e-010             -2.666906082225e-009
   7.142363506254e-010             -2.857570703976e-009
   7.172247872389e-010             -2.865866107490e-009
   7.202132238524e-010             -2.757741243460e-009
   7.232016604659e-010             -2.809706533726e-009
   7.261900970794e-010             -3.024711656251e-009
   7.291785336929e-010             -2.956990950487e-009
   7.321669703064e-010             -2.896104008221e-009
   7.351554069199e-010             -3.015318615240e-009
   7.381438435334e-010             -3.165043838162e-009
   7.411322801469e-010             -2.996925669571e-009
   7.441207167604e-010             -3.008102437917e-009
   7.471091533739e-010             -3.221558666310e-009
   7.500975899874e-010             -3.273337023169e-009
   7.530860266009e-010             -3.124697646648e-009
   7.560744632144e-010             -3.207667054739e-009
   7.590628998279e-010             -3.297029623135e-009
   7.620513364414e-010             -3.293526271807e-009
   7.650397730549e-010             -3.194915325954e-009
   7.680282096684e-010             -3.297029623135e-009
   7.710166462819e-010             -3.297029623135e-009
   7.740050828953e-010             -3.297029623135e-009
   7.769935195088e-010             -3.296812666954e-009
   7.799819561223e-010             -3.297029623135e-009
   7.829703927358e-010             -3.297029623135e-009
   7.859588293493e-010             -3.297029623135e-009
   7.889472659628e-010             -3.297029623135e-009
   7.919357025763e-010             -3.297029623135e-009
   7.949241391898e-010             -3.297029623135e-009
   7.979125758033e-010             -3.297029623135e-009
   8.009010124168e-010             -3.297029623135e-009
   8.038894490303e-010             -3.297029623135e-009
   8.068778856438e-010             -3.297029623135e-009
   8.098663222573e-010             -3.297029623135e-009
   8.128547588708e-010             -3.297029623135e-009
   8.158431954843e-010             -3.297029623135e-009
   8.188316320978e-010             -3.297029623135e-009
   8.218200687113e-010             -3.297029623135e-009
   8.248085053248e-010             -3.297029623135e-009
   8.277969419383e-010             -3.297029623135e-009
   8.307853785518e-010             -3.297029623135e-009
   8.337738151653e-010             -3.297029623135e-009
   8.367622517788e-010             -3.297029623135e-009
   8.397506883922e-010             -3.297029623135e-009
   8.427391250057e-010             -3.297029623135e-009
   8.457275616192e-010             -3.297029623135e-009
   8.487159982327e-010             -3.297029623135e-009
   8.517044348462e-010             -3.297029623135e-009
   8.546928714597e-010             -3.297029623135e-009
   8.576813080732e-010             -3.297029623135e-009
   8.606697446867e-010             -3.297029623135e-009
   8.636581813002e-010             -3.297029623135e-009
   8.666466179137e-010             -3.297029623135e-009
   8.696350545272e-010             -3.297029623135e-009
   8.726234911407e-010             -3.297029623135e-009
   8.756119277542e-010             -3.297029623135e-009
   8.786003643677e-010             -3.297029623135e-009
   8.815888009812e-010             -3.297029623135e-009
   8.845772375947e-010             -3.297029623135e-009
   8.875656742082e-010             -3.297029623135e-009
   8.905541108217e-010             -3.297029623135e-009
   8.935425474352e-010             -3.297029623135e-009
   8.965309840487e-010             -3.297029623135e-009
   8.995194206622e-010             -3.297029623135e-009
   9.025078572757e-010             -3.297029623135e-009
   9.054962938892e-010             -3.297029623135e-009
   9.084847305026e-010             -3.297029623135e-009
   9.114731671161e-010             -3.297029623135e-009
   9.144616037296e-010             -3.297029623135e-009
   9.174500403431e-010             -3.297029623135e-009
   9.204384769566e-010             -3.297029623135e-009
   9.234269135701e-010             -3.297029623135e-009
   9.264153501836e-010             -3.297029623135e-009
   9.294037867971e-010             -3.297029623135e-009
   9.323922234106e-010             -3.297029623135e-009
   9.353806600241e-010             -3.297029623135e-009
   9.383690966376e-010             -3.297029623135e-009
   9.413575332511e-010             -3.297029623135e-009
   9.443459698646e-010             -3.297029623135e-009
   9.473344064781e-010             -3.297029623135e-009
   9.503228430916e-010             -3.297029623135e-009
   9.533112797051e-010             -3.297029623135e-009
   9.562997163186e-010             -3.297029623135e-009
   9.592881529321e-010             -3.297029623135e-009
   9.622765895456e-010             -3.297029623135e-009
   9.652650261591e-010             -3.297029623135e-009
   9.682534627726e-010             -3.297029623135e-009
   9.712418993861e-010             -3.297029623135e-009
   9.742303359995e-010             -3.297029623135e-009
   9.772187726130e-010             -3.297029623135e-009
   9.802072092265e-010             -3.297029623135e-009
   9.831956458400e-010             -3.297029623135e-009
   9.861840824535e-010             -3.297029623135e-009
   9.891725190670e-010             -3.297029623135e-009
   9.921609556805e-010             -3.297029623135e-009
   9.951493922940e-010             -3.297029623135e-009
   9.981378289075e-010             -3.297029623135e-009
   1.001126265521e-009             -3.297029623135e-009
   1.004114702135e-009             -3.297029623135e-009
   1.007103138748e-009             -3.297029623135e-009
   1.010091575361e-009             -3.297029623135e-009
   1.013080011975e-009             -3.297029623135e-009
   1.016068448588e-009             -3.297029623135e-009
   1.019056885202e-009             -3.297029623135e-009
   1.022045321815e-009             -3.297029623135e-009
   1.025033758429e-009             -3.297029623135e-009
   1.028022195042e-009             -3.297029623135e-009
   1.031010631656e-009             -3.297029623135e-009
   1.033999068269e-009             -3.297029623135e-009
   1.036987504883e-009             -3.297029623135e-009
   1.039975941496e-009             -3.297029623135e-009
   1.042964378110e-009             -3.297029623135e-009
   1.045952814723e-009             -3.297029623135e-009
   1.048941251337e-009             -3.268733778990e-009
   1.051929687950e-009             -3.296931540554e-009
   1.054918124564e-009             -3.297029623135e-009
   1.057906561177e-009             -3.290933320580e-009
   1.060894997791e-009             -3.168048793032e-009
   1.063883434404e-009             -3.265331502540e-009
   1.066871871018e-009             -3.244186313761e-009
   1.069860307631e-009             -3.163775268144e-009
   1.072848744245e-009             -3.098609806661e-009
   1.075837180858e-009             -3.232308292964e-009
   1.078825617472e-009             -3.113230385902e-009
   1.081814054085e-009             -3.008936588925e-009
   1.084802490699e-009             -2.978252376758e-009
   1.087790927312e-009             -3.102867762082e-009
   1.090779363926e-009             -2.907881107669e-009
   1.093767800539e-009             -2.868459362707e-009
   1.096756237153e-009             -2.920087403040e-009
   1.099744673766e-009             -2.981811209188e-009
   1.102733110380e-009             -2.789327944331e-009
   1.105721546993e-009             -2.794122482167e-009
   1.108709983607e-009             -2.850844961049e-009
   1.111698420220e-009             -2.804878168646e-009
   1.114686856834e-009             -2.607102832335e-009
   1.117675293447e-009             -2.683302250180e-009
   1.120663730061e-009             -2.710357821404e-009
   1.123652166674e-009             -2.632319879866e-009
   1.126640603288e-009             -2.476875188938e-009
   1.129629039901e-009             -2.610515149640e-009
   1.132617476515e-009             -2.597662068088e-009
   1.135605913128e-009             -2.484334921498e-009
   1.138594349742e-009             -2.401996398495e-009
   1.141582786355e-009             -2.511315283027e-009
   1.144571222969e-009             -2.427804979865e-009
   1.147559659582e-009             -2.338278097623e-009
   1.150548096196e-009             -2.328224273109e-009
   1.153536532809e-009             -2.425483630718e-009
   1.156524969423e-009             -2.293030462329e-009
   1.159513406036e-009             -2.239142512446e-009
   1.162501842650e-009             -2.265313903407e-009
   1.165490279263e-009             -2.275890924064e-009
   1.168478715877e-009             -2.122447421765e-009
   1.171467152490e-009             -2.129251087260e-009
   1.174455589104e-009             -2.164208368332e-009
   1.177444025717e-009             -2.151428112155e-009
   1.180432462331e-009             -2.011732218051e-009
   1.183420898944e-009             -2.087472771855e-009
   1.186409335558e-009             -2.094345206466e-009
   1.189397772171e-009             -2.005420938316e-009
   1.192386208785e-009             -1.920900379204e-009
   1.195374645398e-009             -2.026077748466e-009
   1.198363082012e-009             -1.997448991608e-009
   1.201351518625e-009             -1.891709122547e-009
   1.204339955239e-009             -1.836198211100e-009
   1.207328391852e-009             -1.962058863673e-009
   1.210316828466e-009             -1.881716307747e-009
   1.213305265079e-009             -1.801846917173e-009
   1.216293701693e-009             -1.803951337775e-009
   1.219282138306e-009             -1.877847407855e-009
   1.222270574920e-009             -1.767944750421e-009
   1.225259011533e-009             -1.707285136816e-009
   1.228247448147e-009             -1.765936333605e-009
   1.231235884760e-009             -1.787062530735e-009
   1.234224321374e-009             -1.670033510973e-009
   1.237212757987e-009             -1.671773953621e-009
   1.240201194601e-009             -1.731745499923e-009
   1.243189631214e-009             -1.694871166147e-009
   1.246178067828e-009             -1.590674942031e-009
   1.249166504441e-009             -1.614683136536e-009
   1.252154941055e-009             -1.639957694834e-009
   1.255143377668e-009             -1.580193848394e-009
   1.258131814282e-009             -1.532403747112e-009
   1.261120250895e-009             -1.605769752121e-009
   1.264108687509e-009             -1.590086934774e-009
   1.267097124122e-009             -1.497602768697e-009
   1.270085560736e-009             -1.496548492651e-009
   1.273073997349e-009             -1.571351034001e-009
   1.276062433963e-009             -1.524953702289e-009
   1.279050870576e-009             -1.427760147598e-009
   1.282039307190e-009             -1.474210247538e-009
   1.285027743803e-009             -1.506367433298e-009
   1.288016180417e-009             -1.437186305010e-009
   1.291004617030e-009             -1.383336189501e-009
   1.293993053644e-009             -1.456035856295e-009
   1.296981490257e-009             -1.454938574988e-009
   1.299969926871e-009             -1.356905088887e-009
   1.302958363484e-009             -1.356165266653e-009
   1.305946800098e-009             -1.435929552189e-009
   1.308935236711e-009             -1.387635653267e-009
   1.311923673325e-009             -1.317194425206e-009
   1.314912109938e-009             -1.336818943257e-009
   1.317900546552e-009             -1.395626619261e-009
   1.320888983165e-009             -1.325616259063e-009
   1.323877419779e-009             -1.301622442633e-009
   1.326865856392e-009             -1.335246847686e-009
   1.329854293006e-009             -1.359215256451e-009
   1.332842729619e-009             -1.270715747209e-009
   1.335831166233e-009             -1.293553021323e-009
   1.338819602846e-009             -1.343659882743e-009
   1.341808039460e-009             -1.304891568736e-009
   1.344796476073e-009             -1.232266982672e-009
   1.347784912686e-009             -1.278304369661e-009
   1.350773349300e-009             -1.304714321531e-009
   1.353761785913e-009             -1.258302358419e-009
   1.356750222527e-009             -1.215413601122e-009
   1.359738659140e-009             -1.285968835886e-009
   1.362727095754e-009             -1.257215778146e-009
   1.365715532367e-009             -1.189882884317e-009
   1.368703968981e-009             -1.195950100631e-009
   1.371692405594e-009             -1.266275700714e-009
   1.374680842208e-009             -1.211738988720e-009
   1.377669278821e-009             -1.162088607022e-009
   1.380657715435e-009             -1.203361451312e-009
   1.383646152048e-009             -1.263192697381e-009
   1.386634588662e-009             -1.182720034071e-009
   1.389623025275e-009             -1.151253679152e-009
   1.392611461889e-009             -1.202680458668e-009
   1.395599898502e-009             -1.211519344231e-009
   1.398588335116e-009             -1.122802015970e-009
   1.401576771729e-009             -1.155332308572e-009
   1.404565208343e-009             -1.203091246354e-009
   1.407553644956e-009             -1.197305037362e-009
   1.410542081570e-009             -1.116902512655e-009
   1.413530518183e-009             -1.164789528155e-009
   1.416518954797e-009             -1.189191470063e-009
   1.419507391410e-009             -1.143062898592e-009
   1.422495828024e-009             -1.098821587349e-009
   1.425484264637e-009             -1.167914194899e-009
   1.428472701251e-009             -1.157349473523e-009
   1.431461137864e-009             -1.117587561560e-009
   1.434449574478e-009             -1.117255737374e-009
   1.437438011091e-009             -1.184839718617e-009
   1.440426447705e-009             -1.123208821091e-009
   1.443414884318e-009             -1.099600840668e-009
   1.446403320932e-009             -1.128521864731e-009
   1.449391757545e-009             -1.169556149648e-009
   1.452380194159e-009             -1.095004290393e-009
   1.455368630772e-009             -1.106966167689e-009
   1.458357067386e-009             -1.150255264963e-009
   1.461345503999e-009             -1.152477898986e-009
   1.464333940613e-009             -1.061855080358e-009
   1.467322377226e-009             -1.107067241032e-009
   1.470310813840e-009             -1.150021319163e-009
   1.473299250453e-009             -1.116152927455e-009
   1.476287687067e-009             -1.060750773522e-009
   1.479276123680e-009             -1.115709480886e-009
   1.482264560294e-009             -1.141662699710e-009
   1.485252996907e-009             -1.088771871295e-009
   1.488241433521e-009             -1.064629258286e-009
   1.491229870134e-009             -1.147280586189e-009
   1.494218306748e-009             -1.122048832029e-009
   1.497206743361e-009             -1.069813740589e-009
   1.500195179975e-009             -1.072001864160e-009
   1.503183616588e-009             -1.140572136871e-009
   1.506172053202e-009             -1.112898914835e-009
   1.509160489815e-009             -1.067610809058e-009
   1.512148926429e-009             -1.110066744056e-009
   1.515137363042e-009             -1.127582177266e-009
   1.518125799656e-009             -1.072051589426e-009
   1.521114236269e-009             -1.068981897135e-009
   1.524102672883e-009             -1.113353214433e-009
   1.527091109496e-009             -1.102305870262e-009
   1.530079546110e-009             -1.052974026271e-009
   1.533067982723e-009             -1.080407115251e-009
   1.536056419337e-009             -1.129360300759e-009
   1.539044855950e-009             -1.087840400750e-009
   1.542033292564e-009             -1.042268571707e-009
   1.545021729177e-009             -1.091075572179e-009
   1.548010165791e-009             -1.108019201678e-009
   1.550998602404e-009             -1.044748504964e-009
   1.553987039018e-009             -1.058001419845e-009
   1.556975475631e-009             -1.126087446950e-009
   1.559963912245e-009             -1.112319477618e-009
   1.562952348858e-009             -1.041814272109e-009
   1.565940785472e-009             -1.072697614099e-009
   1.568929222085e-009             -1.142799082014e-009
   1.571917658699e-009             -1.092698027095e-009
   1.574906095312e-009             -1.033243437479e-009
   1.577894531926e-009             -1.081451883190e-009
   1.580882968539e-009             -1.108255911017e-009
   1.583871405153e-009             -1.057723403285e-009
   1.586859841766e-009             -1.047822684934e-009
   1.589848278380e-009             -1.114868408750e-009
   1.592836714993e-009             -1.099555907071e-009
   1.595825151607e-009             -1.048618166365e-009
   1.598813588220e-009             -1.058471364139e-009
   1.601802024834e-009             -1.132351841722e-009
   1.604790461447e-009             -1.069989415648e-009
   1.607778898061e-009             -1.046894992760e-009
   1.610767334674e-009             -1.091546304082e-009
   1.613755771288e-009             -1.115530561740e-009
   1.616744207901e-009             -1.059952783413e-009
   1.619732644515e-009             -1.061544529277e-009
   1.622721081128e-009             -1.110078433823e-009
   1.625709517742e-009             -1.099999708293e-009
   1.628697954355e-009             -1.029778275181e-009
   1.631686390969e-009             -1.089759940639e-009
   1.634674827582e-009             -1.122009299613e-009
   1.637663264196e-009             -1.077910877118e-009
   1.640651700809e-009             -1.027890305646e-009
   1.643640137423e-009             -1.111428121367e-009
   1.646628574036e-009             -1.116353148875e-009
   1.649617010650e-009             -1.060418924772e-009
   1.652605447263e-009             -1.040492909298e-009
   1.655593883877e-009             -1.136175629922e-009
   1.658582320490e-009             -1.090603549089e-009
   1.661570757104e-009             -1.028372168467e-009
   1.664559193717e-009             -1.055482486920e-009
   1.667547630331e-009             -1.131816677923e-009
   1.670536066944e-009             -1.071372142828e-009
   1.673524503558e-009             -1.046956255799e-009
   1.676512940171e-009             -1.091276806897e-009
   1.679501376785e-009             -1.143023949591e-009
   1.682489813398e-009             -1.041769186517e-009
   1.685478250011e-009             -1.059906936312e-009
   1.688466686625e-009             -1.109724852915e-009
   1.691455123238e-009             -1.104960565076e-009
   1.694443559852e-009             -1.023453404979e-009
   1.697431996465e-009             -1.086110075722e-009
   1.700420433079e-009             -1.115713032033e-009
   1.703408869692e-009             -1.087134987639e-009
   1.706397306306e-009             -1.038815174405e-009
   1.709385742919e-009             -1.115897657886e-009
   1.712374179533e-009             -1.108556926356e-009
   1.715362616146e-009             -1.052525229186e-009
   1.718351052760e-009             -1.042595628789e-009
   1.721339489373e-009             -1.145432884478e-009
   1.724327925987e-009             -1.084519165061e-009
   1.727316362600e-009             -1.054078939551e-009
   1.730304799214e-009             -1.076584036360e-009
   1.733293235827e-009             -1.143355394557e-009
   1.736281672441e-009             -1.067786330588e-009
   1.739270109054e-009             -1.051710983330e-009
   1.742258545668e-009             -1.109567156207e-009
   1.745246982281e-009             -1.145360209562e-009
   1.748235418895e-009             -1.047887803108e-009
   1.751223855508e-009             -1.071805775764e-009
   1.754212292122e-009             -1.134635434794e-009
   1.757200728735e-009             -1.131576113449e-009
   1.760189165349e-009             -1.043097447427e-009
   1.763177601962e-009             -1.084915117153e-009
   1.766166038576e-009             -1.122128655298e-009
   1.769154475189e-009             -1.092830974781e-009
   1.772142911803e-009             -1.038439153565e-009
   1.775131348416e-009             -1.130610714330e-009
   1.778119785030e-009             -1.126380449563e-009
   1.781108221643e-009             -1.070744882580e-009
   1.784096658257e-009             -1.065069459232e-009
   1.787085094870e-009             -1.139928190992e-009
   1.790073531484e-009             -1.111618529156e-009
   1.793061968097e-009             -1.067593515449e-009
   1.796050404711e-009             -1.089519604925e-009
   1.799038841324e-009             -1.147935791951e-009
   1.802027277938e-009             -1.075448363364e-009
   1.805015714551e-009             -1.062070108203e-009
   1.808004151165e-009             -1.126197446521e-009
   1.810992587778e-009             -1.148548015480e-009
   1.813981024392e-009             -1.058956701342e-009
   1.816969461005e-009             -1.083376798161e-009
   1.819957897619e-009             -1.146512568188e-009
   1.822946334232e-009             -1.123083709571e-009
   1.825934770846e-009             -1.052249163991e-009
   1.828923207459e-009             -1.111447595100e-009
   1.831911644073e-009             -1.167761822609e-009
   1.834900080686e-009             -1.100006022978e-009
   1.837888517300e-009             -1.054934237768e-009
   1.840876953913e-009             -1.127893589650e-009
   1.843865390527e-009             -1.144710305188e-009
   1.846853827140e-009             -1.075345717874e-009
   1.849842263754e-009             -1.076826602864e-009
   1.852830700367e-009             -1.169871338868e-009
   1.855819136981e-009             -1.140435918997e-009
   1.858807573594e-009             -1.072479541756e-009
   1.861796010208e-009             -1.099143650103e-009
   1.864784446821e-009             -1.154625730169e-009
   1.867772883435e-009             -1.109164560876e-009
   1.870761320048e-009             -1.072420764367e-009
   1.873749756662e-009             -1.138942228078e-009
   1.876738193275e-009             -1.145604197753e-009
   1.879726629889e-009             -1.096559700334e-009
   1.882715066502e-009             -1.095052443513e-009
   1.885703503116e-009             -1.154192172462e-009
   1.888691939729e-009             -1.125596074486e-009
   1.891680376343e-009             -1.079990369069e-009
   1.894668812956e-009             -1.130098271422e-009
   1.897657249570e-009             -1.176040009279e-009
   1.900645686183e-009             -1.101368413586e-009
   1.903634122797e-009             -1.088923228752e-009
   1.906622559410e-009             -1.147153623099e-009
   1.909610996024e-009             -1.162569177121e-009
   1.912599432637e-009             -1.084368721107e-009
   1.915587869251e-009             -1.121422052329e-009
   1.918576305864e-009             -1.167410143936e-009
   1.921564742478e-009             -1.145375424376e-009
   1.924553179091e-009             -1.063113429890e-009
   1.927541615705e-009             -1.137049743229e-009
   1.930530052318e-009             -1.180541673467e-009
   1.933518488932e-009             -1.128846486829e-009
   1.936506925545e-009             -1.087687394381e-009
   1.939495362159e-009             -1.165549585630e-009
   1.942483798772e-009             -1.159183965521e-009
   1.945472235386e-009             -1.097050311290e-009
   1.948460671999e-009             -1.099149101950e-009
   1.951449108613e-009             -1.183468096255e-009
   1.954437545226e-009             -1.137551385308e-009
   1.957425981840e-009             -1.109611911710e-009
   1.960414418453e-009             -1.124706063157e-009
   1.963402855067e-009             -1.178621169410e-009
   1.966391291680e-009             -1.098354153268e-009
   1.969379728294e-009             -1.106741756097e-009
   1.972368164907e-009             -1.154453833481e-009
   1.975356601521e-009             -1.173471275860e-009
   1.978345038134e-009             -1.094007803004e-009
   1.981333474748e-009             -1.124982025486e-009
   1.984321911361e-009             -1.162004446533e-009
   1.987310347975e-009             -1.130356863378e-009
   1.990298784588e-009             -1.082197232501e-009
   1.993287221202e-009             -1.158777363059e-009
   1.996275657815e-009             -1.172666894300e-009
   1.999264094429e-009             -1.117865679449e-009
   2.002252531042e-009             -1.086409772240e-009
   2.005240967656e-009             -1.180367266564e-009
   2.008229404269e-009             -1.151194774333e-009
   2.011217840883e-009             -1.106646387925e-009
   2.014206277496e-009             -1.119545061718e-009
   2.017194714110e-009             -1.200615268027e-009
   2.020183150723e-009             -1.133050583959e-009
   2.023171587336e-009             -1.086621555998e-009
   2.026160023950e-009             -1.127186275839e-009
   2.029148460563e-009             -1.177977985040e-009
   2.032136897177e-009             -1.110745303252e-009
   2.035125333790e-009             -1.112980615775e-009
   2.038113770404e-009             -1.160203299695e-009
   2.041102207017e-009             -1.176403302490e-009
   2.044090643631e-009             -1.087430044482e-009
   2.047079080244e-009             -1.127334590334e-009
   2.050067516858e-009             -1.164454026928e-009
   2.053055953471e-009             -1.131233233575e-009
   2.056044390085e-009             -1.087699667562e-009
   2.059032826698e-009             -1.151009717061e-009
   2.062021263312e-009             -1.155127168053e-009
   2.065009699925e-009             -1.112898027432e-009
   2.067998136539e-009             -1.090681293563e-009
   2.070986573152e-009             -1.165666151676e-009
   2.073975009766e-009             -1.145746298893e-009
   2.076963446379e-009             -1.097109064114e-009
   2.079951882993e-009             -1.133873881938e-009
   2.082940319606e-009             -1.180603493819e-009
   2.085928756220e-009             -1.101607000595e-009
   2.088917192833e-009             -1.088535465946e-009
   2.091905629447e-009             -1.132228706131e-009
   2.094894066060e-009             -1.188807307532e-009
   2.097882502674e-009             -1.102515016376e-009
   2.100870939287e-009             -1.096433421987e-009
   2.103859375901e-009             -1.152317742730e-009
   2.106847812514e-009             -1.126247171787e-009
   2.109836249128e-009             -1.071068540509e-009
   2.112824685741e-009             -1.124012086488e-009
   2.115813122355e-009             -1.175378947887e-009
   2.118801558968e-009             -1.135721228995e-009
   2.121789995582e-009             -1.074774952026e-009
   2.124778432195e-009             -1.127220684961e-009
   2.127766868809e-009             -1.149664873386e-009
   2.130755305422e-009             -1.085724190586e-009
   2.133743742036e-009             -1.087401644520e-009
   2.136732178649e-009             -1.160701111203e-009
   2.139720615263e-009             -1.140665452347e-009
   2.142709051876e-009             -1.080946691500e-009
   2.145697488490e-009             -1.108423344591e-009
   2.148685925103e-009             -1.142892523385e-009
   2.151674361717e-009             -1.103549006516e-009
   2.154662798330e-009             -1.064718009319e-009
   2.157651234944e-009             -1.148408677879e-009
   2.160639671557e-009             -1.156178402672e-009
   2.163628108171e-009             -1.088802655576e-009
   2.166616544784e-009             -1.082586869908e-009
   2.169604981398e-009             -1.150903445196e-009
   2.172593418011e-009             -1.121448880145e-009
   2.175581854625e-009             -1.065329193451e-009
   2.178570291238e-009             -1.111834749928e-009
   2.181558727852e-009             -1.168825557632e-009
   2.184547164465e-009             -1.098991911891e-009
   2.187535601079e-009             -1.069802760130e-009
   2.190524037692e-009             -1.129687205846e-009
   2.193512474306e-009             -1.166996644911e-009
   2.196500910919e-009             -1.066787586309e-009
   2.199489347533e-009             -1.090047439206e-009
   2.202477784146e-009             -1.143186464067e-009
   2.205466220760e-009             -1.137675508096e-009
   2.208454657373e-009             -1.063506314455e-009
   2.211443093987e-009             -1.106067736780e-009
   2.214431530600e-009             -1.149307108788e-009
   2.217419967214e-009             -1.105783279641e-009
   2.220408403827e-009             -1.063116549618e-009
   2.223396840441e-009             -1.141826050924e-009
   2.226385277054e-009             -1.130146221882e-009
   2.229373713668e-009             -1.081120818978e-009
   2.232362150281e-009             -1.070130501955e-009
   2.235350586895e-009             -1.161325532684e-009
   2.238339023508e-009             -1.127447276679e-009
   2.241327460122e-009             -1.084581923481e-009
   2.244315896735e-009             -1.097986246484e-009
   2.247304333349e-009             -1.150222401886e-009
   2.250292769962e-009             -1.064522656331e-009
   2.253281206576e-009             -1.072420663037e-009
   2.256269643189e-009             -1.138099835585e-009
   2.259258079803e-009             -1.151581548407e-009
   2.262246516416e-009             -1.077355528742e-009
   2.265234953030e-009             -1.091912740050e-009
   2.268223389643e-009             -1.141854248226e-009
   2.271211826257e-009             -1.114567494740e-009
   2.274200262870e-009             -1.033405469871e-009
   2.277188699484e-009             -1.117941345128e-009
   2.280177136097e-009             -1.141636911291e-009
   2.283165572711e-009             -1.099605075023e-009
   2.286154009324e-009             -1.053406314286e-009
   2.289142445938e-009             -1.132381281081e-009
   2.292130882551e-009             -1.120041175185e-009
   2.295119319165e-009             -1.062204400812e-009
   2.298107755778e-009             -1.070331914768e-009
   2.301096192392e-009             -1.162776344235e-009
   2.304084629005e-009             -1.105148969300e-009
   2.307073065619e-009             -1.048637032120e-009
   2.310061502232e-009             -1.078446978984e-009
   2.313049938846e-009             -1.144073966717e-009
   2.316038375459e-009             -1.057054100408e-009
   2.319026812073e-009             -1.067959647428e-009
   2.322015248686e-009             -1.107769433086e-009
   2.325003685300e-009             -1.129605326812e-009
   2.327992121913e-009             -1.034445089952e-009
   2.330980558527e-009             -1.074218945007e-009
   2.333968995140e-009             -1.113181749163e-009
   2.336957431754e-009             -1.094809470154e-009
   2.339945868367e-009             -1.026794823709e-009
   2.342934304981e-009             -1.104867783883e-009
   2.345922741594e-009             -1.129206078433e-009
   2.348911178208e-009             -1.074909599288e-009
   2.351899614821e-009             -1.032102034747e-009
   2.354888051435e-009             -1.115977734479e-009
   2.357876488048e-009             -1.096050476948e-009
   2.360864924661e-009             -1.044194476946e-009
   2.363853361275e-009             -1.056660429770e-009
   2.366841797888e-009             -1.155736704809e-009
   2.369830234502e-009             -1.078578227095e-009
   2.372818671115e-009             -1.046707095185e-009
   2.375807107729e-009             -1.080496980911e-009
   2.378795544342e-009             -1.132209054303e-009
   2.381783980956e-009             -1.048949229042e-009
   2.384772417569e-009             -1.031452282368e-009
   2.387760854183e-009             -1.094839188938e-009
   2.390749290796e-009             -1.108439572702e-009
   2.393737727410e-009             -1.027322050011e-009
   2.396726164023e-009             -1.060469815330e-009
   2.399714600637e-009             -1.111767856948e-009
   2.402703037250e-009             -1.082977017034e-009
   2.405691473864e-009             -1.018872221512e-009
   2.408679910477e-009             -1.082983990362e-009
   2.411668347091e-009             -1.110312531618e-009
   2.414656783704e-009             -1.059225031700e-009
   2.417645220318e-009             -1.037012126867e-009
   2.420633656931e-009             -1.115894716253e-009
   2.423622093545e-009             -1.113570652697e-009
   2.426610530158e-009             -1.046226601850e-009
   2.429598966772e-009             -1.063868110748e-009
   2.432587403385e-009             -1.111738366924e-009
   2.435575839999e-009             -1.076100423297e-009
   2.438564276612e-009             -1.028214319765e-009
   2.441552713226e-009             -1.088717530920e-009
   2.444541149839e-009             -1.129311031477e-009
   2.447529586453e-009             -1.060831435064e-009
   2.450518023066e-009             -1.047375156006e-009
   2.453506459680e-009             -1.117024530548e-009
   2.456494896293e-009             -1.106692158260e-009
   2.459483332907e-009             -1.039257937765e-009
   2.462471769520e-009             -1.057117999554e-009
   2.465460206134e-009             -1.121353943393e-009
   2.468448642747e-009             -1.067074859186e-009
   2.471437079361e-009             -1.030588995990e-009
   2.474425515974e-009             -1.086347672464e-009
   2.477413952588e-009             -1.132182556577e-009
   2.480402389201e-009             -1.054877666603e-009
   2.483390825815e-009             -1.050169949929e-009
   2.486379262428e-009             -1.114162946509e-009
   2.489367699042e-009             -1.097355131100e-009
   2.492356135655e-009             -1.025800998528e-009
   2.495344572269e-009             -1.061415639385e-009
   2.498333008882e-009             -1.119464932925e-009
   2.501321445496e-009             -1.088592849283e-009
   2.504309882109e-009             -1.033801322169e-009
   2.507298318723e-009             -1.091882362623e-009
   2.510286755336e-009             -1.102963432708e-009
   2.513275191950e-009             -1.050372580234e-009
   2.516263628563e-009             -1.028937963017e-009
   2.519252065177e-009             -1.110647246771e-009
   2.522240501790e-009             -1.086029186956e-009
   2.525228938404e-009             -1.042249122538e-009
   2.528217375017e-009             -1.058553166408e-009
   2.531205811631e-009             -1.124118232459e-009
   2.534194248244e-009             -1.072605694209e-009
   2.537182684858e-009             -1.037800278780e-009
   2.540171121471e-009             -1.079077586184e-009
   2.543159558085e-009             -1.111451628331e-009
   2.546147994698e-009             -1.035351813012e-009
   2.549136431312e-009             -1.048847420291e-009
   2.552124867925e-009             -1.100805737228e-009
   2.555113304539e-009             -1.107423915568e-009
   2.558101741152e-009             -1.027249376630e-009
   2.561090177766e-009             -1.078886671746e-009
   2.564078614379e-009             -1.104980520893e-009
   2.567067050993e-009             -1.069692355239e-009
   2.570055487606e-009             -1.006161165869e-009
   2.573043924220e-009             -1.071082867920e-009
   2.576032360833e-009             -1.076047020990e-009
   2.579020797447e-009             -1.037434754780e-009
   2.582009234060e-009             -1.029322555432e-009
   2.584997670674e-009             -1.113592535315e-009
   2.587986107287e-009             -1.081152083808e-009
   2.590974543901e-009             -1.044162146618e-009
   2.593962980514e-009             -1.038392901146e-009
   2.596951417128e-009             -1.098029251746e-009
   2.599939853741e-009             -1.046487350901e-009
   2.602928290355e-009             -1.035638298281e-009
   2.605916726968e-009             -1.071838995030e-009
   2.608905163582e-009             -1.102500715066e-009
   2.611893600195e-009             -1.029918297525e-009
   2.614882036809e-009             -1.051332172852e-009
   2.617870473422e-009             -1.094366683765e-009
   2.620858910036e-009             -1.076618216723e-009
   2.623847346649e-009             -1.015664409112e-009
   2.626835783263e-009             -1.056866380927e-009
   2.629824219876e-009             -1.084066842929e-009
   2.632812656490e-009             -1.052077597392e-009
   2.635801093103e-009             -1.016958006040e-009
   2.638789529717e-009             -1.100866341623e-009
   2.641777966330e-009             -1.099460386905e-009
   2.644766402944e-009             -1.040716279958e-009
   2.647754839557e-009             -1.036041122371e-009
   2.650743276171e-009             -1.107627255182e-009
   2.653731712784e-009             -1.064254327509e-009
   2.656720149398e-009             -1.022813642790e-009
   2.659708586011e-009             -1.058702850390e-009
   2.662697022625e-009             -1.113520648007e-009
   2.665685459238e-009             -1.057754390226e-009
   2.668673895852e-009             -1.029450432025e-009
   2.671662332465e-009             -1.091623161153e-009
   2.674650769079e-009             -1.115985570645e-009
   2.677639205692e-009             -1.034232572321e-009
   2.680627642306e-009             -1.052195838449e-009
   2.683616078919e-009             -1.093618874905e-009
   2.686604515533e-009             -1.078970832235e-009
   2.689592952146e-009             -1.018902345615e-009
   2.692581388760e-009             -1.072417340650e-009
   2.695569825373e-009             -1.102157707762e-009
   2.698558261986e-009             -1.053945713975e-009
   2.701546698600e-009             -1.040089907113e-009
   2.704535135213e-009             -1.106863546765e-009
   2.707523571827e-009             -1.106556826254e-009
   2.710512008440e-009             -1.032193751978e-009
   2.713500445054e-009             -1.050386170702e-009
   2.716488881667e-009             -1.119255000738e-009
   2.719477318281e-009             -1.078895699305e-009
   2.722465754894e-009             -1.044982704088e-009
   2.725454191508e-009             -1.088485740680e-009
   2.728442628121e-009             -1.125239730039e-009
   2.731431064735e-009             -1.040764003194e-009
   2.734419501348e-009             -1.022321662348e-009
   2.737407937962e-009             -1.108307056434e-009
   2.740396374575e-009             -1.102028791770e-009
   2.743384811189e-009             -1.031819200419e-009
   2.746373247802e-009             -1.061950067776e-009
   2.749361684416e-009             -1.135670490431e-009
   2.752350121029e-009             -1.087328387726e-009
   2.755338557643e-009             -1.033022348274e-009
   2.758326994256e-009             -1.076068068405e-009
   2.761315430870e-009             -1.123662792135e-009
   2.764303867483e-009             -1.042832794111e-009
   2.767292304097e-009             -1.037252284487e-009
   2.770280740710e-009             -1.119073215188e-009
   2.773269177324e-009             -1.118411874371e-009
   2.776257613937e-009             -1.041408202397e-009
   2.779246050551e-009             -1.068463874951e-009
   2.782234487164e-009             -1.129191953682e-009
   2.785222923778e-009             -1.097997758156e-009
   2.788211360391e-009             -1.022821554186e-009
   2.791199797005e-009             -1.090674370900e-009
   2.794188233618e-009             -1.098548465323e-009
   2.797176670232e-009             -1.046774470249e-009
   2.800165106845e-009             -1.031315226221e-009
   2.803153543459e-009             -1.114714871168e-009
   2.806141980072e-009             -1.106789631327e-009
   2.809130416686e-009             -1.048514175954e-009
   2.812118853299e-009             -1.060432490674e-009
   2.815107289913e-009             -1.141524148182e-009
   2.818095726526e-009             -1.068205206230e-009
   2.821084163140e-009             -1.030918741380e-009
   2.824072599753e-009             -1.084691619063e-009
   2.827061036367e-009             -1.142997603859e-009
   2.830049472980e-009             -1.050164220193e-009
   2.833037909594e-009             -1.044874049439e-009
   2.836026346207e-009             -1.101209170833e-009
   2.839014782821e-009             -1.119560276532e-009
   2.842003219434e-009             -1.019403682169e-009
   2.844991656048e-009             -1.061153674378e-009
   2.847980092661e-009             -1.119990536417e-009
   2.850968529275e-009             -1.088819467101e-009
   2.853956965888e-009             -1.018687798318e-009
   2.856945402502e-009             -1.095207755901e-009
   2.859933839115e-009             -1.128908258051e-009
   2.862922275729e-009             -1.067906828534e-009
   2.865910712342e-009             -1.026871757544e-009
   2.868899148956e-009             -1.119757174030e-009
   2.871887585569e-009             -1.105671657259e-009
   2.874876022183e-009             -1.052456510735e-009
   2.877864458796e-009             -1.046363378573e-009
   2.880852895410e-009             -1.139739381450e-009
   2.883841332023e-009             -1.073920261787e-009
   2.886829768637e-009             -1.041479735050e-009
   2.889818205250e-009             -1.093507886601e-009
   2.892806641864e-009             -1.146611106753e-009
   2.895795078477e-009             -1.064604788690e-009
   2.898783515091e-009             -1.040401344062e-009
   2.901771951704e-009             -1.101693847857e-009
   2.904760388318e-009             -1.126194632318e-009
   2.907748824931e-009             -1.031012968825e-009
   2.910737261545e-009             -1.082238132868e-009
   2.913725698158e-009             -1.134594101473e-009
   2.916714134772e-009             -1.101446514249e-009
   2.919702571385e-009             -1.036085346661e-009
   2.922691007999e-009             -1.103586890020e-009
   2.925679444612e-009             -1.135394603332e-009
   2.928667881226e-009             -1.073959439548e-009
   2.931656317839e-009             -1.023442019201e-009
   2.934644754453e-009             -1.132875923732e-009
   2.937633191066e-009             -1.128667744242e-009
   2.940621627680e-009             -1.068831376416e-009
   2.943610064293e-009             -1.086747860446e-009
   2.946598500907e-009             -1.148507875086e-009
   2.949586937520e-009             -1.103914935834e-009
   2.952575374134e-009             -1.046788568900e-009
   2.955563810747e-009             -1.082229790052e-009
   2.958552247361e-009             -1.161058470483e-009
   2.961540683974e-009             -1.066200111800e-009
   2.964529120588e-009             -1.065670045195e-009
   2.967517557201e-009             -1.136295214365e-009
   2.970505993815e-009             -1.145129231495e-009
   2.973494430428e-009             -1.076690358890e-009
   2.976482867042e-009             -1.078472842632e-009
   2.979471303655e-009             -1.127244317820e-009
   2.982459740269e-009             -1.105173388232e-009
   2.985448176882e-009             -1.043057459028e-009
