# Atom Manipulation               
# 
# Sample                          Ag(111)
# Data set                        -
# Creation Comment                
# Gap voltage                     -1.000e-003 V
# Gap voltage range in Volt       -10;10
# Feedback loop enabled           No
# Regulator setpoint              1.000e-009 A
# Pre-amplifier range             0;3.33e-007
# Loop gain                       7.000e+000 %
# Z-axis offset                   -4.000e-010 m
# Parameter mode                  V before Z
# Raster time                     1.000e-003 seconds
# Channel name and data unit      I(r) [A]
# Manipulation vector: start      -1.520e+000, 1.260e+000 [nm]
#                      end        1.800e-001, 6.840e+000 [nm]
# 
# 
#             Position                            I(r)
# --------------------             -------------------
   0.000000000000e+000             -6.33035215308e-009
   5.833215236900e-012             -6.33014033401e-009
   1.166643047380e-011             -6.49546387756e-009
   1.749964571070e-011             -6.56120160027e-009
   2.333286094760e-011             -6.90330769589e-009
   2.916607618450e-011             -6.85344865016e-009
   3.499929142140e-011             -6.93236567477e-009
   4.083250665830e-011             -6.91918637287e-009
   4.666572189520e-011             -6.97402068570e-009
   5.249893713210e-011             -7.15339685838e-009
   5.833215236900e-011             -7.15247065391e-009
   6.416536760590e-011             -7.23281675945e-009
   6.999858284280e-011             -7.48417621610e-009
   7.583179807970e-011             -7.45069856875e-009
   8.166501331660e-011             -7.59966707501e-009
   8.749822855350e-011             -7.55110483959e-009
   9.333144379040e-011             -7.69554776784e-009
   9.916465902730e-011             -7.69517731706e-009
   1.049978742642e-010             -7.48107987409e-009
   1.108310895011e-010             -7.51781249515e-009
   1.166643047380e-010             -7.61933011831e-009
   1.224975199749e-010             -7.71666640822e-009
   1.283307352118e-010             -7.61112623858e-009
   1.341639504487e-010             -7.55346012498e-009
   1.399971656856e-010             -7.35603529284e-009
   1.458303809225e-010             -7.29148847090e-009
   1.516635961594e-010             -7.27931476686e-009
   1.574968113963e-010             -7.31059576052e-009
   1.633300266332e-010             -7.33973313278e-009
   1.691632418701e-010             -7.18020530633e-009
   1.749964571070e-010             -7.17210718107e-009
   1.808296723439e-010             -7.16991068244e-009
   1.866628875808e-010             -7.38117647971e-009
   1.924961028177e-010             -7.42643070911e-009
   1.983293180546e-010             -7.45432430337e-009
   2.041625332915e-010             -7.58984881143e-009
   2.099957485284e-010             -7.62197661617e-009
   2.158289637653e-010             -7.49304175906e-009
   2.216621790022e-010             -7.65571880476e-009
   2.274953942391e-010             -7.71039433082e-009
   2.333286094760e-010             -7.81310300982e-009
   2.391618247129e-010             -8.15285366497e-009
   2.449950399498e-010             -8.15155700972e-009
   2.508282551867e-010             -8.29864643583e-009
   2.566614704236e-010             -8.48511498085e-009
   2.624946856605e-010             -8.30703561848e-009
   2.683279008974e-010             -8.39338926018e-009
   2.741611161343e-010             -8.45626882104e-009
   2.799943313712e-010             -8.56649320039e-009
   2.858275466081e-010             -8.71932546636e-009
   2.916607618450e-010             -8.80665818977e-009
   2.974939770819e-010             -8.74523422599e-009
   3.033271923188e-010             -8.88046767666e-009
   3.091604075557e-010             -9.07834235296e-009
   3.149936227926e-010             -9.16294934020e-009
   3.208268380295e-010             -9.20050241126e-009
   3.266600532664e-010             -9.21585169564e-009
   3.324932685033e-010             -9.14540340213e-009
   3.383264837402e-010             -9.07058831739e-009
   3.441596989771e-010             -9.04338290251e-009
   3.499929142140e-010             -9.15736528710e-009
   3.558261294509e-010             -9.19645334863e-009
   3.616593446878e-010             -9.22421451720e-009
   3.674925599247e-010             -9.17094155592e-009
   3.733257751616e-010             -9.31501403340e-009
   3.791589903985e-010             -9.13320318194e-009
   3.849922056354e-010             -9.07572237126e-009
   3.908254208723e-010             -9.08829304222e-009
   3.966586361092e-010             -9.11631890710e-009
   4.024918513461e-010             -9.23532959109e-009
   4.083250665830e-010             -9.48340740281e-009
   4.141582818199e-010             -9.36500550481e-009
   4.199914970568e-010             -9.71237792492e-009
   4.258247122937e-010             -9.89508861976e-009
   4.316579275306e-010             -9.88466157019e-009
   4.374911427675e-010             -9.98403572702e-009
   4.433243580044e-010             -1.03128300951e-008
   4.491575732413e-010             -1.02028702569e-008
   4.549907884782e-010             -1.05172151840e-008
   4.608240037151e-010             -1.04493073237e-008
   4.666572189520e-010             -1.06661571741e-008
   4.724904341889e-010             -1.09320721363e-008
   4.783236494258e-010             -1.11650386888e-008
   4.841568646627e-010             -1.15167250229e-008
   4.899900798996e-010             -1.16417959652e-008
   4.958232951365e-010             -1.16116001178e-008
   5.016565103734e-010             -1.16723889345e-008
   5.074897256103e-010             -1.17120591109e-008
   5.133229408472e-010             -1.18210133511e-008
   5.191561560841e-010             -1.20496134224e-008
   5.249893713210e-010             -1.20802327529e-008
   5.308225865579e-010             -1.21390103739e-008
   5.366558017948e-010             -1.23792017243e-008
   5.424890170317e-010             -1.25284084107e-008
   5.483222322686e-010             -1.23917723953e-008
   5.541554475055e-010             -1.25346539720e-008
   5.599886627424e-010             -1.25180607545e-008
   5.658218779793e-010             -1.25595571338e-008
   5.716550932162e-010             -1.23239175673e-008
   5.774883084531e-010             -1.23789900603e-008
   5.833215236900e-010             -1.23325978074e-008
   5.891547389269e-010             -1.26590105289e-008
   5.949879541638e-010             -1.24536992355e-008
   6.008211694007e-010             -1.25793789639e-008
   6.066543846376e-010             -1.27723314054e-008
   6.124875998745e-010             -1.26568934237e-008
   6.183208151114e-010             -1.26793087193e-008
   6.241540303483e-010             -1.25806757742e-008
   6.299872455852e-010             -1.27905653677e-008
   6.358204608221e-010             -1.31440775946e-008
   6.416536760590e-010             -1.32905320287e-008
   6.474868912959e-010             -1.34885126146e-008
   6.533201065328e-010             -1.37573914931e-008
   6.591533217697e-010             -1.40669199398e-008
   6.649865370066e-010             -1.42440729427e-008
   6.708197522435e-010             -1.44693913691e-008
   6.766529674804e-010             -1.45600322536e-008
   6.824861827173e-010             -1.45053302114e-008
   6.883193979542e-010             -1.50083930593e-008
   6.941526131911e-010             -1.46662869637e-008
   6.999858284280e-010             -1.51367721627e-008
   7.058190436649e-010             -1.57561464746e-008
   7.116522589018e-010             -1.57174553800e-008
   7.174854741387e-010             -1.59627545783e-008
   7.233186893756e-010             -1.63012614554e-008
   7.291519046125e-010             -1.59670153049e-008
   7.349851198494e-010             -1.58001304098e-008
   7.408183350863e-010             -1.58113248771e-008
   7.466515503232e-010             -1.59642365365e-008
   7.524847655601e-010             -1.59778921987e-008
   7.583179807970e-010             -1.61051597947e-008
   7.641511960339e-010             -1.59628339717e-008
   7.699844112708e-010             -1.61268076726e-008
   7.758176265077e-010             -1.60263750407e-008
   7.816508417446e-010             -1.76490700740e-008
   7.874840569815e-010             -1.90624311123e-008
   7.933172722184e-010             -1.92251345191e-008
   7.991504874553e-010             -1.85086886136e-008
   8.049837026922e-010             -1.86246029555e-008
   8.108169179291e-010             -1.86120853169e-008
   8.166501331660e-010             -1.89648566422e-008
   8.224833484029e-010             -1.94012290468e-008
   8.283165636398e-010             -1.91796421095e-008
   8.341497788767e-010             -1.90922565089e-008
   8.399829941136e-010             -1.86893879576e-008
   8.458162093505e-010             -1.85799575121e-008
   8.516494245874e-010             -1.87170433717e-008
   8.574826398243e-010             -1.90919124192e-008
   8.633158550612e-010             -1.90240047140e-008
   8.691490702981e-010             -1.90733608833e-008
   8.749822855350e-010             -1.90737578502e-008
   8.808155007719e-010             -1.89578700243e-008
   8.866487160088e-010             -1.91292538262e-008
   8.924819312457e-010             -1.91129516662e-008
   8.983151464826e-010             -1.93533019585e-008
   9.041483617195e-010             -1.92158720092e-008
   9.099815769564e-010             -1.91980350137e-008
   9.158147921933e-010             -1.92840709268e-008
   9.216480074302e-010             -1.90596787049e-008
   9.274812226671e-010             -1.87629327482e-008
   9.333144379040e-010             -1.88551084681e-008
   9.391476531409e-010             -1.98003395928e-008
   9.449808683778e-010             -1.97709640404e-008
   9.508140836147e-010             -1.98894983641e-008
   9.566472988516e-010             -1.95912704492e-008
   9.624805140885e-010             -1.95685109088e-008
   9.683137293254e-010             -1.94689516041e-008
   9.741469445623e-010             -1.94032932748e-008
   9.799801597992e-010             -1.94312927786e-008
   9.858133750361e-010             -1.92789103568e-008
   9.916465902730e-010             -1.89195493805e-008
   9.974798055099e-010             -1.85388846160e-008
   1.003313020747e-009             -1.88736071268e-008
   1.009146235984e-009             -1.91529659322e-008
   1.014979451221e-009             -1.87095010002e-008
   1.020812666457e-009             -1.87818283738e-008
   1.026645881694e-009             -1.88145649646e-008
   1.032479096931e-009             -1.86352681853e-008
   1.038312312168e-009             -1.83962675805e-008
   1.044145527405e-009             -1.83478906480e-008
   1.049978742642e-009             -1.88879773295e-008
   1.055811957879e-009             -1.92154221650e-008
   1.061645173116e-009             -1.87024878661e-008
   1.067478388353e-009             -1.87957222162e-008
   1.073311603590e-009             -1.87208542542e-008
   1.079144818826e-009             -1.89754159624e-008
   1.084978034063e-009             -1.86047017321e-008
   1.090811249300e-009             -1.85176071888e-008
   1.096644464537e-009             -1.84615554591e-008
   1.102477679774e-009             -1.87431109181e-008
   1.108310895011e-009             -1.85915753074e-008
   1.114144110248e-009             -1.87063252648e-008
   1.119977325485e-009             -1.93353590535e-008
   1.125810540722e-009             -1.89748071764e-008
   1.131643755959e-009             -1.90298533083e-008
   1.137476971195e-009             -1.87081247965e-008
   1.143310186432e-009             -1.87457043837e-008
   1.149143401669e-009             -1.84954829506e-008
   1.154976616906e-009             -1.88961283320e-008
   1.160809832143e-009             -1.92533456869e-008
   1.166643047380e-009             -1.88634976508e-008
   1.172476262617e-009             -1.93745265084e-008
   1.178309477854e-009             -1.90361782630e-008
   1.184142693091e-009             -1.85800897828e-008
   1.189975908328e-009             -1.78491942812e-008
   1.195809123564e-009             -1.74007804432e-008
   1.201642338801e-009             -1.67107725349e-008
   1.207475554038e-009             -1.62960480082e-008
   1.213308769275e-009             -1.58269653739e-008
   1.219141984512e-009             -1.59205966909e-008
   1.224975199749e-009             -1.77097266200e-008
   1.230808414986e-009             -1.80225894339e-008
   1.236641630223e-009             -1.79115709656e-008
   1.242474845460e-009             -1.78898965715e-008
   1.248308060697e-009             -1.78161137558e-008
   1.254141275933e-009             -1.83031921723e-008
   1.259974491170e-009             -1.79730479617e-008
   1.265807706407e-009             -1.82585994511e-008
   1.271640921644e-009             -1.83142278528e-008
   1.277474136881e-009             -1.83524689482e-008
   1.283307352118e-009             -1.89411708974e-008
   1.289140567355e-009             -1.89598018267e-008
   1.294973782592e-009             -1.87312019104e-008
   1.300806997829e-009             -1.90121750996e-008
   1.306640213066e-009             -1.95931228582e-008
   1.312473428302e-009             -1.96766446991e-008
   1.318306643539e-009             -1.98311972584e-008
   1.324139858776e-009             -1.99259929600e-008
   1.329973074013e-009             -1.97113661245e-008
   1.335806289250e-009             -2.01170398052e-008
   1.341639504487e-009             -1.98924095582e-008
   1.347472719724e-009             -1.97568850502e-008
   1.353305934961e-009             -1.99294068756e-008
   1.359139150198e-009             -1.98973319481e-008
   1.364972365435e-009             -2.00198623021e-008
   1.370805580671e-009             -1.96700286871e-008
   1.376638795908e-009             -1.97789298950e-008
   1.382472011145e-009             -1.95971984369e-008
   1.388305226382e-009             -1.97901243623e-008
   1.394138441619e-009             -1.93277372885e-008
   1.399971656856e-009             -1.94807548574e-008
   1.405804872093e-009             -1.95982570671e-008
   1.411638087330e-009             -1.93467917009e-008
   1.417471302567e-009             -1.90353314519e-008
   1.423304517804e-009             -1.84562889795e-008
   1.429137733040e-009             -1.82766482656e-008
   1.434970948277e-009             -1.81672441812e-008
   1.440804163514e-009             -1.87395645769e-008
   1.446637378751e-009             -1.88515886430e-008
   1.452470593988e-009             -1.87660556064e-008
   1.458303809225e-009             -1.86686134069e-008
   1.464137024462e-009             -1.83577617888e-008
   1.469970239699e-009             -1.85720710509e-008
   1.475803454936e-009             -1.92337620369e-008
   1.481636670173e-009             -1.91160216471e-008
   1.487469885409e-009             -1.88593163175e-008
   1.493303100646e-009             -1.86582128735e-008
   1.499136315883e-009             -1.85679160787e-008
   1.504969531120e-009             -1.87615036673e-008
   1.510802746357e-009             -1.88831343330e-008
   1.516635961594e-009             -1.90954057281e-008
   1.522469176831e-009             -1.94095918684e-008
   1.528302392068e-009             -1.93621411403e-008
   1.534135607305e-009             -1.96392769309e-008
   1.539968822542e-009             -1.94313985331e-008
   1.545802037778e-009             -1.95753123789e-008
   1.551635253015e-009             -1.97325112810e-008
   1.557468468252e-009             -2.03823196204e-008
   1.563301683489e-009             -2.00527048024e-008
   1.569134898726e-009             -2.04109277551e-008
   1.574968113963e-009             -2.04622158818e-008
   1.580801329200e-009             -1.98717407620e-008
   1.586634544437e-009             -2.02192721239e-008
   1.592467759674e-009             -1.99519545969e-008
   1.598300974911e-009             -2.02123648994e-008
   1.604134190147e-009             -2.03234362449e-008
   1.609967405384e-009             -2.02416080262e-008
   1.615800620621e-009             -1.97490779823e-008
   1.621633835858e-009             -1.98874606522e-008
   1.627467051095e-009             -1.94383851510e-008
   1.633300266332e-009             -1.94561163919e-008
   1.639133481569e-009             -1.98586673696e-008
   1.644966696806e-009             -1.95192606491e-008
   1.650799912043e-009             -1.96096631984e-008
   1.656633127280e-009             -1.90943736141e-008
   1.662466342516e-009             -1.88488892679e-008
   1.668299557753e-009             -1.82899334770e-008
   1.674132772990e-009             -1.80788528276e-008
   1.679965988227e-009             -1.78633263037e-008
   1.685799203464e-009             -1.77393403526e-008
   1.691632418701e-009             -1.85250701670e-008
   1.697465633938e-009             -1.89743573323e-008
   1.703298849175e-009             -1.89264566050e-008
   1.709132064412e-009             -1.93547575556e-008
   1.714965279649e-009             -1.96346721146e-008
   1.720798494885e-009             -2.00101763091e-008
   1.726631710122e-009             -2.00046452883e-008
   1.732464925359e-009             -2.02503943308e-008
   1.738298140596e-009             -2.01180190420e-008
   1.744131355833e-009             -1.97224283211e-008
   1.749964571070e-009             -2.01852652390e-008
   1.755797786307e-009             -2.05356547628e-008
   1.761631001544e-009             -2.06670242987e-008
   1.767464216781e-009             -2.05971846361e-008
   1.773297432018e-009             -2.05607694335e-008
   1.779130647254e-009             -2.03981189040e-008
   1.784963862491e-009             -2.04287382344e-008
   1.790797077728e-009             -2.02695544977e-008
   1.796630292965e-009             -2.05252277133e-008
   1.802463508202e-009             -2.06577617888e-008
   1.808296723439e-009             -2.02923669153e-008
   1.814129938676e-009             -2.00012313728e-008
   1.819963153913e-009             -1.98139158616e-008
   1.825796369150e-009             -2.01617913132e-008
   1.831629584387e-009             -1.98304562018e-008
   1.837462799623e-009             -1.97765480935e-008
   1.843296014860e-009             -1.96926558018e-008
   1.849129230097e-009             -1.90068557428e-008
   1.854962445334e-009             -1.89824819737e-008
   1.860795660571e-009             -1.86064749027e-008
   1.866628875808e-009             -1.86413285987e-008
   1.872462091045e-009             -1.85041103134e-008
   1.878295306282e-009             -1.81209049605e-008
   1.884128521519e-009             -1.78315160725e-008
   1.889961736756e-009             -1.70045545752e-008
   1.895794951992e-009             -1.62467975934e-008
   1.901628167229e-009             -1.59146156709e-008
   1.907461382466e-009             -1.57143326769e-008
   1.913294597703e-009             -1.50117806137e-008
   1.919127812940e-009             -1.49216954830e-008
   1.924961028177e-009             -1.47443306610e-008
   1.930794243414e-009             -1.45303126115e-008
   1.936627458651e-009             -1.42385419219e-008
   1.942460673888e-009             -1.41416819923e-008
   1.948293889125e-009             -1.38419984804e-008
   1.954127104361e-009             -1.42067845679e-008
   1.959960319598e-009             -1.40747533688e-008
   1.965793534835e-009             -1.38860087767e-008
   1.971626750072e-009             -1.32819839042e-008
   1.977459965309e-009             -1.34038527501e-008
   1.983293180546e-009             -1.30836592287e-008
   1.989126395783e-009             -1.33622506164e-008
   1.994959611020e-009             -1.30714326474e-008
   2.000792826257e-009             -1.28048826932e-008
   2.006626041494e-009             -1.24696044287e-008
   2.012459256730e-009             -1.20441616400e-008
   2.018292471967e-009             -1.16706157639e-008
   2.024125687204e-009             -1.14495051869e-008
   2.029958902441e-009             -1.14546657570e-008
   2.035792117678e-009             -1.12288709702e-008
   2.041625332915e-009             -1.05902570981e-008
   2.047458548152e-009             -1.05987521903e-008
   2.053291763389e-009             -1.05091170587e-008
   2.059124978626e-009             -1.04009038751e-008
   2.064958193863e-009             -1.00673457489e-008
   2.070791409099e-009             -9.65746421870e-009
   2.076624624336e-009             -9.59180588938e-009
   2.082457839573e-009             -9.19094868892e-009
   2.088291054810e-009             -8.99267689063e-009
   2.094124270047e-009             -8.93546077626e-009
   2.099957485284e-009             -8.98285862705e-009
   2.105790700521e-009             -9.00429484098e-009
   2.111623915758e-009             -8.61013320101e-009
   2.117457130995e-009             -8.73046705640e-009
   2.123290346232e-009             -8.67928483927e-009
   2.129123561468e-009             -8.50014684675e-009
   2.134956776705e-009             -8.34988168525e-009
   2.140789991942e-009             -8.39021352479e-009
   2.146623207179e-009             -8.35300438835e-009
   2.152456422416e-009             -8.46518724123e-009
   2.158289637653e-009             -8.53010466901e-009
   2.164122852890e-009             -8.55270526757e-009
   2.169956068127e-009             -8.65043852440e-009
   2.175789283364e-009             -8.75735489773e-009
   2.181622498601e-009             -8.75801656096e-009
   2.187455713837e-009             -8.76039836251e-009
   2.193288929074e-009             -8.86752655492e-009
   2.199122144311e-009             -8.91354820202e-009
   2.204955359548e-009             -8.88954488362e-009
   2.210788574785e-009             -8.91084882693e-009
   2.216621790022e-009             -9.04984012777e-009
   2.222455005259e-009             -9.11250802462e-009
   2.228288220496e-009             -9.10472747290e-009
   2.234121435733e-009             -8.99749352603e-009
   2.239954650970e-009             -8.86064569151e-009
   2.245787866206e-009             -8.88202902821e-009
   2.251621081443e-009             -8.64120237560e-009
   2.257454296680e-009             -8.58665912016e-009
   2.263287511917e-009             -8.71043340725e-009
   2.269120727154e-009             -8.58668563631e-009
   2.274953942391e-009             -8.44332769930e-009
   2.280787157628e-009             -8.25685899921e-009
   2.286620372865e-009             -8.33352664796e-009
   2.292453588102e-009             -8.33619950689e-009
   2.298286803339e-009             -8.37121198964e-009
   2.304120018575e-009             -8.26850346571e-009
   2.309953233812e-009             -8.30216626091e-009
   2.315786449049e-009             -8.28610228101e-009
   2.321619664286e-009             -8.19339732357e-009
   2.327452879523e-009             -8.13430212905e-009
   2.333286094760e-009             -8.43718789251e-009
   2.339119309997e-009             -8.55236117788e-009
   2.344952525234e-009             -8.51271751772e-009
   2.350785740471e-009             -8.46272604630e-009
   2.356618955708e-009             -8.41432259765e-009
   2.362452170944e-009             -8.34577959032e-009
   2.368285386181e-009             -8.41805408674e-009
   2.374118601418e-009             -8.41678379258e-009
   2.379951816655e-009             -8.57594101320e-009
   2.385785031892e-009             -8.50557211307e-009
   2.391618247129e-009             -8.44163392206e-009
   2.397451462366e-009             -8.50181410783e-009
   2.403284677603e-009             -8.57403557196e-009
   2.409117892840e-009             -8.75433794911e-009
   2.414951108077e-009             -8.74639861062e-009
   2.420784323313e-009             -8.65988633720e-009
   2.426617538550e-009             -8.78220502721e-009
   2.432450753787e-009             -8.56509063561e-009
   2.438283969024e-009             -8.62095706244e-009
   2.444117184261e-009             -8.56911318209e-009
   2.449950399498e-009             -8.71966955605e-009
   2.455783614735e-009             -8.74901859232e-009
   2.461616829972e-009             -8.65668408566e-009
   2.467450045209e-009             -8.50102017398e-009
   2.473283260446e-009             -8.35075501248e-009
   2.479116475682e-009             -8.08137325745e-009
   2.484949690919e-009             -8.03204344927e-009
   2.490782906156e-009             -7.94539875017e-009
   2.496616121393e-009             -8.02751802633e-009
   2.502449336630e-009             -7.75197010343e-009
   2.508282551867e-009             -7.45273643567e-009
   2.514115767104e-009             -7.32607747058e-009
   2.519948982341e-009             -7.41433639846e-009
   2.525782197578e-009             -7.33346105537e-009
   2.531615412815e-009             -7.53231496844e-009
   2.537448628051e-009             -7.48166198887e-009
   2.543281843288e-009             -7.30453534711e-009
   2.549115058525e-009             -7.21593232954e-009
   2.554948273762e-009             -7.15715486362e-009
   2.560781488999e-009             -7.33552528338e-009
   2.566614704236e-009             -7.54718804757e-009
   2.572447919473e-009             -7.64224844547e-009
   2.578281134710e-009             -7.56891531889e-009
   2.584114349947e-009             -7.25679356169e-009
   2.589947565184e-009             -7.46131092124e-009
   2.595780780420e-009             -7.26168943541e-009
   2.601613995657e-009             -7.36963792275e-009
   2.607447210894e-009             -7.43738699623e-009
   2.613280426131e-009             -7.43296748283e-009
   2.619113641368e-009             -7.35582347377e-009
   2.624946856605e-009             -7.24305850610e-009
   2.630780071842e-009             -7.28913303044e-009
   2.636613287079e-009             -7.33788056878e-009
   2.642446502316e-009             -7.44357968026e-009
   2.648279717553e-009             -7.34227372110e-009
   2.654112932789e-009             -7.22313076649e-009
   2.659946148026e-009             -7.25343252338e-009
   2.665779363263e-009             -7.18851525066e-009
   2.671612578500e-009             -7.03494192808e-009
   2.677445793737e-009             -7.07675572578e-009
   2.683279008974e-009             -7.13526865047e-009
   2.689112224211e-009             -7.05497557723e-009
   2.694945439448e-009             -6.93297430570e-009
   2.700778654685e-009             -6.88655569167e-009
   2.706611869922e-009             -6.59105351300e-009
   2.712445085158e-009             -6.36271813798e-009
   2.718278300395e-009             -6.27967265735e-009
   2.724111515632e-009             -6.35536106933e-009
   2.729944730869e-009             -6.34646901022e-009
   2.735777946106e-009             -6.13732031819e-009
   2.741611161343e-009             -6.00380716091e-009
   2.747444376580e-009             -6.01068786925e-009
   2.753277591817e-009             -6.09148381895e-009
   2.759110807054e-009             -6.19495991564e-009
   2.764944022291e-009             -6.29539254757e-009
   2.770777237527e-009             -6.17953108282e-009
   2.776610452764e-009             -6.17045387585e-009
   2.782443668001e-009             -6.18919071470e-009
   2.788276883238e-009             -6.26310595605e-009
   2.794110098475e-009             -6.43594535502e-009
   2.799943313712e-009             -6.75185163361e-009
   2.805776528949e-009             -6.77127649677e-009
   2.811609744186e-009             -6.76005551334e-009
   2.817442959423e-009             -6.69693777233e-009
   2.823276174659e-009             -6.71157267131e-009
   2.829109389896e-009             -6.91159112407e-009
   2.834942605133e-009             -6.75891764487e-009
   2.840775820370e-009             -6.78548791267e-009
   2.846609035607e-009             -6.69045403092e-009
   2.852442250844e-009             -6.62413403836e-009
   2.858275466081e-009             -6.61508319248e-009
   2.864108681318e-009             -6.76929166214e-009
   2.869941896555e-009             -6.65059855169e-009
   2.875775111792e-009             -6.55577633395e-009
   2.881608327028e-009             -6.54220006513e-009
   2.887441542265e-009             -6.42236908620e-009
   2.893274757502e-009             -6.49093845462e-009
   2.899107972739e-009             -6.29404286002e-009
   2.904941187976e-009             -6.21930716866e-009
   2.910774403213e-009             -6.19660066058e-009
   2.916607618450e-009             -6.13581184388e-009
   2.922440833687e-009             -6.33450697018e-009
   2.928274048924e-009             -6.32910822001e-009
   2.934107264161e-009             -6.04596504830e-009
   2.939940479397e-009             -6.09979376328e-009
   2.945773694634e-009             -5.89988122005e-009
   2.951606909871e-009             -6.02519034254e-009
   2.957440125108e-009             -5.92369923553e-009
   2.963273340345e-009             -6.02921304409e-009
   2.969106555582e-009             -5.86463055715e-009
   2.974939770819e-009             -5.95188388717e-009
   2.980772986056e-009             -6.04443005784e-009
   2.986606201293e-009             -6.07769588612e-009
   2.992439416530e-009             -6.18770860147e-009
   2.998272631766e-009             -6.28642109507e-009
   3.004105847003e-009             -6.19392780164e-009
   3.009939062240e-009             -6.11678394765e-009
   3.015772277477e-009             -6.13504442618e-009
   3.021605492714e-009             -6.33670362387e-009
   3.027438707951e-009             -6.42281893036e-009
   3.033271923188e-009             -6.75833537503e-009
   3.039105138425e-009             -6.69624974802e-009
   3.044938353662e-009             -6.81203181938e-009
   3.050771568899e-009             -6.61989982788e-009
   3.056604784135e-009             -6.86091162834e-009
   3.062437999372e-009             -6.90023787002e-009
   3.068271214609e-009             -6.66467769697e-009
   3.074104429846e-009             -6.75677402348e-009
   3.079937645083e-009             -6.70384499682e-009
   3.085770860320e-009             -6.61370714385e-009
   3.091604075557e-009             -6.63114717239e-009
   3.097437290794e-009             -6.69018933462e-009
   3.103270506031e-009             -6.65480640109e-009
   3.109103721268e-009             -6.53116438462e-009
   3.114936936504e-009             -6.44576361860e-009
   3.120770151741e-009             -6.36769340508e-009
   3.126603366978e-009             -6.28440974430e-009
   3.132436582215e-009             -6.21472886849e-009
   3.138269797452e-009             -6.15110825102e-009
   3.144103012689e-009             -6.36380312922e-009
   3.149936227926e-009             -6.36467645645e-009
   3.155769443163e-009             -6.28594473476e-009
   3.161602658400e-009             -6.30444339345e-009
   3.167435873637e-009             -6.22187427313e-009
   3.173269088873e-009             -6.30354355006e-009
   3.179102304110e-009             -6.22523531145e-009
   3.184935519347e-009             -6.22489122176e-009
   3.190768734584e-009             -6.17400006203e-009
   3.196601949821e-009             -6.26138566267e-009
   3.202435165058e-009             -6.29872706973e-009
   3.208268380295e-009             -6.26210020314e-009
   3.214101595532e-009             -6.47077253485e-009
   3.219934810769e-009             -6.53375800524e-009
   3.225768026006e-009             -6.54722836453e-009
   3.231601241242e-009             -6.58917458791e-009
   3.237434456479e-009             -6.76407821489e-009
   3.243267671716e-009             -6.76180216781e-009
   3.249100886953e-009             -6.70503589759e-009
   3.254934102190e-009             -6.84717657275e-009
   3.260767317427e-009             -7.07072182853e-009
   3.266600532664e-009             -7.11634666377e-009
   3.272433747901e-009             -7.31086045682e-009
   3.278266963138e-009             -7.35288591853e-009
   3.284100178375e-009             -7.40293026718e-009
   3.289933393611e-009             -7.30974894943e-009
   3.295766608848e-009             -7.20997782568e-009
   3.301599824085e-009             -7.14265223526e-009
   3.307433039322e-009             -7.16001302548e-009
   3.313266254559e-009             -7.17493898184e-009
   3.319099469796e-009             -6.93649413078e-009
   3.324932685033e-009             -6.86541053513e-009
   3.330765900270e-009             -6.89198095799e-009
   3.336599115507e-009             -6.77077362031e-009
   3.342432330744e-009             -6.79120423638e-009
   3.348265545980e-009             -6.72316410551e-009
   3.354098761217e-009             -6.73210904185e-009
   3.359931976454e-009             -6.50962241623e-009
   3.365765191691e-009             -6.45825489618e-009
   3.371598406928e-009             -6.35041216331e-009
   3.377431622165e-009             -6.67600443486e-009
   3.383264837402e-009             -6.67370202670e-009
   3.389098052639e-009             -6.64959295384e-009
   3.394931267876e-009             -6.53873327234e-009
   3.400764483113e-009             -6.61203988277e-009
   3.406597698349e-009             -6.67788335995e-009
   3.412430913586e-009             -6.60026314565e-009
   3.418264128823e-009             -6.69267704570e-009
   3.424097344060e-009             -6.72951557630e-009
   3.429930559297e-009             -6.74182155096e-009
   3.435763774534e-009             -6.81105258261e-009
   3.441596989771e-009             -6.81933601079e-009
   3.447430205008e-009             -7.09843011987e-009
   3.453263420245e-009             -6.95957108964e-009
   3.459096635482e-009             -7.01189133030e-009
   3.464929850718e-009             -7.18308998434e-009
   3.470763065955e-009             -7.11512924685e-009
   3.476596281192e-009             -7.23114949836e-009
   3.482429496429e-009             -7.27418071299e-009
   3.488262711666e-009             -7.34965730590e-009
   3.494095926903e-009             -7.44302392656e-009
   3.499929142140e-009             -7.58889609081e-009
   3.505762357377e-009             -7.54038673262e-009
   3.511595572614e-009             -7.69504504644e-009
   3.517428787851e-009             -7.62412023756e-009
   3.523262003087e-009             -7.48613453457e-009
   3.529095218324e-009             -7.34521127634e-009
   3.534928433561e-009             -7.23803020670e-009
   3.540761648798e-009             -7.17824698786e-009
   3.546594864035e-009             -7.17258354138e-009
   3.552428079272e-009             -7.08633596427e-009
   3.558261294509e-009             -6.88012482749e-009
   3.564094509746e-009             -7.03854114655e-009
   3.569927724983e-009             -7.00686318597e-009
   3.575760940220e-009             -6.86154677542e-009
   3.581594155456e-009             -6.89034005799e-009
   3.587427370693e-009             -6.86366388066e-009
   3.593260585930e-009             -6.72025306641e-009
   3.599093801167e-009             -6.57401045139e-009
   3.604927016404e-009             -6.61307199677e-009
   3.610760231641e-009             -6.86371691296e-009
   3.616593446878e-009             -6.96044441688e-009
   3.622426662115e-009             -6.97034222891e-009
   3.628259877352e-009             -7.06516429158e-009
   3.634093092589e-009             -7.18179317403e-009
   3.639926307825e-009             -7.09464575354e-009
   3.645759523062e-009             -7.13021398998e-009
   3.651592738299e-009             -7.07662345516e-009
   3.657425953536e-009             -7.13092853045e-009
   3.663259168773e-009             -7.32073159764e-009
   3.669092384010e-009             -7.21863170463e-009
   3.674925599247e-009             -7.33044410675e-009
   3.680758814484e-009             -7.54573245050e-009
   3.686592029721e-009             -7.41534215137e-009
   3.692425244958e-009             -7.49341220983e-009
   3.698258460194e-009             -7.69930577308e-009
   3.704091675431e-009             -7.59125137620e-009
   3.709924890668e-009             -7.63534122098e-009
   3.715758105905e-009             -7.44762874289e-009
   3.721591321142e-009             -7.53435283537e-009
   3.727424536379e-009             -7.57037091597e-009
   3.733257751616e-009             -7.93086976073e-009
   3.739090966853e-009             -7.98856239049e-009
   3.744924182090e-009             -7.67580533114e-009
   3.750757397327e-009             -7.56841259750e-009
   3.756590612563e-009             -7.61705422630e-009
   3.762423827800e-009             -7.45315976368e-009
   3.768257043037e-009             -7.33245545752e-009
   3.774090258274e-009             -7.28767758843e-009
   3.779923473511e-009             -7.39223867636e-009
   3.785756688748e-009             -7.11467940269e-009
   3.791589903985e-009             -6.91069128068e-009
   3.797423119222e-009             -6.94258090527e-009
   3.803256334459e-009             -7.15307928484e-009
   3.809089549696e-009             -7.05264665292e-009
   3.814922764932e-009             -6.94422180527e-009
   3.820755980169e-009             -6.89690334786e-009
   3.826589195406e-009             -6.85225774938e-009
   3.832422410643e-009             -6.88033649149e-009
   3.838255625880e-009             -6.74306532897e-009
   3.844088841117e-009             -7.14069391679e-009
   3.849922056354e-009             -7.27838856239e-009
   3.855755271591e-009             -7.17427731861e-009
   3.861588486828e-009             -7.23874474717e-009
   3.867421702065e-009             -7.21069236614e-009
   3.873254917301e-009             -7.33126455675e-009
   3.879088132538e-009             -7.21654111554e-009
   3.884921347775e-009             -7.29220301137e-009
   3.890754563012e-009             -7.47991533440e-009
   3.896587778249e-009             -7.59850269038e-009
   3.902420993486e-009             -7.57751632061e-009
   3.908254208723e-009             -7.54295368202e-009
   3.914087423960e-009             -7.63280063267e-009
   3.919920639197e-009             -7.79232830405e-009
   3.925753854434e-009             -7.72582316364e-009
   3.931587069670e-009             -7.68766146164e-009
   3.937420284907e-009             -7.74220471708e-009
   3.943253500144e-009             -7.58074493324e-009
   3.949086715381e-009             -7.50415683295e-009
   3.954919930618e-009             -7.42436648111e-009
   3.960753145855e-009             -7.39350897052e-009
   3.966586361092e-009             -7.54311246879e-009
   3.972419576329e-009             -7.55952053839e-009
   3.978252791566e-009             -7.60075206624e-009
   3.984086006803e-009             -7.43373490053e-009
   3.989919222039e-009             -7.39395881468e-009
   3.995752437276e-009             -7.07167454915e-009
   4.001585652513e-009             -7.06130053187e-009
   4.007418867750e-009             -7.12203647134e-009
   4.013252082987e-009             -7.17451549877e-009
   4.019085298224e-009             -7.18062878941e-009
   4.024918513461e-009             -6.98915846113e-009
   4.030751728698e-009             -7.14048225279e-009
   4.036584943935e-009             -7.13749166525e-009
   4.042418159172e-009             -7.01496131123e-009
   4.048251374408e-009             -7.04581882181e-009
   4.054084589645e-009             -7.21151281614e-009
   4.059917804882e-009             -7.17700320985e-009
   4.065751020119e-009             -7.16689373382e-009
   4.071584235356e-009             -7.07453271100e-009
   4.077417450593e-009             -7.32126099025e-009
   4.083250665830e-009             -7.59855556762e-009
   4.089083881067e-009             -7.52493138365e-009
   4.094917096304e-009             -7.79780644761e-009
   4.100750311541e-009             -7.95577292251e-009
   4.106583526777e-009             -7.68559723364e-009
   4.112416742014e-009             -7.62192373893e-009
   4.118249957251e-009             -7.79100513266e-009
   4.124083172488e-009             -7.73426537859e-009
   4.129916387725e-009             -7.78727364357e-009
   4.135749602962e-009             -7.76747817457e-009
   4.141582818199e-009             -7.55541844346e-009
   4.147416033436e-009             -7.78068399262e-009
   4.153249248673e-009             -7.55414814930e-009
   4.159082463910e-009             -7.62922793034e-009
   4.164915679146e-009             -7.47893625269e-009
   4.170748894383e-009             -7.59831738746e-009
   4.176582109620e-009             -7.34375567926e-009
   4.182415324857e-009             -7.25157995937e-009
   4.188248540094e-009             -7.12852021275e-009
   4.194081755331e-009             -7.31083394067e-009
   4.199914970568e-009             -7.41184884244e-009
   4.205748185805e-009             -7.36246615702e-009
   4.211581401042e-009             -7.34698444696e-009
   4.217414616279e-009             -7.21479446107e-009
   4.223247831515e-009             -7.03229543023e-009
   4.229081046752e-009             -7.02393276373e-009
   4.234914261989e-009             -6.99116965684e-009
   4.240747477226e-009             -7.04941804029e-009
   4.246580692463e-009             -7.00170261595e-009
   4.252413907700e-009             -7.05322892276e-009
   4.258247122937e-009             -6.82730171037e-009
   4.264080338174e-009             -7.00628091613e-009
   4.269913553411e-009             -7.06855184605e-009
   4.275746768648e-009             -7.11655832778e-009
   4.281579983884e-009             -7.12965823629e-009
   4.287413199121e-009             -7.16165377041e-009
   4.293246414358e-009             -7.25544387415e-009
   4.299079629595e-009             -7.18904448821e-009
   4.304912844832e-009             -7.16422087488e-009
   4.310746060069e-009             -7.58802276357e-009
   4.316579275306e-009             -7.60630960319e-009
   4.322412490543e-009             -7.65825939307e-009
   4.328245705780e-009             -7.87651180822e-009
   4.334078921017e-009             -7.74665074664e-009
   4.339912136253e-009             -7.74104017739e-009
   4.345745351490e-009             -7.63901967777e-009
   4.351578566727e-009             -7.66154103801e-009
   4.357411781964e-009             -7.72346787824e-009
   4.363244997201e-009             -7.70674223511e-009
   4.369078212438e-009             -7.60773868412e-009
   4.374911427675e-009             -7.49656158415e-009
   4.380744642912e-009             -7.51619811131e-009
   4.386577858149e-009             -7.51492781715e-009
   4.392411073386e-009             -7.45646792476e-009
   4.398244288622e-009             -7.45948487339e-009
   4.404077503859e-009             -7.28167005226e-009
   4.409910719096e-009             -7.04280187319e-009
   4.415743934333e-009             -7.08877064306e-009
   4.421577149570e-009             -6.91667230070e-009
   4.427410364807e-009             -7.11766983517e-009
   4.433243580044e-009             -7.17681790693e-009
   4.439076795281e-009             -7.24633999597e-009
   4.444910010518e-009             -7.17459489215e-009
   4.450743225755e-009             -7.08924700336e-009
   4.456576440991e-009             -6.99061390315e-009
   4.462409656228e-009             -6.94662996790e-009
   4.468242871465e-009             -6.99929429825e-009
   4.474076086702e-009             -7.00821287351e-009
   4.479909301939e-009             -7.03732372963e-009
   4.485742517176e-009             -7.17684442308e-009
   4.491575732413e-009             -6.99548341578e-009
   4.497408947650e-009             -7.31967312255e-009
   4.503242162887e-009             -7.29074741429e-009
   4.509075378124e-009             -7.28799516197e-009
   4.514908593360e-009             -7.38297601141e-009
   4.520741808597e-009             -7.44323559057e-009
   4.526575023834e-009             -7.47404022391e-009
   4.532408239071e-009             -7.56166415978e-009
   4.538241454308e-009             -7.50219851448e-009
   4.544074669545e-009             -7.57643132937e-009
   4.549907884782e-009             -7.84406642993e-009
   4.555741100019e-009             -7.88328676208e-009
   4.561574315256e-009             -7.97114872304e-009
   4.567407530493e-009             -7.78028702569e-009
   4.573240745729e-009             -7.68644404472e-009
   4.579073960966e-009             -7.54215974817e-009
   4.584907176203e-009             -7.49597931430e-009
   4.590740391440e-009             -7.52643985796e-009
   4.596573606677e-009             -7.52125292686e-009
   4.602406821914e-009             -7.41735334708e-009
   4.608240037151e-009             -7.14770705081e-009
   4.614073252388e-009             -7.01067406845e-009
   4.619906467625e-009             -6.96663710090e-009
   4.625739682862e-009             -6.91524321977e-009
   4.631572898098e-009             -6.97470886508e-009
   4.637406113335e-009             -6.94612724651e-009
   4.643239328572e-009             -6.89954969064e-009
   4.649072543809e-009             -6.65766456295e-009
   4.654905759046e-009             -6.61857650142e-009
   4.660738974283e-009             -6.81795980710e-009
   4.666572189520e-009             -6.99037572299e-009
   4.672405404757e-009             -7.14257284188e-009
   4.678238619994e-009             -7.07971979717e-009
   4.684071835231e-009             -7.01268526415e-009
   4.689905050467e-009             -6.93810851463e-009
   4.695738265704e-009             -7.00900680736e-009
   4.701571480941e-009             -7.10936004590e-009
   4.707404696178e-009             -7.12621780459e-009
   4.713237911415e-009             -7.31154848114e-009
   4.719071126652e-009             -7.12780567229e-009
   4.724904341889e-009             -7.29963947340e-009
   4.730737557126e-009             -7.30196839771e-009
   4.736570772363e-009             -7.42235513033e-009
   4.742403987600e-009             -7.57322907783e-009
   4.748237202836e-009             -7.44807858705e-009
   4.754070418073e-009             -7.49108344059e-009
   4.759903633310e-009             -7.46546573834e-009
   4.765736848547e-009             -7.33004713982e-009
   4.771570063784e-009             -7.49576765030e-009
   4.777403279021e-009             -7.48399091318e-009
   4.783236494258e-009             -7.58759928050e-009
   4.789069709495e-009             -7.66487556017e-009
   4.794902924732e-009             -7.74747104157e-009
   4.800736139969e-009             -7.64182496240e-009
   4.806569355205e-009             -7.51969142024e-009
   4.812402570442e-009             -7.16729070074e-009
   4.818235785679e-009             -7.15167672006e-009
   4.824069000916e-009             -7.10666067081e-009
   4.829902216153e-009             -7.21278311030e-009
   4.835735431390e-009             -6.87647273178e-009
   4.841568646627e-009             -6.89301307200e-009
   4.847401861864e-009             -6.91349656531e-009
   4.853235077101e-009             -6.85313107662e-009
   4.859068292338e-009             -6.71723611779e-009
   4.864901507574e-009             -6.55630572656e-009
   4.870734722811e-009             -6.59293243809e-009
   4.876567938048e-009             -6.43697746903e-009
   4.882401153285e-009             -6.34437826606e-009
   4.888234368522e-009             -6.33276031571e-009
   4.894067583759e-009             -6.47548326071e-009
   4.899900798996e-009             -6.58533718929e-009
   4.905734014233e-009             -6.60306843027e-009
   4.911567229470e-009             -6.80411884197e-009
   4.917400444707e-009             -6.87956907380e-009
   4.923233659943e-009             -7.10824853851e-009
   4.929066875180e-009             -7.12216874196e-009
   4.934900090417e-009             -7.03719145901e-009
   4.940733305654e-009             -6.91669866179e-009
   4.946566520891e-009             -7.10808975174e-009
   4.952399736128e-009             -7.21172448014e-009
   4.958232951365e-009             -7.32692428166e-009
   4.964066166602e-009             -7.57952767139e-009
   4.969899381839e-009             -7.42624540619e-009
   4.975732597076e-009             -7.22077532602e-009
   4.981565812312e-009             -7.29532571446e-009
   4.987399027549e-009             -7.38474918203e-009
   4.993232242786e-009             -7.43759866024e-009
   4.999065458023e-009             -7.30011583371e-009
   5.004898673260e-009             -7.19439036115e-009
   5.010731888497e-009             -7.26647955465e-009
   5.016565103734e-009             -7.31456542976e-009
   5.022398318971e-009             -7.40298314441e-009
   5.028231534208e-009             -7.48536711687e-009
   5.034064749445e-009             -7.39933104871e-009
   5.039897964681e-009             -7.13593031370e-009
   5.045731179918e-009             -6.99553629301e-009
   5.051564395155e-009             -6.86903626975e-009
   5.057397610392e-009             -6.78159763681e-009
   5.063230825629e-009             -6.71318705516e-009
   5.069064040866e-009             -6.57753012142e-009
   5.074897256103e-009             -6.44195273613e-009
   5.080730471340e-009             -6.48625424491e-009
   5.086563686577e-009             -6.41392687125e-009
   5.092396901814e-009             -6.40013893842e-009
   5.098230117050e-009             -6.33964117912e-009
   5.104063332287e-009             -6.36822279769e-009
   5.109896547524e-009             -6.32259796244e-009
   5.115729762761e-009             -6.26003597513e-009
   5.121562977998e-009             -6.33755043496e-009
   5.127396193235e-009             -6.45044782831e-009
   5.133229408472e-009             -6.74507667974e-009
   5.139062623709e-009             -6.83664376870e-009
   5.144895838946e-009             -6.91765138241e-009
   5.150729054183e-009             -7.04939152414e-009
   5.156562269419e-009             -7.04153157903e-009
   5.162395484656e-009             -6.97597915924e-009
   5.168228699893e-009             -7.08736807828e-009
   5.174061915130e-009             -7.10962458714e-009
   5.179895130367e-009             -7.15035339360e-009
   5.185728345604e-009             -7.16821690521e-009
   5.191561560841e-009             -7.02697607344e-009
   5.197394776078e-009             -7.07471801392e-009
   5.203227991315e-009             -7.12928778551e-009
   5.209061206552e-009             -7.06415869373e-009
   5.214894421788e-009             -7.07971979717e-009
   5.220727637025e-009             -6.98405076835e-009
   5.226560852262e-009             -6.94027849711e-009
   5.232394067499e-009             -6.83185364946e-009
   5.238227282736e-009             -6.83915784087e-009
   5.244060497973e-009             -6.78392656112e-009
   5.249893713210e-009             -6.83929011149e-009
   5.255726928447e-009             -6.89351579339e-009
   5.261560143684e-009             -6.79874660795e-009
   5.267393358921e-009             -6.65427716355e-009
   5.273226574157e-009             -6.75050194607e-009
   5.279059789394e-009             -6.43528369179e-009
   5.284893004631e-009             -6.35292623548e-009
   5.290726219868e-009             -6.34765991099e-009
   5.296559435105e-009             -6.42464497821e-009
   5.302392650342e-009             -6.32728217215e-009
   5.308225865579e-009             -6.11374048287e-009
   5.314059080816e-009             -6.17767867388e-009
   5.319892296053e-009             -6.13303307541e-009
   5.325725511290e-009             -6.13149808494e-009
   5.331558726526e-009             -6.12964567601e-009
   5.337391941763e-009             -6.16656359999e-009
   5.343225157000e-009             -6.15219339732e-009
   5.349058372237e-009             -6.09743832281e-009
   5.354891587474e-009             -6.16476391323e-009
   5.360724802711e-009             -6.19427189133e-009
   5.366558017948e-009             -6.37859681496e-009
   5.372391233185e-009             -6.58038828327e-009
   5.378224448422e-009             -6.74078943696e-009
   5.384057663659e-009             -6.80565383244e-009
   5.389890878895e-009             -6.62556311929e-009
   5.395724094132e-009             -6.60513265828e-009
   5.401557309369e-009             -6.53052923754e-009
   5.407390524606e-009             -6.67192885608e-009
   5.413223739843e-009             -6.87835165687e-009
   5.419056955080e-009             -6.75304253439e-009
   5.424890170317e-009             -6.59653165656e-009
   5.430723385554e-009             -6.64459117059e-009
   5.436556600791e-009             -6.57517483602e-009
   5.442389816028e-009             -6.39619563026e-009
   5.448223031264e-009             -6.50009521004e-009
   5.454056246501e-009             -6.43327234102e-009
   5.459889461738e-009             -6.28226612290e-009
   5.465722676975e-009             -6.07295879918e-009
   5.471555892212e-009             -6.07780179566e-009
   5.477389107449e-009             -6.01968583789e-009
   5.483222322686e-009             -6.14478329638e-009
   5.489055537923e-009             -6.03048333824e-009
   5.494888753160e-009             -5.98168276760e-009
   5.500721968397e-009             -6.05774163036e-009
   5.506555183633e-009             -5.92004713982e-009
   5.512388398870e-009             -5.78224658469e-009
   5.518221614107e-009             -5.80619702585e-009
   5.524054829344e-009             -5.79706678658e-009
   5.529888044581e-009             -5.94193319791e-009
   5.535721259818e-009             -5.88670191816e-009
   5.541554475055e-009             -5.81913814759e-009
   5.547387690292e-009             -6.11024717394e-009
   5.553220905529e-009             -5.91803578905e-009
   5.559054120766e-009             -6.05363969049e-009
   5.564887336002e-009             -6.00997332878e-009
   5.570720551239e-009             -6.15669230411e-009
   5.576553766476e-009             -6.19387492441e-009
   5.582386981713e-009             -6.15637473057e-009
   5.588220196950e-009             -6.36703189691e-009
   5.594053412187e-009             -6.47977050350e-009
   5.599886627424e-009             -6.72734543876e-009
   5.605719842661e-009             -6.91955682364e-009
   5.611553057898e-009             -7.09607483447e-009
   5.617386273135e-009             -7.17710896432e-009
   5.623219488371e-009             -7.17755896354e-009
   5.629052703608e-009             -7.21085115291e-009
   5.634885918845e-009             -7.32094341671e-009
   5.640719134082e-009             -7.23848005086e-009
   5.646552349319e-009             -7.61747770938e-009
   5.652385564556e-009             -7.41907364047e-009
   5.658218779793e-009             -7.32393384918e-009
   5.664051995030e-009             -7.33639861062e-009
   5.669885210267e-009             -7.34563475942e-009
   5.675718425504e-009             -7.31996417994e-009
   5.681551640740e-009             -7.22887345129e-009
   5.687384855977e-009             -7.22905875421e-009
   5.693218071214e-009             -7.07254787638e-009
   5.699051286451e-009             -6.94403650235e-009
   5.704884501688e-009             -7.04317232396e-009
   5.710717716925e-009             -7.19446975453e-009
   5.716550932162e-009             -7.26380654065e-009
   5.722384147399e-009             -7.40134239948e-009
   5.728217362636e-009             -7.47044116051e-009
   5.734050577873e-009             -7.60024934485e-009
   5.739883793109e-009             -7.57873373754e-009
   5.745717008346e-009             -7.51368403914e-009
   5.751550223583e-009             -7.71370249190e-009
   5.757383438820e-009             -7.96773480749e-009
   5.763216654057e-009             -8.16484206609e-009
   5.769049869294e-009             -8.24145668254e-009
   5.774883084531e-009             -8.41747181690e-009
   5.780716299768e-009             -8.46420815953e-009
   5.786549515005e-009             -8.44967917009e-009
   5.792382730242e-009             -8.71572640295e-009
   5.798215945478e-009             -8.97116128332e-009
   5.804049160715e-009             -8.86943199615e-009
   5.809882375952e-009             -9.15935012173e-009
   5.815715591189e-009             -9.25589247779e-009
   5.821548806426e-009             -9.39382530354e-009
   5.827382021663e-009             -9.62351036611e-009
