# Atom Manipulation               
# 
# Sample                          Ag(111)
# Data set                        -
# Creation Comment                
# Gap voltage                     -1.000e-004 V
# Gap voltage range in Volt       -1;1
# Feedback loop enabled           No
# Regulator setpoint              1.000e-009 A
# Pre-amplifier range             0;3.33e-007
# Loop gain                       7.000e+000 %
# Z-axis offset                   -8.000e-010 m
# Parameter mode                  V before Z
# Raster time                     1.000e-002 seconds
# Channel name and data unit      I(r) [A]
# Manipulation vector: start      8.308e+000, 9.362e+000 [nm]
#                      end        1.215e+001, 6.200e-001 [nm]
# 
# 
#             Position                              I(r)
# --------------------             ---------------------
   0.000000000000e+000             -2.4044514413311e-008
   4.774905758232e-011             -2.4021144691343e-008
   9.549811516465e-011             -2.4052615174681e-008
   1.432471727470e-010             -2.4152835212207e-008
   1.909962303293e-010             -2.4064652266278e-008
   2.387452879116e-010             -2.4152978647521e-008
   2.864943454939e-010             -2.4135417357999e-008
   3.342434030763e-010             -2.4170276171130e-008
   3.819924606586e-010             -2.4124199786010e-008
   4.297415182409e-010             -2.4223562002822e-008
   4.774905758232e-010             -2.4185248181860e-008
   5.252396334056e-010             -2.4128213028579e-008
   5.729886909879e-010             -2.4053414225682e-008
   6.207377485702e-010             -2.4184876800695e-008
   6.684868061525e-010             -2.4240344709951e-008
   7.162358637348e-010             -2.4254451146707e-008
   7.639849213172e-010             -2.4150758268852e-008
   8.117339788995e-010             -2.4277856688738e-008
   8.594830364818e-010             -2.4181726806122e-008
   9.072320940641e-010             -2.4249697777916e-008
   9.549811516465e-010             -2.4213978352897e-008
   1.002730209229e-009             -2.4315924576284e-008
   1.050479266811e-009             -2.4214900370606e-008
   1.098228324393e-009             -2.4268139992867e-008
   1.145977381976e-009             -2.4229416489634e-008
   1.193726439558e-009             -2.4255764859123e-008
   1.241475497140e-009             -2.4156162136178e-008
   1.289224554723e-009             -2.4165013103010e-008
   1.336973612305e-009             -2.4204307711393e-008
   1.384722669887e-009             -2.4268117043217e-008
   1.432471727470e-009             -2.4089722588348e-008
   1.480220785052e-009             -2.4145620648483e-008
   1.527969842634e-009             -2.4113630231512e-008
   1.575718900217e-009             -2.4164321667261e-008
   1.623467957799e-009             -2.4039097830638e-008
   1.671217015381e-009             -2.4127478019507e-008
   1.718966072964e-009             -2.4027286048784e-008
   1.766715130546e-009             -2.4118250399293e-008
   1.814464188128e-009             -2.4013576734017e-008
   1.862213245711e-009             -2.4148284203508e-008
   1.909962303293e-009             -2.4010336956690e-008
   1.957711360875e-009             -2.4086065375490e-008
   2.005460418458e-009             -2.4039907115942e-008
   2.053209476040e-009             -2.4139622571291e-008
   2.100958533622e-009             -2.4047726123835e-008
   2.148707591205e-009             -2.4083624649165e-008
   2.196456648787e-009             -2.4040954581401e-008
   2.244205706369e-009             -2.4143843291104e-008
   2.291954763952e-009             -2.4034859278327e-008
   2.339703821534e-009             -2.4135297027400e-008
   2.387452879116e-009             -2.4142739536975e-008
   2.435201936698e-009             -2.4200945122424e-008
   2.482950994281e-009             -2.4054648699778e-008
   2.530700051863e-009             -2.4117894524648e-008
   2.578449109445e-009             -2.4088260168401e-008
   2.626198167028e-009             -2.4157598815302e-008
   2.673947224610e-009             -2.4093113554250e-008
   2.721696282192e-009             -2.4023987501744e-008
   2.769445339775e-009             -2.4028792042054e-008
   2.817194397357e-009             -2.4119833149840e-008
   2.864943454939e-009             -2.4048317697592e-008
   2.912692512522e-009             -2.4220452790398e-008
   2.960441570104e-009             -2.4085939927740e-008
   3.008190627686e-009             -2.4099485493650e-008
   3.055939685269e-009             -2.4081714090775e-008
   3.103688742851e-009             -2.4184382607887e-008
   3.151437800433e-009             -2.4056546387756e-008
   3.199186858016e-009             -2.4196919009443e-008
   3.246935915598e-009             -2.4156907379553e-008
   3.294684973180e-009             -2.4227503450201e-008
   3.342434030763e-009             -2.4117899641799e-008
   3.390183088345e-009             -2.4194398889733e-008
   3.437932145927e-009             -2.4146939633116e-008
   3.485681203510e-009             -2.4252666036068e-008
   3.533430261092e-009             -2.4137212702942e-008
   3.581179318674e-009             -2.4251685093582e-008
   3.628928376257e-009             -2.4208123711020e-008
   3.676677433839e-009             -2.4170181426290e-008
   3.724426491421e-009             -2.4101721223775e-008
   3.772175549004e-009             -2.4298765370838e-008
   3.819924606586e-009             -2.4146711687264e-008
   3.867673664168e-009             -2.4201511110422e-008
   3.915422721750e-009             -2.4121479942316e-008
   3.963171779333e-009             -2.4229526740995e-008
   4.010920836915e-009             -2.4227475228334e-008
   4.058669894497e-009             -2.4248242956163e-008
   4.106418952080e-009             -2.4226522507714e-008
   4.154168009662e-009             -2.4311020173983e-008
   4.201917067244e-009             -2.4203946719596e-008
   4.249666124827e-009             -2.4347697281707e-008
   4.297415182409e-009             -2.4353726061809e-008
   4.345164239991e-009             -2.4390492952286e-008
   4.392913297574e-009             -2.4148017801486e-008
   4.440662355156e-009             -2.4303395772923e-008
   4.488411412738e-009             -2.4318262804509e-008
   4.536160470321e-009             -2.4384346322629e-008
   4.583909527903e-009             -2.4258766456295e-008
   4.631658585485e-009             -2.4368319093179e-008
   4.679407643068e-009             -2.4304179472468e-008
   4.727156700650e-009             -2.4330051481648e-008
   4.774905758232e-009             -2.4247344043170e-008
   4.822654815815e-009             -2.4356466529176e-008
   4.870403873397e-009             -2.4262882196964e-008
   4.918152930979e-009             -2.4255416582673e-008
   4.965901988562e-009             -2.4158067577416e-008
   5.013651046144e-009             -2.4263289398192e-008
   5.061400103726e-009             -2.4169443781110e-008
   5.109149161309e-009             -2.4190347346059e-008
   5.156898218891e-009             -2.4240646932035e-008
   5.204647276473e-009             -2.4269333529749e-008
   5.252396334056e-009             -2.4104963637209e-008
   5.300145391638e-009             -2.4230213059592e-008
   5.347894449220e-009             -2.4094340275086e-008
   5.395643506803e-009             -2.4158080292763e-008
   5.443392564385e-009             -2.4014829040612e-008
   5.491141621967e-009             -2.4154297632154e-008
   5.538890679549e-009             -2.4200407201228e-008
   5.586639737132e-009             -2.4201654545736e-008
   5.634388794714e-009             -2.4003132627270e-008
   5.682137852296e-009             -2.4150712059421e-008
   5.729886909879e-009             -2.4082236660516e-008
   5.777635967461e-009             -2.4200952720619e-008
   5.825385025043e-009             -2.4241781389074e-008
   5.873134082626e-009             -2.4230046519561e-008
   5.920883140208e-009             -2.4100307494301e-008
   5.968632197790e-009             -2.4143420738421e-008
   6.016381255373e-009             -2.4064319341283e-008
   6.064130312955e-009             -2.4162198514475e-008
   6.111879370537e-009             -2.4099751740607e-008
   6.159628428120e-009             -2.4164759571400e-008
   6.207377485702e-009             -2.4119111011180e-008
   6.255126543284e-009             -2.4202584161640e-008
   6.302875600867e-009             -2.4131836902417e-008
   6.350624658449e-009             -2.4194311898153e-008
   6.398373716031e-009             -2.4130302842345e-008
   6.446122773614e-009             -2.4222276202143e-008
   6.493871831196e-009             -2.4092614089225e-008
   6.541620888778e-009             -2.4181690830994e-008
   6.589369946361e-009             -2.4149743987347e-008
   6.637119003943e-009             -2.4183624494100e-008
   6.684868061525e-009             -2.4111163919428e-008
   6.732617119108e-009             -2.4208889578068e-008
   6.780366176690e-009             -2.4240490626308e-008
   6.828115234272e-009             -2.4343609917971e-008
   6.875864291855e-009             -2.4224588999674e-008
   6.923613349437e-009             -2.4389755307107e-008
   6.971362407019e-009             -2.4350990866659e-008
   7.019111464601e-009             -2.4346962272636e-008
   7.066860522184e-009             -2.4342785126146e-008
   7.114609579766e-009             -2.4426598954861e-008
   7.162358637348e-009             -2.4237855293151e-008
   7.210107694931e-009             -2.4344826404503e-008
   7.257856752513e-009             -2.4343174494875e-008
   7.305605810095e-009             -2.4486407759463e-008
   7.353354867678e-009             -2.4397566561739e-008
   7.401103925260e-009             -2.4380719812681e-008
   7.448852982842e-009             -2.4366523748236e-008
   7.496602040425e-009             -2.4420623982385e-008
   7.544351098007e-009             -2.4252307525314e-008
   7.592100155589e-009             -2.4400396656794e-008
   7.639849213172e-009             -2.4454476267270e-008
   7.687598270754e-009             -2.4584202577184e-008
   7.735347328336e-009             -2.4450875498147e-008
   7.783096385919e-009             -2.4573079750035e-008
   7.830845443501e-009             -2.4520749275070e-008
   7.878594501083e-009             -2.4519671106700e-008
   7.926343558666e-009             -2.4521637953760e-008
   7.974092616248e-009             -2.4598833909659e-008
   8.021841673830e-009             -2.4515911395742e-008
   8.069590731413e-009             -2.4631628494782e-008
   8.117339788995e-009             -2.4516782241933e-008
   8.165088846577e-009             -2.4611600893176e-008
   8.212837904160e-009             -2.4543404611639e-008
   8.260586961742e-009             -2.4525223526493e-008
   8.308336019324e-009             -2.4466946145854e-008
   8.356085076907e-009             -2.4570449534029e-008
   8.403834134489e-009             -2.4445507450883e-008
   8.451583192071e-009             -2.4521514987052e-008
   8.499332249653e-009             -2.4450329978756e-008
   8.547081307236e-009             -2.4500913799253e-008
   8.594830364818e-009             -2.4346045372079e-008
   8.642579422400e-009             -2.4411089177999e-008
   8.690328479983e-009             -2.4388062460265e-008
   8.738077537565e-009             -2.4408461443037e-008
   8.785826595147e-009             -2.4289066662532e-008
   8.833575652730e-009             -2.4414738637597e-008
   8.881324710312e-009             -2.4277452123618e-008
   8.929073767894e-009             -2.4405341996309e-008
   8.976822825477e-009             -2.4292388314286e-008
   9.024571883059e-009             -2.4464989533099e-008
   9.072320940641e-009             -2.4344890446433e-008
   9.120069998224e-009             -2.4224632417932e-008
   9.167819055806e-009             -2.4171833335918e-008
   9.215568113388e-009             -2.4348642404131e-008
   9.263317170971e-009             -2.4196534912931e-008
   9.311066228553e-009             -2.4277206190203e-008
   9.358815286135e-009             -2.4084249561941e-008
   9.406564343718e-009             -2.4274529919831e-008
   9.454313401300e-009             -2.4052676580502e-008
   9.502062458882e-009             -2.4141261765572e-008
