# Atom Manipulation               
# 
# Sample                          Ag(111)
# Data set                        -
# Creation Comment                
# Gap voltage                     2.000e+000 V
# Gap voltage range in Volt       -10;10
# Feedback loop enabled           No
# Regulator setpoint              1.000e-009 A
# Pre-amplifier range             0;3.33e-007
# Loop gain                       7.000e+000 %
# Z-axis offset                   -4.000e-010 m
# Parameter mode                  V before Z
# Raster time                     1.000e-003 seconds
# Channel name and data unit      I(r) [A]
# Manipulation vector: start      -2.075e+000, -1.775e+000 [nm]
#                      end        -9.500e-001, -8.750e-001 [nm]
# 
# 
#             Position                             I(r)
# --------------------             --------------------
   0.000000000000e+000              7.059130394331e-009
   1.440702953422e-012              7.125106297198e-009
   2.881405906845e-012              7.183989827723e-009
   4.322108860267e-012              7.192670067763e-009
   5.762811813690e-012              7.214662035386e-009
   7.203514767112e-012              7.958445781451e-009
   8.644217720534e-012              8.553499201414e-009
   1.008492067396e-011              8.415222441036e-009
   1.152562362738e-011              8.331753477337e-009
   1.296632658080e-011              8.177703794446e-009
   1.440702953422e-011              8.153144877421e-009
   1.584773248765e-011              8.288325295787e-009
   1.728843544107e-011              8.368459737320e-009
   1.872913839449e-011              8.424617221542e-009
   2.016984134791e-011              7.873574252973e-009
   2.161054430134e-011              8.412496549799e-009
   2.305124725476e-011              8.421600272915e-009
   2.449195020818e-011              7.844304610089e-009
   2.593265316160e-011              7.740616849385e-009
   2.737335611503e-011              7.731486610120e-009
   2.881405906845e-011              7.605992029648e-009
   3.025476202187e-011              7.637802415916e-009
   3.169546497529e-011              7.956249282823e-009
   3.313616792872e-011              7.843087193165e-009
   3.457687088214e-011              7.617530586612e-009
   3.601757383556e-011              7.557615097148e-009
   3.745827678898e-011              8.068537890183e-009
   3.889897974240e-011              8.145946440478e-009
   4.033968269583e-011              8.162486780691e-009
   4.178038564925e-011              7.736329606600e-009
   4.322108860267e-011              7.744904092171e-009
   4.466179155609e-011              8.339798725364e-009
   4.610249450952e-011              8.296502814433e-009
   4.754319746294e-011              8.437611375583e-009
   4.898390041636e-011              8.426549178930e-009
   5.042460336978e-011              8.464684519841e-009
   5.186530632321e-011              8.694792910419e-009
   5.330600927663e-011              8.278480516057e-009
   5.474671223005e-011              8.701991347362e-009
   5.618741518347e-011              8.691061421328e-009
   5.762811813690e-011              8.531401324257e-009
   5.906882109032e-011              8.541007923832e-009
   6.050952404374e-011              8.711068554327e-009
   6.195022699716e-011              8.794802214331e-009
   6.339092995059e-011              8.787048023694e-009
   6.483163290401e-011              8.670630960319e-009
   6.627233585743e-011              8.574009210873e-009
   6.771303881085e-011              8.484400440385e-009
   6.915374176427e-011              8.424193893532e-009
   7.059444471770e-011              8.423135263378e-009
   7.203514767112e-011              8.384232504768e-009
   7.347585062454e-011              8.338078431981e-009
   7.491655357796e-011              8.340301446758e-009
   7.635725653139e-011              8.323734745460e-009
   7.779795948481e-011              8.289198623021e-009
   7.923866243823e-011              8.238916094218e-009
   8.067936539165e-011              8.334082401650e-009
   8.212006834508e-011              8.226239668781e-009
   8.356077129850e-011              8.171749290577e-009
   8.500147425192e-011              8.153224270806e-009
   8.644217720534e-011              8.173337158275e-009
   8.788288015877e-011              7.565422009955e-009
   8.932358311219e-011              7.531865124285e-009
   9.076428606561e-011              7.897365752299e-009
   9.220498901903e-011              8.198240320055e-009
   9.364569197246e-011              7.695759586906e-009
   9.508639492588e-011              7.650108390578e-009
   9.652709787930e-011              8.040115058382e-009
   9.796780083272e-011              8.245796957621e-009
   9.940850378614e-011              8.278295213137e-009
   1.008492067396e-010              8.383544480454e-009
   1.022899096930e-010              8.443962846377e-009
   1.037306126464e-010              7.909645365876e-009
   1.051713155998e-010              7.984248631550e-009
   1.066120185533e-010              8.323496565306e-009
   1.080527215067e-010              8.841273705593e-009
   1.094934244601e-010              8.939403929352e-009
   1.109341274135e-010              8.965021631596e-009
   1.123748303669e-010              9.069529687233e-009
   1.138155333204e-010              9.041424428972e-009
   1.152562362738e-010              8.982355750593e-009
   1.166969392272e-010              8.892985315325e-009
   1.181376421806e-010              8.909181565848e-009
   1.195783451341e-010              8.490169796399e-009
   1.210190480875e-010              8.146422800788e-009
   1.224597510409e-010              8.787736203073e-009
   1.239004539943e-010              8.779188078587e-009
   1.253411569477e-010              8.616907999814e-009
   1.267818599012e-010              8.477440338662e-009
   1.282225628546e-010              8.450764161330e-009
   1.296632658080e-010              8.365601575462e-009
   1.311039687614e-010              8.385132348152e-009
   1.325446717149e-010              8.393548046954e-009
   1.339853746683e-010              8.205623904852e-009
   1.354260776217e-010              8.213007489649e-009
   1.368667805751e-010              8.221370156151e-009
   1.383074835285e-010              8.249766626867e-009
   1.397481864820e-010              8.359117678984e-009
   1.411888894354e-010              8.313757695111e-009
   1.426295923888e-010              8.444756780226e-009
   1.440702953422e-010              8.404477817922e-009
   1.455109982957e-010              8.391245638791e-009
   1.469517012491e-010              8.633501217262e-009
   1.483924042025e-010              8.525473336538e-009
   1.498331071559e-010              8.531507233792e-009
   1.512738101094e-010              8.487946781622e-009
   1.527145130628e-010              8.549185442479e-009
   1.541552160162e-010              8.568054707004e-009
   1.555959189696e-010              8.670286870629e-009
   1.570366219230e-010              8.534841755958e-009
   1.584773248765e-010              8.789085890617e-009
   1.599180278299e-010              8.840374017274e-009
   1.613587307833e-010              8.908070058460e-009
   1.627994337367e-010              8.983784831522e-009
   1.642401366902e-010              9.035496441254e-009
   1.656808396436e-010              9.042827148816e-009
   1.671215425970e-010              9.110417280466e-009
   1.685622455504e-010              9.003844996821e-009
   1.700029485038e-010              8.665417357999e-009
   1.714436514573e-010              8.518751414970e-009
   1.728843544107e-010              8.736209896261e-009
   1.743250573641e-010              8.361393726062e-009
   1.757657603175e-010              8.152165640652e-009
   1.772064632710e-010              8.072586952814e-009
   1.786471662244e-010              8.016270681822e-009
   1.800878691778e-010              8.007246197026e-009
   1.815285721312e-010              7.909063096032e-009
   1.829692750846e-010              7.853673029509e-009
   1.844099780381e-010              7.784177301555e-009
   1.858506809915e-010              8.238969126518e-009
   1.872913839449e-010              8.291156941494e-009
   1.887320868983e-010              8.193370807425e-009
   1.901727898518e-010              8.126177487634e-009
   1.916134928052e-010              8.272049651879e-009
   1.930541957586e-010              8.319315232055e-009
   1.944948987120e-010              8.327492750702e-009
   1.959356016654e-010              7.847744886725e-009
   1.973763046189e-010              8.282370791918e-009
   1.988170075723e-010              8.524864705609e-009
   2.002577105257e-010              8.354592256044e-009
   2.016984134791e-010              8.268265285553e-009
   2.031391164326e-010              8.499908666594e-009
   2.045798193860e-010              8.511076617718e-009
   2.060205223394e-010              8.711915520476e-009
   2.074612252928e-010              8.801021259440e-009
   2.089019282462e-010              8.791785265704e-009
   2.103426311997e-010              8.771222379010e-009
   2.117833341531e-010              8.842967482827e-009
   2.132240371065e-010              8.948613562003e-009
   2.146647400599e-010              8.888142318845e-009
   2.161054430134e-010              8.482971359457e-009
   2.175461459668e-010              8.634427576796e-009
   2.189868489202e-010              8.541696103211e-009
   2.204275518736e-010              9.085540789902e-009
   2.218682548270e-010              9.136828916559e-009
   2.233089577805e-010              8.725729969452e-009
   2.247496607339e-010              9.101154770581e-009
   2.261903636873e-010              9.095967684411e-009
   2.276310666407e-010              9.037163702337e-009
   2.290717695942e-010              8.156611670207e-009
   2.305124725476e-010              8.138033618136e-009
   2.319531755010e-010              8.062980353239e-009
   2.333938784544e-010              8.466298748624e-009
   2.348345814078e-010              8.683651475445e-009
   2.362752843613e-010              8.523223805610e-009
   2.377159873147e-010              8.611271069485e-009
   2.391566902681e-010              8.466722231698e-009
   2.405973932215e-010              8.389525345408e-009
   2.420380961750e-010              8.407071283475e-009
   2.434787991284e-010              8.380474499527e-009
   2.449195020818e-010              8.434858968196e-009
   2.463602050352e-010              8.403286917149e-009
   2.478009079887e-010              8.378039820745e-009
   2.492416109421e-010              8.427078416474e-009
   2.506823138955e-010              8.499961543829e-009
   2.521230168489e-010              8.373620307339e-009
   2.535637198023e-010              7.955349439439e-009
   2.550044227558e-010              8.560274155282e-009
   2.564451257092e-010              8.601902650064e-009
   2.578858286626e-010              8.174951542123e-009
   2.593265316160e-010              8.647527485308e-009
   2.607672345695e-010              8.751665090170e-009
   2.622079375229e-010              8.864059607065e-009
   2.636486404763e-010              8.887507171766e-009
   2.650893434297e-010              8.959437578502e-009
   2.665300463831e-010              9.004030144676e-009
   2.679707493366e-010              8.900633596427e-009
   2.694114522900e-010              8.933449425483e-009
   2.708521552434e-010              9.039360200965e-009
   2.722928581968e-010              9.114651646017e-009
   2.737335611503e-010              8.986563599994e-009
   2.751742641037e-010              8.990639178775e-009
   2.766149670571e-010              8.945199646451e-009
   2.780556700105e-010              8.507530431546e-009
   2.794963729639e-010              8.204274217308e-009
   2.809370759174e-010              8.666211291848e-009
   2.823777788708e-010              8.433032920343e-009
   2.838184818242e-010              8.061736575230e-009
   2.852591847776e-010              8.043634883468e-009
   2.866998877311e-010              7.993061297276e-009
   2.881405906845e-010              7.963129991161e-009
   2.895812936379e-010              8.676876521577e-009
   2.910219965913e-010              8.373038037495e-009
   2.924626995447e-010              7.835862395137e-009
   2.939034024982e-010              7.846024748407e-009
   2.953441054516e-010              7.816278745212e-009
   2.967848084050e-010              8.072401804959e-009
   2.982255113584e-010              8.393256834499e-009
   2.996662143119e-010              8.319923862984e-009
   3.011069172653e-010              8.316324644513e-009
   3.025476202187e-010              8.316509947433e-009
   3.039883231721e-010              8.503613639535e-009
   3.054290261255e-010              8.581551582440e-009
   3.068697290790e-010              8.617278605654e-009
   3.083104320324e-010              8.650544433934e-009
   3.097511349858e-010              8.714508986029e-009
   3.111918379392e-010              8.841988246057e-009
   3.126325408927e-010              8.804276388221e-009
   3.140732438461e-010              8.982064693203e-009
   3.155139467995e-010              9.103218998589e-009
   3.169546497529e-010              9.122008714665e-009
   3.183953527063e-010              9.110020313542e-009
   3.198360556598e-010              9.220906511188e-009
   3.212767586132e-010              9.302231698429e-009
   3.227174615666e-010              9.347750624137e-009
   3.241581645200e-010              9.258327156569e-009
   3.255988674735e-010              9.278228535099e-009
   3.270395704269e-010              9.053201166090e-009
   3.284802733803e-010              9.027054226302e-009
   3.299209763337e-010              9.032347222007e-009
   3.313616792871e-010              8.954568065872e-009
   3.328023822406e-010              8.900686473662e-009
   3.342430851940e-010              8.106540960474e-009
   3.356837881474e-010              8.087036548869e-009
   3.371244911008e-010              8.460503031525e-009
   3.385651940543e-010              8.786809843539e-009
   3.400058970077e-010              8.769793298082e-009
   3.414465999611e-010              8.781172913210e-009
   3.428873029145e-010              8.771328133480e-009
   3.443280058680e-010              8.649062320706e-009
   3.457687088214e-010              8.581974910450e-009
   3.472094117748e-010              8.571944982865e-009
   3.486501147282e-010              8.572897703484e-009
   3.500908176816e-010              8.478366543131e-009
   3.515315206351e-010              8.481013040984e-009
   3.529722235885e-010              8.387963993859e-009
   3.544129265419e-010              7.760888523624e-009
   3.558536294953e-010              7.697135635535e-009
   3.572943324488e-010              7.866455364481e-009
   3.587350354022e-010              7.810774085503e-009
   3.601757383556e-010              8.479081083596e-009
   3.616164413090e-010              8.709639473399e-009
   3.630571442624e-010              8.543813208454e-009
   3.644978472159e-010              8.702335281986e-009
   3.659385501693e-010              8.826585929383e-009
   3.673792531227e-010              9.002098342353e-009
   3.688199560761e-010              9.120076912342e-009
   3.702606590296e-010              9.243718773744e-009
   3.717013619830e-010              9.217413202252e-009
   3.731420649364e-010              9.045288343749e-009
   3.745827678898e-010              9.056694475027e-009
   3.760234708432e-010              8.933502457783e-009
   3.774641737967e-010              9.250149637923e-009
   3.789048767501e-010              9.341002186419e-009
   3.803455797035e-010              9.245968304672e-009
   3.817862826569e-010              9.222441346586e-009
   3.832269856104e-010              9.063813363519e-009
   3.846676885638e-010              9.017130053187e-009
   3.861083915172e-010              8.886977934221e-009
   3.875490944706e-010              8.753702802028e-009
   3.889897974240e-010              8.786545302300e-009
   3.904305003775e-010              8.806128952224e-009
   3.918712033309e-010              8.753702802028e-009
   3.933119062843e-010              8.634718634186e-009
   3.947526092377e-010              8.731552047636e-009
   3.961933121912e-010              8.642419792523e-009
   3.976340151446e-010              7.957096093907e-009
   3.990747180980e-010              8.089974104111e-009
   4.005154210514e-010              8.601902650064e-009
   4.019561240048e-010              8.614605591651e-009
   4.033968269583e-010              7.995919459133e-009
   4.048375299117e-010              7.895566220596e-009
   4.062782328651e-010              8.589676068787e-009
   4.077189358185e-010              8.662876769682e-009
   4.091596387720e-010              8.071898928499e-009
   4.106003417254e-010              7.954952472515e-009
   4.120410446788e-010              7.991685093582e-009
   4.134817476322e-010              8.071131510800e-009
   4.149224505856e-010              8.231982508645e-009
   4.163631535391e-010              8.755687636651e-009
   4.178038564925e-010              8.924927972212e-009
   4.192445594459e-010              8.978200933493e-009
   4.206852623993e-010              9.016865511948e-009
   4.221259653528e-010              9.075696010172e-009
   4.235666683062e-010              9.092156801935e-009
   4.250073712596e-010              8.919688008808e-009
   4.264480742130e-010              9.246894509141e-009
   4.278887771664e-010              9.235726558018e-009
   4.293294801199e-010              9.264758020748e-009
   4.307701830733e-010              9.271030098156e-009
   4.322108860267e-010              9.245783001752e-009
   4.336515889801e-010              9.199946657570e-009
   4.350922919336e-010              9.203228147436e-009
   4.365329948870e-010              9.154083642172e-009
   4.379736978404e-010              9.175096528090e-009
   4.394144007938e-010              9.048119989456e-009
   4.408551037473e-010              8.865832777683e-009
   4.422958067007e-010              8.780617159516e-009
   4.437365096541e-010              8.117841182217e-009
   4.451772126075e-010              8.697545317806e-009
   4.466179155609e-010              8.625905968460e-009
   4.480586185144e-010              8.550455736637e-009
   4.494993214678e-010              8.531427840407e-009
   4.509400244212e-010              8.566837290080e-009
   4.523807273746e-010              8.545374560002e-009
   4.538214303281e-010              8.456665787964e-009
   4.552621332815e-010              8.459418040286e-009
   4.567028362349e-010              8.523170928375e-009
   4.581435391883e-010              8.408156429779e-009
   4.595842421417e-010              8.448064786243e-009
   4.610249450952e-010              8.495991874583e-009
   4.624656480486e-010              8.491651754563e-009
   4.639063510020e-010              8.515416892803e-009
   4.653470539554e-010              8.647897936082e-009
   4.667877569089e-010              8.657504535657e-009
   4.682284598623e-010              8.610238955481e-009
   4.696691628157e-010              8.428163562778e-009
   4.711098657691e-010              8.438961063127e-009
   4.725505687225e-010              7.938200468297e-009
   4.739912716760e-010              8.638106033587e-009
   4.754319746294e-010              8.754337949108e-009
   4.768726775828e-010              8.801365349129e-009
   4.783133805362e-010              8.417974693359e-009
   4.797540834897e-010              8.746028159841e-009
   4.811947864431e-010              8.916274093256e-009
   4.826354893965e-010              8.973119756858e-009
   4.840761923499e-010              8.595154212346e-009
   4.855168953033e-010              8.326381243313e-009
   4.869575982568e-010              8.963804214672e-009
   4.883983012102e-010              8.918153018344e-009
   4.898390041636e-010              9.007576485912e-009
   4.912797071170e-010              8.997811099567e-009
   4.927204100705e-010              8.928288855464e-009
   4.941611130239e-010              8.907593698150e-009
   4.956018159773e-010              8.887348384996e-009
   4.970425189307e-010              8.665496751384e-009
   4.984832218841e-010              8.179979841523e-009
   4.999239248376e-010              8.626197025849e-009
   5.013646277910e-010              8.485961946999e-009
   5.028053307444e-010              8.385238102622e-009
   5.042460336978e-010              8.338369644435e-009
   5.056867366513e-010              8.210281598412e-009
   5.071274396047e-010              8.096616787359e-009
   5.085681425581e-010              8.132185023803e-009
   5.100088455115e-010              8.249290266557e-009
   5.114495484649e-010              7.978505791685e-009
   5.128902514184e-010              8.209514180713e-009
   5.143309543718e-010              8.398443920669e-009
   5.157716573252e-010              8.143088278621e-009
   5.172123602786e-010              7.773988432136e-009
   5.186530632321e-010              7.857986633379e-009
   5.200937661855e-010              8.397041355890e-009
   5.215344691389e-010              8.746557397386e-009
   5.229751720923e-010              8.790435578161e-009
   5.244158750457e-010              8.355121648653e-009
   5.258565779992e-010              8.841908852673e-009
   5.272972809526e-010              8.540505202438e-009
   5.287379839060e-010              8.640805408674e-009
   5.301786868594e-010              8.878800415575e-009
   5.316193898129e-010              8.354301198654e-009
   5.330600927663e-010              8.385423405542e-009
   5.345007957197e-010              8.136631053358e-009
   5.359414986731e-010              8.891026996852e-009
   5.373822016266e-010              8.953588984168e-009
   5.388229045800e-010              8.961051962350e-009
   5.402636075334e-010              8.943638294903e-009
   5.417043104868e-010              8.722818775295e-009
   5.431450134402e-010              8.653534866411e-009
   5.445857163937e-010              8.415275318271e-009
   5.460264193471e-010              8.117999968987e-009
   5.474671223005e-010              8.035113275132e-009
   5.489078252539e-010              8.641493588054e-009
   5.503485282074e-010              8.662744499062e-009
   5.517892311608e-010              8.645225077145e-009
   5.532299341142e-010              8.525367427003e-009
   5.546706370676e-010              8.446265254540e-009
   5.561113400210e-010              8.341783559987e-009
   5.575520429745e-010              8.291977391493e-009
   5.589927459279e-010              8.272314348183e-009
   5.604334488813e-010              8.259187923522e-009
   5.618741518347e-010              7.823027182930e-009
   5.633148547882e-010              8.023654266619e-009
   5.647555577416e-010              8.296793871823e-009
   5.661962606950e-010              8.358588441440e-009
   5.676369636484e-010              8.346282466777e-009
   5.690776666018e-010              8.238413372823e-009
   5.705183695553e-010              8.517189908356e-009
   5.719590725087e-010              8.497156414272e-009
   5.733997754621e-010              8.596715718960e-009
   5.748404784155e-010              8.729911302703e-009
   5.762811813690e-010              8.671557164788e-009
   5.777218843224e-010              8.704320116609e-009
   5.791625872758e-010              8.648003845617e-009
   5.806032902292e-010              8.294809037200e-009
   5.820439931826e-010              8.275490083580e-009
   5.834846961361e-010              8.244976507621e-009
   5.849253990895e-010              8.937101521190e-009
   5.863661020429e-010              8.944141171363e-009
   5.878068049963e-010              8.966874040534e-009
   5.892475079498e-010              8.993947184791e-009
   5.906882109032e-010              8.895393633023e-009
   5.921289138566e-010              8.815470855495e-009
   5.935696168100e-010              8.521980027602e-009
   5.950103197634e-010              8.556807207431e-009
   5.964510227169e-010              8.244288483307e-009
   5.978917256703e-010              8.083728542852e-009
   5.993324286237e-010              8.251407371800e-009
   6.007731315771e-010              8.717023058196e-009
   6.022138345306e-010              8.581419156755e-009
   6.036545374840e-010              8.532301167641e-009
   6.050952404374e-010              8.518830808355e-009
   6.065359433908e-010              8.459550310906e-009
   6.079766463442e-010              8.451187644404e-009
   6.094173492977e-010              8.486411791158e-009
   6.108580522511e-010              8.520153979748e-009
   6.122987552045e-010              8.356683000202e-009
   6.137394581579e-010              8.416095768271e-009
   6.151801611114e-010              8.293062382732e-009
   6.166208640648e-010              8.150127928794e-009
   6.180615670182e-010              8.209752360868e-009
   6.195022699716e-010              8.227774659244e-009
   6.209429729250e-010              7.723123788553e-009
   6.223836758785e-010              7.774041464436e-009
   6.238243788319e-010              8.269191490022e-009
   6.252650817853e-010              8.478922296826e-009
   6.267057847387e-010              8.507821488936e-009
   6.281464876922e-010              8.002906077005e-009
   6.295871906456e-010              8.013597667819e-009
   6.310278935990e-010              8.666714168308e-009
   6.324685965524e-010              8.923789948673e-009
   6.339092995059e-010              9.005247561600e-009
   6.353500024593e-010              9.045791065143e-009
   6.367907054127e-010              9.166230830064e-009
   6.382314083661e-010              9.058097039805e-009
   6.396721113195e-010              9.211538091768e-009
   6.411128142730e-010              9.164484175596e-009
   6.425535172264e-010              8.857840561956e-009
   6.439942201798e-010              9.068206515840e-009
   6.454349231332e-010              8.979021228427e-009
   6.468756260867e-010              8.951471723860e-009
   6.483163290401e-010              8.891741537316e-009
   6.497570319935e-010              8.553499201414e-009
   6.511977349469e-010              8.716943664811e-009
   6.526384379003e-010              8.630537300935e-009
   6.540791408538e-010              8.588379413543e-009
   6.555198438072e-010              8.640911318209e-009
   6.569605467606e-010              8.546618493076e-009
   6.584012497140e-010              8.052526942579e-009
   6.598419526675e-010              7.865237947557e-009
   6.612826556209e-010              7.820645381383e-009
   6.627233585743e-010              8.427554776784e-009
   6.641640615277e-010              8.493927646575e-009
   6.656047644811e-010              8.521053823133e-009
   6.670454674346e-010              8.602008559599e-009
   6.684861703880e-010              8.405880382701e-009
   6.699268733414e-010              8.483474235916e-009
   6.713675762948e-010              8.192894447115e-009
   6.728082792483e-010              8.508006791856e-009
   6.742489822017e-010              8.390398672642e-009
   6.756896851551e-010              8.605131417761e-009
   6.771303881085e-010              8.598303586658e-009
   6.785710910619e-010              8.561703236211e-009
   6.800117940154e-010              8.779479291042e-009
   6.814524969688e-010              8.841220828358e-009
   6.828931999222e-010              8.822166415978e-009
   6.843339028756e-010              9.024196064445e-009
   6.857746058291e-010              9.020173517964e-009
   6.872153087825e-010              9.030600567539e-009
   6.886560117359e-010              9.149584735381e-009
   6.900967146893e-010              9.198385150956e-009
   6.915374176427e-010              9.232233249081e-009
   6.929781205962e-010              9.260894261037e-009
   6.944188235496e-010              9.297626882104e-009
   6.958595265030e-010              8.736448076416e-009
   6.973002294564e-010              9.166865977143e-009
   6.987409324099e-010              9.307868628758e-009
   7.001816353633e-010              8.830449844159e-009
   7.016223383167e-010              8.898622245654e-009
   7.030630412701e-010              8.937392733644e-009
   7.045037442235e-010              8.865541720293e-009
   7.059444471770e-010              8.790329668626e-009
   7.073851501304e-010              8.748171781234e-009
   7.088258530838e-010              8.708104638000e-009
   7.102665560372e-010              8.698153948735e-009
   7.117072589907e-010              8.649432926546e-009
   7.131479619441e-010              8.532989191955e-009
   7.145886648975e-010              8.376081502272e-009
   7.160293678509e-010              8.126177487634e-009
   7.174700708043e-010              7.735297492596e-009
   7.189107737578e-010              7.841710989471e-009
   7.203514767112e-010              8.534550698569e-009
   7.217921796646e-010              8.571230442401e-009
   7.232328826180e-010              8.685768580688e-009
   7.246735855715e-010              8.678967265735e-009
   7.261142885249e-010              8.755872939571e-009
   7.275549914783e-010              8.552943447720e-009
   7.289956944317e-010              7.971836747352e-009
   7.304363973852e-010              8.267418319403e-009
   7.318771003386e-010              8.727714804075e-009
   7.333178032920e-010              8.750156615857e-009
   7.347585062454e-010              8.475746561429e-009
   7.361992091988e-010              8.316086464358e-009
   7.376399121523e-010              8.782443207369e-009
   7.390806151057e-010              8.897960582425e-009
   7.405213180591e-010              8.980450309355e-009
   7.419620210125e-010              9.001251376204e-009
   7.434027239660e-010              9.078368869109e-009
   7.448434269194e-010              9.112111057700e-009
   7.462841298728e-010              9.093877095319e-009
   7.477248328262e-010              9.025122423979e-009
   7.491655357796e-010              9.090436663617e-009
   7.506062387331e-010              9.213708074245e-009
   7.520469416865e-010              9.214502008094e-009
   7.534876446399e-010              9.080115523578e-009
   7.549283475933e-010              9.157629983408e-009
   7.563690505468e-010              9.040736404658e-009
   7.578097535002e-010              8.883775682675e-009
   7.592504564536e-010              8.864350819520e-009
   7.606911594070e-010              8.730043573323e-009
   7.621318623604e-010              8.599653274202e-009
   7.635725653139e-010              8.119958442525e-009
   7.650132682673e-010              7.794630712214e-009
   7.664539712207e-010              7.787750003877e-009
   7.678946741741e-010              8.256223852130e-009
   7.693353771276e-010              8.456083518119e-009
   7.707760800810e-010              8.315001473119e-009
   7.722167830344e-010              8.265539394315e-009
   7.736574859878e-010              8.416942579355e-009
   7.750981889412e-010              8.507821488936e-009
   7.765388918947e-010              8.553234505109e-009
   7.779795948481e-010              8.574776628572e-009
   7.794202978015e-010              8.646812944843e-009
   7.808610007549e-010              8.736209896261e-009
   7.823017037084e-010              8.927706740684e-009
   7.837424066618e-010              8.320982493138e-009
   7.851831096152e-010              8.237143078665e-009
   7.866238125686e-010              8.539499449519e-009
   7.880645155220e-010              9.036660825877e-009
   7.895052184755e-010              8.992862193552e-009
   7.909459214289e-010              9.081994448666e-009
   7.923866243823e-010              8.988363286762e-009
   7.938273273357e-010              9.114783916637e-009
   7.952680302892e-010              9.186502659368e-009
   7.967087332426e-010              9.143550838127e-009
   7.981494361960e-010              9.116001333561e-009
   7.995901391494e-010              9.348121074912e-009
   8.010308421028e-010              9.335391772240e-009
   8.024715450563e-010              9.275529160012e-009
   8.039122480097e-010              9.302628665354e-009
   8.053529509631e-010              9.192113073547e-009
   8.067936539165e-010              8.765347268526e-009
   8.082343568700e-010              8.615637705655e-009
   8.096750598234e-010              8.580889919211e-009
   8.111157627768e-010              9.177954689947e-009
   8.125564657302e-010              9.066936221681e-009
   8.139971686836e-010              8.678358479741e-009
   8.154378716371e-010              8.719907736203e-009
   8.168785745905e-010              8.850403944859e-009
   8.183192775439e-010              8.850589247779e-009
   8.197599804973e-010              8.756719750655e-009
   8.212006834508e-010              8.803985330832e-009
   8.226413864042e-010              8.779743832281e-009
   8.240820893576e-010              8.747986478314e-009
   8.255227923110e-010              8.611932732714e-009
   8.269634952644e-010              8.624847338306e-009
   8.284041982179e-010              8.817482206268e-009
   8.298449011713e-010              8.794087673867e-009
   8.312856041247e-010              8.850218797004e-009
   8.327263070781e-010              8.841723704818e-009
   8.341670100316e-010              8.902353734745e-009
   8.356077129850e-010              8.957346834344e-009
   8.370484159384e-010              9.165728108670e-009
   8.384891188918e-010              9.329013785297e-009
   8.399298218453e-010              9.432039882771e-009
   8.413705247987e-010              9.531811006528e-009
   8.428112277521e-010              9.550997689528e-009
   8.442519307055e-010              9.531731613143e-009
   8.456926336589e-010              9.448209772209e-009
   8.471333366124e-010              9.516435050939e-009
   8.485740395658e-010              9.417325745476e-009
   8.500147425192e-010              9.128492611143e-009
   8.514554454726e-010              9.492405371459e-009
   8.528961484261e-010              9.057170835336e-009
   8.543368513795e-010              9.420077997798e-009
   8.557775543329e-010              9.413170773310e-009
   8.572182572863e-010              9.294689326862e-009
   8.586589602397e-010              8.600261905131e-009
   8.600996631932e-010              9.261344105196e-009
   8.615403661466e-010              8.823754283676e-009
   8.629810691000e-010              8.577476003660e-009
   8.644217720534e-010              9.253166586550e-009
   8.658624750069e-010              9.292704492239e-009
   8.673031779603e-010              9.214872613934e-009
   8.687438809137e-010              9.292069345160e-009
   8.701845838671e-010              9.327214253594e-009
   8.716252868205e-010              9.166469010219e-009
   8.730659897740e-010              9.011837212548e-009
   8.745066927274e-010              8.937789700569e-009
   8.759473956808e-010              8.833016793562e-009
   8.773880986342e-010              8.384444168773e-009
   8.788288015877e-010              8.640540867435e-009
   8.802695045411e-010              8.841406131278e-009
   8.817102074945e-010              8.926568717146e-009
   8.831509104479e-010              8.815947215804e-009
   8.845916134013e-010              8.826480174914e-009
   8.860323163548e-010              8.925377816372e-009
   8.874730193082e-010              9.017606413497e-009
   8.889137222616e-010              9.134129541472e-009
   8.903544252150e-010              9.228316457070e-009
   8.917951281685e-010              9.220297725193e-009
   8.932358311219e-010              9.398324210330e-009
   8.946765340753e-010              9.545043185660e-009
   8.961172370287e-010              9.548959977671e-009
   8.975579399821e-010              9.341187489339e-009
   8.989986429356e-010              9.809793608212e-009
   9.004393458890e-010              9.920176929399e-009
   9.018800488424e-010              9.385303695204e-009
   9.033207517958e-010              9.441778908031e-009
   9.047614547493e-010              9.604085347889e-009
   9.062021577027e-010              9.472583541379e-009
   9.076428606561e-010              8.788741800927e-009
   9.090835636095e-010              9.379402068570e-009
   9.105242665629e-010              9.396895129402e-009
   9.119649695164e-010              9.368260633596e-009
   9.134056724698e-010              9.737730930856e-009
   9.148463754232e-010              9.394036967545e-009
   9.162870783766e-010              9.013372203011e-009
   9.177277813301e-010              9.464961776427e-009
   9.191684842835e-010              9.569840437904e-009
   9.206091872369e-010              9.519954876025e-009
   9.220498901903e-010              9.419919211028e-009
   9.234905931437e-010              9.375458915474e-009
   9.249312960972e-010              9.409942160679e-009
   9.263719990506e-010              9.493014002388e-009
   9.278127020040e-010              9.610331064213e-009
   9.292534049574e-010              9.587068802431e-009
   9.306941079109e-010              9.577700383011e-009
   9.321348108643e-010              9.314670098777e-009
   9.335755138177e-010              9.281060180806e-009
   9.350162167711e-010              8.985822698445e-009
   9.364569197246e-010              9.018982617191e-009
   9.378976226780e-010              9.123411434508e-009
   9.393383256314e-010              9.104886259672e-009
   9.407790285848e-010              9.189440214610e-009
   9.422197315382e-010              9.293524942238e-009
   9.436604344917e-010              9.430399137837e-009
   9.451011374451e-010              9.553855851386e-009
   9.465418403985e-010              9.495184139931e-009
   9.479825433519e-010              9.630046984757e-009
   9.494232463054e-010              9.224611484129e-009
   9.508639492588e-010              8.870861077083e-009
   9.523046522122e-010              8.847731085922e-009
   9.537453551656e-010              9.435930158632e-009
   9.551860581190e-010              9.873096652142e-009
   9.566267610725e-010              9.873123168292e-009
   9.580674640259e-010              9.844250337267e-009
   9.595081669793e-010              9.732173393912e-009
   9.609488699327e-010              9.838163562778e-009
   9.623895728862e-010              9.735534432229e-009
   9.638302758396e-010              9.571613453457e-009
   9.652709787930e-010              9.512518413993e-009
   9.667116817464e-010              9.367731240987e-009
   9.681523846998e-010              9.278519592489e-009
   9.695930876533e-010              9.346956690288e-009
   9.710337906067e-010              9.240569554498e-009
   9.724744935601e-010              9.199020298035e-009
   9.739151965135e-010              9.128651397913e-009
   9.753558994670e-010              8.494324613500e-009
   9.767966024204e-010              8.351363643412e-009
   9.782373053738e-010              8.755423095412e-009
   9.796780083272e-010              8.879170866349e-009
   9.811187112806e-010              8.834975267100e-009
   9.825594142341e-010              8.839871140815e-009
   9.840001171875e-010              8.893752733024e-009
   9.854408201409e-010              8.994317790631e-009
   9.868815230943e-010              8.930564902542e-009
   9.883222260478e-010              8.902433128130e-009
   9.897629290012e-010              8.871310921242e-009
   9.912036319546e-010              8.804382297756e-009
   9.926443349080e-010              8.867155949077e-009
   9.940850378615e-010              8.867817612306e-009
   9.955257408149e-010              8.936678193180e-009
   9.969664437683e-010              9.174937741320e-009
   9.984071467217e-010              9.176022732559e-009
   9.998478496751e-010              8.595683604956e-009
   1.001288552629e-009              8.890973964552e-009
   1.002729255582e-009              9.192245499232e-009
   1.004169958535e-009              9.344230799051e-009
   1.005610661489e-009              9.467264184590e-009
   1.007051364442e-009              9.358521608336e-009
   1.008492067396e-009              9.411159422537e-009
   1.009932770349e-009              9.468296298594e-009
   1.011373473303e-009              9.480787421111e-009
   1.012814176256e-009              9.511539177224e-009
   1.014254879209e-009              9.584792755354e-009
   1.015695582163e-009              9.098799485184e-009
   1.017136285116e-009              9.380196002419e-009
   1.018576988070e-009              9.366037618819e-009
   1.020017691023e-009              9.208229930686e-009
   1.021458393976e-009              9.014721890555e-009
   1.022899096930e-009              9.027160135837e-009
   1.024339799883e-009              8.989104188311e-009
   1.025780502837e-009              8.974601715021e-009
   1.027221205790e-009              8.870596380778e-009
   1.028661908744e-009              8.788477104622e-009
   1.030102611697e-009              8.619554497666e-009
   1.031543314650e-009              8.647500969158e-009
   1.032984017604e-009              8.617252089504e-009
   1.034424720557e-009              8.379680565678e-009
   1.035865423511e-009              8.346203073392e-009
   1.037306126464e-009              7.964241498550e-009
   1.038746829418e-009              7.981628649847e-009
   1.040187532371e-009              8.124325078696e-009
   1.041628235324e-009              8.198584254679e-009
   1.043068938278e-009              8.510917830948e-009
   1.044509641231e-009              9.013689776551e-009
   1.045950344185e-009              8.853950286095e-009
   1.047391047138e-009              8.653693653181e-009
   1.048831750092e-009              8.989130704461e-009
   1.050272453045e-009              8.993523856782e-009
   1.051713155998e-009              9.008926173456e-009
   1.053153858952e-009              9.107162151685e-009
   1.054594561905e-009              9.106738823675e-009
   1.056035264859e-009              9.118171471104e-009
   1.057475967812e-009              9.217545472871e-009
   1.058916670765e-009              9.287226348680e-009
   1.060357373719e-009              9.306413186745e-009
   1.061798076672e-009              9.262296825815e-009
   1.063238779626e-009              9.194389120625e-009
   1.064679482579e-009              9.194468514010e-009
   1.066120185533e-009              9.152575167858e-009
   1.067560888486e-009              9.135161655476e-009
   1.069001591439e-009              9.215163671324e-009
   1.070442294393e-009              9.127433980989e-009
   1.071882997346e-009              9.035761137558e-009
   1.073323700300e-009              9.085355486982e-009
   1.074764403253e-009              9.008370419762e-009
   1.076205106207e-009              8.865832777683e-009
   1.077645809160e-009              8.772201460714e-009
   1.079086512113e-009              8.630775481090e-009
   1.080527215067e-009              8.441369225759e-009
   1.081967918020e-009              8.353295600800e-009
   1.083408620974e-009              7.758136271302e-009
   1.084849323927e-009              7.905278729706e-009
   1.086290026880e-009              8.176856983362e-009
   1.087730729834e-009              7.776846593993e-009
   1.089171432787e-009              7.618880274155e-009
   1.090612135741e-009              8.162275116687e-009
   1.092052838694e-009              8.414163810882e-009
   1.093493541648e-009              8.402228286995e-009
   1.094934244601e-009              8.494721580425e-009
   1.096374947554e-009              8.453622323187e-009
   1.097815650508e-009              8.571018623331e-009
   1.099256353461e-009              8.842649909287e-009
   1.100697056415e-009              8.926833413450e-009
   1.102137759368e-009              9.024566670285e-009
   1.103578462322e-009              9.062384282591e-009
   1.105019165275e-009              9.048596349765e-009
   1.106459868228e-009              9.029092093225e-009
   1.107900571182e-009              9.084270495743e-009
   1.109341274135e-009              9.132806215013e-009
   1.110781977089e-009              9.088663492999e-009
   1.112222680042e-009              9.077971902185e-009
   1.113663382996e-009              9.151701840624e-009
   1.115104085949e-009              9.102134007350e-009
   1.116544788902e-009              9.142174634434e-009
   1.117985491856e-009              9.262217432430e-009
   1.119426194809e-009              9.202725426042e-009
   1.120866897763e-009              9.146567786754e-009
   1.122307600716e-009              8.971293709005e-009
   1.123748303669e-009              8.953297771713e-009
   1.125189006623e-009              8.887824745305e-009
   1.126629709576e-009              8.483050752842e-009
   1.128070412530e-009              8.937207430725e-009
   1.129511115483e-009              8.893302888865e-009
   1.130951818437e-009              8.795410845260e-009
   1.132392521390e-009              8.705458140148e-009
   1.133833224343e-009              8.554266619113e-009
   1.135273927297e-009              8.495383243654e-009
   1.136714630250e-009              8.515866736963e-009
   1.138155333204e-009              8.144040999240e-009
   1.139596036157e-009              7.725108623176e-009
   1.141036739111e-009              7.945028299400e-009
   1.142477442064e-009              8.434647304191e-009
   1.143918145017e-009              8.179476965064e-009
   1.145358847971e-009              8.463864069841e-009
   1.146799550924e-009              8.574511932268e-009
   1.148240253878e-009              8.609471537782e-009
   1.149680956831e-009              8.727502985005e-009
   1.151121659785e-009              8.798004310813e-009
   1.152562362738e-009              8.055887980896e-009
   1.154003065691e-009              8.042205802540e-009
   1.155443768645e-009              8.096643148444e-009
   1.156884471598e-009              8.179768022453e-009
   1.158325174552e-009              8.467674952317e-009
   1.159765877505e-009              9.247159205446e-009
   1.161206580458e-009              9.334544806091e-009
   1.162647283412e-009              9.267272247980e-009
   1.164087986365e-009              9.204075113585e-009
   1.165528689319e-009              9.271188884926e-009
   1.166969392272e-009              9.344495495356e-009
   1.168410095226e-009              9.432489881995e-009
   1.169850798179e-009              9.429816867993e-009
   1.171291501132e-009              9.409968521763e-009
   1.172732204086e-009              9.365137775435e-009
   1.174172907039e-009              8.912648358635e-009
   1.175613609993e-009              8.998896090806e-009
   1.177054312946e-009              8.501840623982e-009
   1.178495015900e-009              9.220906511188e-009
   1.179935718853e-009              9.119124191723e-009
   1.181376421806e-009              8.360732062832e-009
   1.182817124760e-009              8.192285816186e-009
   1.184257827713e-009              8.815894338569e-009
   1.185698530667e-009              8.960496208656e-009
   1.187139233620e-009              8.878218145730e-009
   1.188579936573e-009              8.851118485323e-009
   1.190020639527e-009              8.731340383631e-009
   1.191461342480e-009              8.708025244615e-009
   1.192902045434e-009              8.697571678891e-009
   1.194342748387e-009              8.407865217324e-009
   1.195783451341e-009              7.916870163904e-009
   1.197224154294e-009              7.976203383523e-009
   1.198664857247e-009              7.985333622788e-009
   1.200105560201e-009              7.943916792011e-009
   1.201546263154e-009              8.150074896494e-009
   1.202986966108e-009              8.799830358666e-009
   1.204427669061e-009              8.943744204438e-009
   1.205868372015e-009              9.083000201585e-009
   1.207309074968e-009              9.101234163966e-009
   1.208749777921e-009              9.155856812790e-009
   1.210190480875e-009              9.212834747011e-009
   1.211631183828e-009              9.274602800478e-009
   1.213071886782e-009              9.389908511529e-009
   1.214512589735e-009              9.449956426677e-009
   1.215953292689e-009              9.365693529129e-009
   1.217393995642e-009              8.989236613996e-009
   1.218834698595e-009              9.408989440060e-009
   1.220275401549e-009              9.423333126580e-009
   1.221716104502e-009              9.565500162818e-009
   1.223156807456e-009              8.844952317449e-009
   1.224597510409e-009              8.824918668300e-009
   1.226038213362e-009              8.722977562065e-009
   1.227478916316e-009              9.227072679062e-009
   1.228919619269e-009              9.274920374017e-009
   1.230360322223e-009              9.372865449922e-009
   1.231801025176e-009              9.354604971390e-009
   1.233241728130e-009              8.998657910651e-009
   1.234682431083e-009              8.369518212408e-009
   1.236123134036e-009              8.291501031184e-009
   1.237563836990e-009              8.930458993007e-009
   1.239004539943e-009              8.838891904046e-009
   1.240445242897e-009              8.656154848114e-009
   1.241885945850e-009              8.385767495232e-009
   1.243326648804e-009              8.360520398828e-009
   1.244767351757e-009              8.616193459350e-009
   1.246208054710e-009              8.934005179178e-009
   1.247648757664e-009              8.394236071268e-009
   1.249089460617e-009              8.880864643583e-009
   1.250530163571e-009              8.863424459985e-009
   1.251970866524e-009              8.734542635178e-009
   1.253411569477e-009              8.842729302672e-009
   1.254852272431e-009              8.962375133744e-009
   1.256292975384e-009              8.980794399045e-009
   1.257733678338e-009              8.891979717471e-009
   1.259174381291e-009              8.832752252322e-009
   1.260615084245e-009              9.004453627750e-009
   1.262055787198e-009              9.083370652359e-009
   1.263496490151e-009              9.290772689916e-009
   1.264937193105e-009              9.403987656810e-009
   1.266377896058e-009              9.450379754687e-009
   1.267818599012e-009              9.538347625176e-009
   1.269259301965e-009              9.377073299322e-009
   1.270700004919e-009              9.505769976275e-009
   1.272140707872e-009              9.668843988897e-009
   1.273581410825e-009              9.660931011490e-009
   1.275022113779e-009              9.624595357348e-009
   1.276462816732e-009              9.605726247887e-009
   1.277903519686e-009              9.523924545271e-009
   1.279344222639e-009              9.433813053389e-009
   1.280784925593e-009              9.281033664656e-009
   1.282225628546e-009              8.697571678891e-009
   1.283666331499e-009              8.300181426290e-009
   1.285107034453e-009              8.713344601405e-009
   1.286547737406e-009              8.882875839290e-009
   1.287988440360e-009              8.933026097474e-009
   1.289429143313e-009              8.871681372017e-009
   1.290869846266e-009              8.833969514181e-009
   1.292310549220e-009              8.761853959590e-009
   1.293751252173e-009              8.620560095520e-009
   1.295191955127e-009              8.593989827723e-009
   1.296632658080e-009              8.807928483927e-009
   1.298073361034e-009              8.704055575369e-009
   1.299514063987e-009              8.668010978617e-009
   1.300954766940e-009              8.616299368885e-009
   1.302395469894e-009              8.131655631193e-009
   1.303836172847e-009              8.877080122191e-009
   1.305276875801e-009              8.752855990944e-009
   1.306717578754e-009              8.870490471243e-009
   1.308158281708e-009              8.818990680581e-009
   1.309598984661e-009              8.068008652638e-009
   1.311039687614e-009              8.087168974554e-009
   1.312480390568e-009              8.176274713517e-009
   1.313921093521e-009              8.696830777342e-009
   1.315361796475e-009              8.996911256183e-009
   1.316802499428e-009              9.064051543674e-009
   1.318243202382e-009              9.029303757230e-009
   1.319683905335e-009              9.101260680116e-009
   1.321124608288e-009              9.080512490502e-009
   1.322565311242e-009              9.021602598893e-009
   1.324006014195e-009              9.102504458125e-009
   1.325446717149e-009              8.957849710803e-009
   1.326887420102e-009              9.201216951728e-009
   1.328328123055e-009              9.230169021073e-009
   1.329768826009e-009              9.126560653755e-009
   1.331209528962e-009              9.153210314937e-009
   1.332650231916e-009              9.157709376793e-009
   1.334090934869e-009              8.893117585945e-009
   1.335531637823e-009              8.763521220673e-009
   1.336972340776e-009              8.741396827366e-009
   1.338413043729e-009              8.622121602134e-009
   1.339853746683e-009              8.559003861124e-009
   1.341294449636e-009              8.393495014654e-009
   1.342735152590e-009              8.353560142040e-009
   1.344175855543e-009              8.477149281273e-009
   1.345616558497e-009              8.181355890152e-009
   1.347057261450e-009              8.116279830669e-009
   1.348497964403e-009              8.376425436896e-009
   1.349938667357e-009              8.278718696212e-009
   1.351379370310e-009              7.739452309696e-009
   1.352820073264e-009              7.730401463816e-009
   1.354260776217e-009              7.766790150258e-009
   1.355701479170e-009              7.705657243871e-009
   1.357142182124e-009              7.711770534510e-009
   1.358582885077e-009              8.334452852424e-009
   1.360023588031e-009              8.718134565585e-009
   1.361464290984e-009              8.743328784754e-009
   1.362904993938e-009              8.620269038131e-009
   1.364345696891e-009              8.235952177891e-009
   1.365786399844e-009              8.777150366729e-009
   1.367227102798e-009              8.797739769573e-009
   1.368667805751e-009              8.948084324458e-009
   1.370108508705e-009              8.909552016623e-009
   1.371549211658e-009              8.925483725907e-009
   1.372989914612e-009              8.353930747879e-009
   1.374430617565e-009              8.437108499124e-009
   1.375871320518e-009              9.004427111600e-009
   1.377312023472e-009              9.075590100637e-009
   1.378752726425e-009              9.045685310673e-009
   1.380193429379e-009              8.991988866318e-009
   1.381634132332e-009              8.942817844904e-009
   1.383074835286e-009              8.438299399898e-009
   1.384515538239e-009              8.432292018794e-009
   1.385956241192e-009              8.922519654515e-009
   1.387396944146e-009              8.954885639411e-009
   1.388837647099e-009              8.875624680178e-009
   1.390278350053e-009              8.963751337437e-009
   1.391719053006e-009              8.884066740064e-009
   1.393159755959e-009              8.835477988494e-009
   1.394600458913e-009              8.716864271426e-009
   1.396041161866e-009              8.619977980741e-009
   1.397481864820e-009              8.601611592675e-009
   1.398922567773e-009              8.286525764084e-009
   1.400363270727e-009              8.379098450899e-009
   1.401803973680e-009              7.873388950053e-009
   1.403244676633e-009              7.796351005598e-009
   1.404685379587e-009              7.924386019321e-009
   1.406126082540e-009              7.820592349083e-009
   1.407566785494e-009              8.362161143761e-009
   1.409007488447e-009              8.391933663105e-009
   1.410448191401e-009              8.428613406938e-009
   1.411888894354e-009              8.414454868272e-009
   1.413329597307e-009              8.502290468142e-009
   1.414770300261e-009              8.540902169362e-009
   1.416211003214e-009              8.742667121525e-009
   1.417651706168e-009              8.915930003567e-009
   1.419092409121e-009              9.001727736513e-009
   1.420533112075e-009              9.101234163966e-009
   1.421973815028e-009              9.070958768162e-009
   1.423414517981e-009              9.190260664609e-009
   1.424855220935e-009              9.103933539053e-009
   1.426295923888e-009              9.183512226891e-009
   1.427736626842e-009              9.191028082309e-009
   1.429177329795e-009              9.197882429562e-009
   1.430618032748e-009              9.108591232613e-009
   1.432058735702e-009              9.187561289522e-009
   1.433499438655e-009              9.169538991146e-009
   1.434940141609e-009              9.051692691777e-009
   1.436380844562e-009              8.979127137962e-009
   1.437821547516e-009              9.002045310053e-009
   1.439262250469e-009              8.917491355115e-009
