# Atom Manipulation               
# 
# Sample                          Ag(111)
# Data set                        -
# Creation Comment                
# Gap voltage                     -1.000e-003 V
# Gap voltage range in Volt       -10;10
# Feedback loop enabled           No
# Regulator setpoint              1.000e-009 A
# Pre-amplifier range             0;3.33e-007
# Loop gain                       7.000e+000 %
# Z-axis offset                   -2.000e-010 m
# Parameter mode                  V before Z
# Raster time                     1.000e-003 seconds
# Channel name and data unit      I(r) [A]
# Manipulation vector: start      4.758e+000, 9.477e+000 [nm]
#                      end        -1.716e+000, -6.162e+000 [nm]
# 
# 
#            Position                            I(r)
# -------------------             -------------------
   0.00000000000e+000             -4.24537595559e-009
   1.69260449308e-011             -4.22393974166e-009
   3.38520898616e-011             -4.07224549923e-009
   5.07781347924e-011             -3.99364604816e-009
   6.77041797233e-011             -3.78492083921e-009
   8.46302246541e-011             -3.74114856797e-009
   1.01556269585e-010             -3.75469832064e-009
   1.18482314516e-010             -3.68480578083e-009
   1.35408359447e-010             -3.89710369210e-009
   1.52334404377e-010             -4.30253919273e-009
   1.69260449308e-010             -4.58409465180e-009
   1.86186494239e-010             -4.54148676518e-009
   2.03112539170e-010             -4.55617454139e-009
   2.20038584101e-010             -4.50575974197e-009
   2.36964629031e-010             -4.45425995131e-009
   2.53890673962e-010             -4.39738777156e-009
   2.70816718893e-010             -4.09447564701e-009
   2.87742763824e-010             -2.56287134240e-009
   3.04668808755e-010             -2.89111011180e-009
   3.21594853686e-010             -3.00514537363e-009
   3.38520898616e-010             -3.00940625533e-009
   3.55446943547e-010             -3.02155344322e-009
   3.72372988478e-010             -3.04351889470e-009
   3.89299033409e-010             -2.84590875963e-009
   4.06225078340e-010             -2.93326799919e-009
   4.23151123270e-010             -2.94647366217e-009
   4.40077168201e-010             -3.06209694677e-009
   4.57003213132e-010             -3.11902200375e-009
   4.73929258063e-010             -3.59742002512e-009
   4.90855302994e-010             -3.66434864861e-009
   5.07781347924e-010             -3.65008435547e-009
   5.24707392855e-010             -3.67289677309e-009
   5.41633437786e-010             -3.72619609546e-009
   5.58559482717e-010             -3.85518398487e-009
   5.75485527648e-010             -3.93325404333e-009
   5.92411572579e-010             -4.07600334941e-009
   6.09337617509e-010             -4.28216160896e-009
   6.26263662440e-010             -4.37486656639e-009
   6.43189707371e-010             -4.33551396362e-009
   6.60115752302e-010             -4.25736435671e-009
   6.77041797233e-010             -4.36827691544e-009
   6.93967842163e-010             -4.23865403402e-009
   7.10893887094e-010             -4.42110003256e-009
   7.27819932025e-010             -4.33276155623e-009
   7.44745976956e-010             -4.40276016065e-009
   7.61672021887e-010             -4.53616740840e-009
   7.78598066818e-010             -4.48683775528e-009
   7.95524111748e-010             -4.46653940982e-009
   8.12450156679e-010             -4.49951418071e-009
   8.29376201610e-010             -4.52994836329e-009
   8.46302246541e-010             -4.34631146397e-009
   8.63228291472e-010             -4.34996355968e-009
   8.80154336402e-010             -4.34871962660e-009
   8.97080381333e-010             -4.36830343159e-009
   9.14006426264e-010             -4.45881189040e-009
   9.30932471195e-010             -4.34771402875e-009
   9.47858516126e-010             -4.36377800865e-009
   9.64784561057e-010             -4.52026237033e-009
   9.81710605987e-010             -4.56821597482e-009
   9.98636650918e-010             -4.65491355115e-009
   1.01556269585e-009             -4.95335328506e-009
   1.03248874078e-009             -4.89925987378e-009
   1.04941478571e-009             -4.89441687730e-009
   1.06634083064e-009             -4.76169765386e-009
   1.08326687557e-009             -4.68550636543e-009
   1.10019292050e-009             -4.84993006559e-009
   1.11711896543e-009             -4.83518941215e-009
   1.13404501036e-009             -4.81417668129e-009
   1.15097105530e-009             -4.76090372001e-009
   1.16789710023e-009             -4.77154243359e-009
   1.18482314516e-009             -4.65594566515e-009
   1.20174919009e-009             -4.81460000930e-009
   1.21867523502e-009             -5.03600179876e-009
   1.23560127995e-009             -5.11685062569e-009
   1.25252732488e-009             -5.07781559646e-009
   1.26945336981e-009             -5.11261641520e-009
   1.28637941474e-009             -4.99662267984e-009
   1.30330545967e-009             -5.08580781219e-009
   1.32023150460e-009             -4.99953371893e-009
   1.33715754953e-009             -4.90722572842e-009
   1.35408359447e-009             -4.84072043294e-009
   1.37100963940e-009             -4.69143450821e-009
   1.38793568433e-009             -4.69778597900e-009
   1.40486172926e-009             -4.60645707020e-009
   1.42178777419e-009             -4.58658220782e-009
   1.43871381912e-009             -4.72851121897e-009
   1.45563986405e-009             -4.79917133154e-009
   1.47256590898e-009             -4.82994944874e-009
   1.48949195391e-009             -4.73237497868e-009
   1.50641799884e-009             -4.89206159190e-009
   1.52334404377e-009             -4.97433949976e-009
   1.54027008870e-009             -4.87607700538e-009
   1.55719613364e-009             -4.96036626401e-009
   1.57412217857e-009             -4.88147575556e-009
   1.59104822350e-009             -4.71345283692e-009
   1.60797426843e-009             -4.66520817504e-009
   1.62490031336e-009             -4.68413031680e-009
   1.64182635829e-009             -4.69495417823e-009
   1.65875240322e-009             -4.86218316302e-009
   1.67567844815e-009             -5.31369334305e-009
   1.69260449308e-009             -5.36770736095e-009
   1.70953053801e-009             -5.27881313092e-009
   1.72645658294e-009             -5.16498953310e-009
   1.74338262787e-009             -5.20757090356e-009
   1.76030867280e-009             -5.20717393664e-009
   1.77723471774e-009             -5.31483136659e-009
   1.79416076267e-009             -5.30731535611e-009
   1.81108680760e-009             -5.24909364388e-009
   1.82801285253e-009             -5.25613313898e-009
   1.84493889746e-009             -5.13463474391e-009
   1.86186494239e-009             -4.99622571291e-009
   1.87879098732e-009             -5.05775558622e-009
   1.89571703225e-009             -4.97521282699e-009
   1.91264307718e-009             -5.01723844377e-009
   1.92956912211e-009             -4.98029400363e-009
   1.94649516704e-009             -4.92487742096e-009
   1.96342121197e-009             -4.81515576300e-009
   1.98034725691e-009             -4.74306656949e-009
   1.99727330184e-009             -4.77852905147e-009
   2.01419934677e-009             -4.99932205492e-009
   2.03112539170e-009             -5.08395540325e-009
   2.04805143663e-009             -4.91196281536e-009
   2.06497748156e-009             -4.84273178372e-009
   2.08190352649e-009             -4.65086448852e-009
   2.09882957142e-009             -4.58351238196e-009
   2.11575561635e-009             -4.68264820357e-009
   2.13268166128e-009             -4.70011474825e-009
   2.14960770621e-009             -5.00472080510e-009
   2.16653375114e-009             -5.34523903301e-009
   2.18345979608e-009             -5.23845493030e-009
   2.20038584101e-009             -5.14246832793e-009
   2.21731188594e-009             -5.18063002993e-009
   2.23423793087e-009             -5.15771185784e-009
   2.25116397580e-009             -5.27492285506e-009
   2.26809002073e-009             -5.12706601126e-009
   2.28501606566e-009             -5.07426941029e-009
   2.30194211059e-009             -5.03936268201e-009
   2.31886815552e-009             -5.10578858410e-009
   2.33579420045e-009             -4.96716773403e-009
   2.35272024538e-009             -4.92167532447e-009
   2.36964629031e-009             -4.97717130053e-009
   2.38657233525e-009             -4.85479957822e-009
   2.40349838018e-009             -4.78855897905e-009
   2.42042442511e-009             -4.83405138861e-009
   2.43735047004e-009             -4.94980694382e-009
   2.45427651497e-009             -5.07336956690e-009
   2.47120255990e-009             -5.04071236955e-009
   2.48812860483e-009             -5.18367349470e-009
   2.50505464976e-009             -5.30411325963e-009
   2.52198069469e-009             -5.33931089023e-009
   2.53890673962e-009             -5.26343733040e-009
   2.55583278455e-009             -5.08596659895e-009
   2.57275882948e-009             -4.95025694304e-009
   2.58968487441e-009             -4.84537828157e-009
   2.60661091935e-009             -4.79660422708e-009
   2.62353696428e-009             -4.89701034285e-009
   2.64046300921e-009             -5.13111507389e-009
   2.65738905414e-009             -5.30874443704e-009
   2.67431509907e-009             -5.22718106964e-009
   2.69124114400e-009             -5.11595093737e-009
   2.70816718893e-009             -5.06019026501e-009
   2.72509323386e-009             -5.02697731396e-009
   2.74201927879e-009             -5.02475429918e-009
   2.75894532372e-009             -4.92114593186e-009
   2.77587136865e-009             -4.91857898246e-009
   2.79279741358e-009             -5.03422862814e-009
   2.80972345852e-009             -4.98164369117e-009
   2.82664950345e-009             -4.95427948953e-009
   2.84357554838e-009             -4.86239482702e-009
   2.86050159331e-009             -4.84323466017e-009
   2.87742763824e-009             -4.77085425421e-009
   2.89435368317e-009             -4.78466870319e-009
   2.91127972810e-009             -4.84731008389e-009
   2.92820577303e-009             -5.16398393524e-009
   2.94513181796e-009             -4.99672843431e-009
   2.96205786289e-009             -4.99768115493e-009
   2.97898390782e-009             -5.16120516677e-009
   2.99590995275e-009             -5.30480128394e-009
   3.01283599769e-009             -5.31713377475e-009
   3.02976204262e-009             -5.25676828606e-009
   3.04668808755e-009             -5.13233233575e-009
   3.06361413248e-009             -5.04521143141e-009
   3.08054017741e-009             -5.04931337127e-009
   3.09746622234e-009             -5.01310998775e-009
   3.11439226727e-009             -5.48139868815e-009
   3.13131831220e-009             -5.58823566810e-009
   3.14824435713e-009             -5.46975422165e-009
   3.16517040206e-009             -5.36418753586e-009
   3.18209644699e-009             -5.37416458621e-009
   3.19902249192e-009             -5.22315836809e-009
   3.21594853686e-009             -5.03330242367e-009
   3.23287458179e-009             -5.14008652638e-009
   3.24980062672e-009             -4.97825629177e-009
   3.26672667165e-009             -4.99188543783e-009
   3.28365271658e-009             -4.89735443254e-009
   3.30057876151e-009             -4.77691466762e-009
   3.31750480644e-009             -4.75037076090e-009
   3.33443085137e-009             -4.65160539007e-009
   3.35135689630e-009             -4.50917365752e-009
   3.36828294123e-009             -4.56951263006e-009
   3.38520898616e-009             -4.53344167222e-009
   3.40213503109e-009             -4.50470126688e-009
   3.41906107602e-009             -4.60865356883e-009
   3.43598712096e-009             -4.68272759695e-009
   3.45291316589e-009             -4.83143140691e-009
   3.46983921082e-009             -5.00675851696e-009
   3.48676525575e-009             -5.09843136039e-009
   3.50369130068e-009             -5.13050628789e-009
   3.52061734561e-009             -5.16221076463e-009
   3.53754339054e-009             -5.15120160027e-009
   3.55446943547e-009             -4.93109662113e-009
   3.57139548040e-009             -4.98328459117e-009
   3.58832152533e-009             -5.15752655492e-009
   3.60524757026e-009             -5.48563289863e-009
   3.62217361519e-009             -5.41695762068e-009
   3.63909966013e-009             -5.32083874769e-009
   3.65602570506e-009             -5.27791344260e-009
   3.67295174999e-009             -5.24496518786e-009
   3.68987779492e-009             -5.17697793422e-009
   3.70680383985e-009             -5.17721611438e-009
   3.72372988478e-009             -5.20005489308e-009
   3.74065592971e-009             -5.16075516755e-009
   3.75758197464e-009             -5.01117803036e-009
   3.77450801957e-009             -4.88888585650e-009
   3.79143406450e-009             -4.84209663664e-009
   3.80836010943e-009             -4.90489680411e-009
   3.82528615436e-009             -4.87261021259e-009
   3.84221219930e-009             -4.82859976120e-009
   3.85913824423e-009             -4.76730806804e-009
   3.87606428916e-009             -4.62741692382e-009
   3.89299033409e-009             -4.53833754594e-009
   3.90991637902e-009             -4.79432833506e-009
   3.92684242395e-009             -4.90831071966e-009
   3.94376846888e-009             -4.85969545194e-009
   3.96069451381e-009             -4.95795810138e-009
   3.97762055874e-009             -4.98132611763e-009
   3.99454660367e-009             -4.98053218378e-009
   4.01147264860e-009             -4.98786289135e-009
   4.02839869353e-009             -4.92122532525e-009
   4.04532473846e-009             -4.90140349517e-009
   4.06225078340e-009             -5.14003349408e-009
   4.07917682833e-009             -5.41364961466e-009
   4.09610287326e-009             -5.33147746127e-009
   4.11302891819e-009             -5.24300671432e-009
   4.12995496312e-009             -5.26468110841e-009
   4.14688100805e-009             -5.26298748624e-009
   4.16380705298e-009             -5.28521763402e-009
   4.18073309791e-009             -5.29164849819e-009
   4.19765914284e-009             -5.25544511467e-009
   4.21458518777e-009             -5.28368264355e-009
   4.23151123270e-009             -5.25859433392e-009
   4.24843727763e-009             -5.16356045217e-009
   4.26536332257e-009             -5.22363472840e-009
   4.28228936750e-009             -5.09260928220e-009
   4.29921541243e-009             -5.03544604506e-009
   4.31614145736e-009             -4.84865977143e-009
   4.33306750229e-009             -4.88025833863e-009
   4.34999354722e-009             -4.83582455923e-009
   4.36691959215e-009             -4.82211601979e-009
   4.38384563708e-009             -4.69857991285e-009
   4.40077168201e-009             -4.94634015103e-009
   4.41769772694e-009             -5.08818961373e-009
   4.43462377187e-009             -4.96700894726e-009
   4.45154981680e-009             -4.97193133713e-009
   4.46847586174e-009             -5.01514769961e-009
   4.48540190667e-009             -5.02337825055e-009
   4.50232795160e-009             -5.04579354619e-009
   4.51925399653e-009             -4.98746592442e-009
   4.53618004146e-009             -4.93350493883e-009
   4.55310608639e-009             -4.76378824296e-009
   4.57003213132e-009             -4.72448851742e-009
   4.58695817625e-009             -4.61283505714e-009
   4.60388422118e-009             -4.44198049280e-009
   4.62081026611e-009             -4.48416474127e-009
   4.63773631104e-009             -4.57448805223e-009
   4.65466235597e-009             -4.56369055188e-009
   4.67158840091e-009             -4.51888616663e-009
   4.68851444584e-009             -4.56758082774e-009
   4.70544049077e-009             -5.10224224286e-009
   4.72236653570e-009             -5.10801159888e-009
   4.73929258063e-009             -5.04063297617e-009
   4.75621862556e-009             -5.05995208485e-009
   4.77314467049e-009             -4.92299849587e-009
   4.79007071542e-009             -4.71988370110e-009
   4.80699676035e-009             -4.89428460668e-009
   4.82392280528e-009             -5.00919319574e-009
   4.84084885021e-009             -5.05365349129e-009
   4.85777489514e-009             -5.09663182868e-009
   4.87470094007e-009             -5.08504039449e-009
   4.89162698501e-009             -5.27722526322e-009
   4.90855302994e-009             -5.28638201864e-009
   4.92547907487e-009             -5.26857138427e-009
   4.94240511980e-009             -5.24147187893e-009
   4.95933116473e-009             -5.12550450464e-009
   4.97625720966e-009             -5.01403619222e-009
   4.99318325459e-009             -4.89269673898e-009
   5.01010929952e-009             -4.97857386531e-009
   5.02703534445e-009             -4.87732078339e-009
   5.04396138938e-009             -4.84453131542e-009
   5.06088743431e-009             -4.69786537239e-009
   5.07781347924e-009             -4.64260757649e-009
   5.09473952418e-009             -4.51830389679e-009
   5.11166556911e-009             -4.32344616911e-009
   5.12859161404e-009             -4.22100218642e-009
   5.14551765897e-009             -4.34025105057e-009
   5.16244370390e-009             -4.31587728140e-009
   5.17936974883e-009             -4.25424149855e-009
   5.19629579376e-009             -4.57591713315e-009
   5.21322183869e-009             -4.84516646250e-009
   5.23014788362e-009             -4.81584394238e-009
   5.24707392855e-009             -4.81372668207e-009
   5.26399997348e-009             -4.86464435795e-009
   5.28092601841e-009             -4.98111445363e-009
   5.29785206335e-009             -5.02271658732e-009
   5.31477810828e-009             -5.25232225651e-009
   5.33170415321e-009             -5.37914000837e-009
   5.34863019814e-009             -5.56190358046e-009
   5.36555624307e-009             -5.56253872753e-009
   5.38248228800e-009             -5.57923769945e-009
   5.39940833293e-009             -5.88450526446e-009
   5.41633437786e-009             -6.04202174014e-009
   5.43326042279e-009             -6.37727364357e-009
   5.45018646772e-009             -6.52256353797e-009
   5.46711251265e-009             -6.86575462482e-009
   5.48403855758e-009             -7.18999720883e-009
   5.50096460252e-009             -7.45903487416e-009
   5.51789064745e-009             -7.64508009118e-009
   5.53481669238e-009             -7.94611329064e-009
   5.55174273731e-009             -7.96310347501e-009
   5.56866878224e-009             -8.05890492952e-009
   5.58559482717e-009             -8.04299973639e-009
   5.60252087210e-009             -8.31039665679e-009
   5.61944691703e-009             -8.25476841012e-009
   5.63637296196e-009             -8.44073407868e-009
   5.65329900689e-009             -8.56175611345e-009
   5.67022505182e-009             -8.41874211106e-009
   5.68715109675e-009             -7.16025120563e-009
   5.70407714168e-009             -7.22188683341e-009
   5.72100318662e-009             -9.70682038797e-009
   5.73792923155e-009             -1.33358126192e-008
   5.75485527648e-009             -1.32427372110e-008
   5.77178132141e-009             -1.33693696599e-008
   5.78870736634e-009             -1.30388549985e-008
   5.80563341127e-009             -1.29869846020e-008
   5.82255945620e-009             -1.26540087457e-008
   5.83948550113e-009             -1.26952933058e-008
   5.85641154606e-009             -1.91913923305e-008
   5.87333759099e-009             -2.13336111585e-008
   5.89026363592e-009             -2.20361367055e-008
   5.90718968085e-009             -2.16711918312e-008
   5.92411572579e-009             -2.17419313371e-008
   5.94104177072e-009             -2.11722838003e-008
   5.95796781565e-009             -2.13796858379e-008
   5.97489386058e-009             -2.18248974244e-008
   5.99181990551e-009             -2.14525159329e-008
   6.00874595044e-009             -2.03180109786e-008
   6.02567199537e-009             -2.06400305478e-008
   6.04259804030e-009             -2.03857335360e-008
   6.05952408523e-009             -2.03636356588e-008
   6.07645013016e-009             -2.04427908636e-008
   6.09337617509e-009             -2.11595279815e-008
   6.11030222002e-009             -2.07943184109e-008
   6.12722826496e-009             -2.09575512103e-008
   6.14415430989e-009             -2.09672900805e-008
   6.16108035482e-009             -2.10547550745e-008
   6.17800639975e-009             -2.15370964040e-008
   6.19493244468e-009             -2.19646032657e-008
   6.21185848961e-009             -2.20259214750e-008
   6.22878453454e-009             -2.14030274931e-008
   6.24571057947e-009             -2.05629395711e-008
   6.26263662440e-009             -2.05715140567e-008
   6.27956266933e-009             -2.05900921087e-008
   6.29648871426e-009             -2.09566513669e-008
   6.31341475919e-009             -2.14107550125e-008
   6.33034080413e-009             -2.13320761680e-008
   6.34726684906e-009             -2.09873237296e-008
   6.36419289399e-009             -2.09406404193e-008
   6.38111893892e-009             -2.12138594179e-008
   6.39804498385e-009             -2.17954953558e-008
   6.41497102878e-009             -2.24675868753e-008
   6.43189707371e-009             -2.28874984881e-008
   6.44882311864e-009             -2.30836530261e-008
   6.46574916357e-009             -2.33605771527e-008
   6.48267520850e-009             -2.37019158306e-008
   6.49960125343e-009             -2.39576154073e-008
   6.51652729836e-009             -2.40876882879e-008
   6.53345334329e-009             -2.37390190575e-008
   6.55037938823e-009             -2.26448988200e-008
   6.56730543316e-009             -2.24025636930e-008
   6.58423147809e-009             -2.26039847106e-008
   6.60115752302e-009             -2.27103453302e-008
   6.61808356795e-009             -2.23635815410e-008
   6.63500961288e-009             -2.22732318690e-008
   6.65193565781e-009             -2.26465660810e-008
   6.66886170274e-009             -2.24156636015e-008
   6.68578774767e-009             -2.22716174852e-008
   6.70271379260e-009             -2.27454108453e-008
   6.71963983753e-009             -2.33073307076e-008
   6.73656588246e-009             -2.32415401076e-008
   6.75349192740e-009             -2.21133864690e-008
   6.77041797233e-009             -2.24573451286e-008
   6.78734401726e-009             -2.24023255129e-008
   6.80427006219e-009             -2.20679470918e-008
   6.82119610712e-009             -2.23947831413e-008
   6.83812215205e-009             -2.24909550466e-008
   6.85504819698e-009             -2.31536516305e-008
   6.87197424191e-009             -2.28619073020e-008
   6.88890028684e-009             -2.30881520880e-008
   6.90582633177e-009             -2.32672899254e-008
   6.92275237670e-009             -2.37599789111e-008
   6.93967842163e-009             -2.36126511498e-008
   6.95660446657e-009             -2.40635526989e-008
   6.97353051150e-009             -2.41213510831e-008
   6.99045655643e-009             -2.43058084324e-008
   7.00738260136e-009             -2.39233704973e-008
   7.02430864629e-009             -2.35522327839e-008
   7.04123469122e-009             -2.26152850874e-008
   7.05816073615e-009             -2.24963272806e-008
   7.07508678108e-009             -2.27463105336e-008
   7.09201282601e-009             -2.24632202391e-008
   7.10893887094e-009             -2.21743077114e-008
   7.12586491587e-009             -2.21431326273e-008
   7.14279096080e-009             -2.21363841896e-008
   7.15971700574e-009             -2.18519705686e-008
   7.17664305067e-009             -2.26947048334e-008
   7.19356909560e-009             -2.30930744778e-008
   7.21049514053e-009             -2.31820214300e-008
   7.22742118546e-009             -2.31403135418e-008
   7.24434723039e-009             -2.18453280404e-008
   7.26127327532e-009             -2.22839234598e-008
   7.27819932025e-009             -2.22696326505e-008
   7.29512536518e-009             -2.22619051311e-008
   7.31205141011e-009             -2.26495036363e-008
   7.32897745504e-009             -2.31595796182e-008
   7.34590349997e-009             -2.28146153608e-008
   7.36282954490e-009             -2.30217792182e-008
   7.37975558984e-009             -2.28097988804e-008
   7.39668163477e-009             -2.33107181070e-008
   7.41360767970e-009             -2.32044103646e-008
   7.43053372463e-009             -2.39833653801e-008
   7.44745976956e-009             -2.41016615237e-008
   7.46438581449e-009             -2.38295803936e-008
   7.48131185942e-009             -2.39249053327e-008
   7.49823790435e-009             -2.38820859371e-008
   7.51516394928e-009             -2.39918075951e-008
   7.53208999421e-009             -2.31198564096e-008
   7.54901603914e-009             -2.30081764332e-008
   7.56594208407e-009             -2.22783659229e-008
   7.58286812901e-009             -2.20671795190e-008
   7.59979417394e-009             -2.22215732916e-008
   7.61672021887e-009             -2.23443948580e-008
   7.63364626380e-009             -2.24974122719e-008
   7.65057230873e-009             -2.29484726077e-008
   7.66749835366e-009             -2.27989483478e-008
   7.68442439859e-009             -2.26759151173e-008
   7.70135044352e-009             -2.24243174805e-008
   7.71827648845e-009             -2.25301753787e-008
   7.73520253338e-009             -2.15749935648e-008
   7.75212857831e-009             -2.20177704725e-008
   7.76905462324e-009             -2.21950293849e-008
   7.78598066818e-009             -2.21385012948e-008
   7.80290671311e-009             -2.21102107336e-008
   7.81983275804e-009             -2.24563130146e-008
   7.83675880297e-009             -2.28541003892e-008
   7.85368484790e-009             -2.31994350975e-008
   7.87061089283e-009             -2.37158096730e-008
   7.88753693776e-009             -2.37363990758e-008
   7.90446298269e-009             -2.40111001876e-008
   7.92138902762e-009             -2.40408727070e-008
   7.93831507255e-009             -2.38183859263e-008
   7.95524111748e-009             -2.40603240863e-008
   7.97216716241e-009             -2.39221002031e-008
   7.98909320735e-009             -2.41390558080e-008
   8.00601925228e-009             -2.43228514941e-008
   8.02294529721e-009             -2.25170224379e-008
   8.03987134214e-009             -2.15135959621e-008
   8.05679738707e-009             -2.20648242336e-008
   8.07372343200e-009             -2.22692356836e-008
   8.09064947693e-009             -2.20037178434e-008
   8.10757552186e-009             -2.27211958629e-008
   8.12450156679e-009             -2.24791254322e-008
   8.14142761172e-009             -2.29337848315e-008
   8.15835365665e-009             -2.26973513312e-008
   8.17527970158e-009             -2.29795682985e-008
   8.19220574651e-009             -2.28716992045e-008
   8.20913179145e-009             -2.34938786460e-008
   8.22605783638e-009             -2.18721364884e-008
   8.24298388131e-009             -2.21640659647e-008
   8.25990992624e-009             -2.21904245685e-008
   8.27683597117e-009             -2.24309865248e-008
   8.29376201610e-009             -2.24947394129e-008
   8.31068806103e-009             -2.30033334367e-008
   8.32761410596e-009             -2.34307080277e-008
   8.34454015089e-009             -2.36107457086e-008
   8.36146619582e-009             -2.33952720619e-008
   8.37839224075e-009             -2.34304963637e-008
   8.39531828568e-009             -2.34892474686e-008
   8.41224433062e-009             -2.41242092450e-008
   8.42917037555e-009             -2.42072018484e-008
   8.44609642048e-009             -2.37746136550e-008
   8.46302246541e-009             -2.36364691653e-008
   8.47994851034e-009             -2.39356499558e-008
   8.49687455527e-009             -2.37865756951e-008
   8.51380060020e-009             -2.23432833506e-008
   8.53072664513e-009             -2.20949143265e-008
   8.54765269006e-009             -2.24546457535e-008
   8.56457873499e-009             -2.27224925181e-008
   8.58150477992e-009             -2.25857242320e-008
   8.59843082485e-009             -2.28972109972e-008
   8.61535686979e-009             -2.32603298237e-008
   8.63228291472e-009             -2.25319749104e-008
   8.64920895965e-009             -2.34491272930e-008
   8.66613500458e-009             -2.38475232985e-008
   8.68306104951e-009             -2.40202833041e-008
   8.69998709444e-009             -2.38006812014e-008
   8.71691313937e-009             -2.34173964552e-008
   8.73383918430e-009             -2.23924013398e-008
   8.75076522923e-009             -2.24951098637e-008
   8.76769127416e-009             -2.26081925600e-008
   8.78461731909e-009             -2.27159293833e-008
   8.80154336402e-009             -2.28071258664e-008
   8.81846940896e-009             -2.27513917102e-008
   8.83539545389e-009             -2.28295413171e-008
   8.85232149882e-009             -2.32167693715e-008
   8.86924754375e-009             -2.36371043124e-008
   8.88617358868e-009             -2.39295366652e-008
   8.90309963361e-009             -2.40489443161e-008
   8.92002567854e-009             -2.42621420707e-008
   8.93695172347e-009             -2.39232645878e-008
   8.95387776840e-009             -2.39321037696e-008
   8.97080381333e-009             -2.38426803021e-008
   8.98772985826e-009             -2.34001150584e-008
   9.00465590319e-009             -2.27325754780e-008
   9.02158194812e-009             -2.17912081130e-008
   9.03850799306e-009             -2.18598570299e-008
   9.05543403799e-009             -2.19991130270e-008
   9.07236008292e-009             -2.24952686505e-008
   9.08928612785e-009             -2.26262413745e-008
   9.10621217278e-009             -2.29911333716e-008
   9.12313821771e-009             -2.32592711935e-008
   9.14006426264e-009             -2.28090843400e-008
   9.15699030757e-009             -2.34208103708e-008
   9.17391635250e-009             -2.32452185644e-008
   9.19084239743e-009             -2.34258385151e-008
   9.20776844236e-009             -2.42279235218e-008
   9.22469448729e-009             -2.27661853960e-008
   9.24162053223e-009             -2.25335892943e-008
   9.25854657716e-009             -2.25634146909e-008
   9.27547262209e-009             -2.28667768147e-008
   9.29239866702e-009             -2.30371550187e-008
   9.30932471195e-009             -2.30518956721e-008
   9.32625075688e-009             -2.34793232954e-008
   9.34317680181e-009             -2.36223901751e-008
   9.36010284674e-009             -2.41365680969e-008
   9.37702889167e-009             -2.40206273938e-008
   9.39395493660e-009             -2.40053838639e-008
   9.41088098153e-009             -2.38760784010e-008
   9.42780702646e-009             -2.39987676968e-008
   9.44473307140e-009             -2.38597763960e-008
   9.46165911633e-009             -2.42446224938e-008
   9.47858516126e-009             -2.39263344136e-008
   9.49551120619e-009             -2.21240782149e-008
   9.51243725112e-009             -2.17148316767e-008
   9.52936329605e-009             -2.18723746685e-008
   9.54628934098e-009             -2.25167313805e-008
   9.56321538591e-009             -2.26364831212e-008
   9.58014143084e-009             -2.29951294019e-008
   9.59706747577e-009             -2.33184192653e-008
   9.61399352070e-009             -2.29249192886e-008
   9.63091956563e-009             -2.32907640063e-008
   9.64784561057e-009             -2.31548688924e-008
   9.66477165550e-009             -2.36362046240e-008
   9.68169770043e-009             -2.40577041046e-008
   9.69862374536e-009             -2.37243576424e-008
   9.71554979029e-009             -2.23484439207e-008
   9.73247583522e-009             -2.24211417451e-008
   9.74940188015e-009             -2.26411673309e-008
   9.76632792508e-009             -2.27018767542e-008
   9.78325397001e-009             -2.30981291383e-008
   9.80018001494e-009             -2.29848347780e-008
   9.81710605987e-009             -2.36632512522e-008
   9.83403210480e-009             -2.33389292748e-008
   9.85095814973e-009             -2.36345637240e-008
   9.86788419467e-009             -2.38589030687e-008
   9.88481023960e-009             -2.41726920870e-008
   9.90173628453e-009             -2.43660943727e-008
   9.91866232946e-009             -2.44459906341e-008
   9.93558837439e-009             -2.41968541922e-008
   9.95251441932e-009             -2.39267313805e-008
   9.96944046425e-009             -2.38901840624e-008
   9.98636650918e-009             -2.17672313108e-008
   1.00032925541e-008             -2.20660945277e-008
   1.00202185990e-008             -2.24479767092e-008
   1.00371446440e-008             -2.25887146645e-008
   1.00540706889e-008             -2.24550955977e-008
   1.00709967338e-008             -2.30048947883e-008
   1.00879227788e-008             -2.28118894695e-008
   1.01048488237e-008             -2.27554407728e-008
   1.01217748686e-008             -2.30923069051e-008
   1.01387009136e-008             -2.31719384701e-008
   1.01556269585e-008             -2.30706325110e-008
   1.01725530034e-008             -2.36055587775e-008
   1.01894790484e-008             -2.30627196886e-008
   1.02064050933e-008             -2.20637656034e-008
   1.02233311382e-008             -2.26670495743e-008
   1.02402571831e-008             -2.25998033773e-008
   1.02571832281e-008             -2.27490099087e-008
   1.02741092730e-008             -2.31516402797e-008
   1.02910353179e-008             -2.32995501558e-008
   1.03079613629e-008             -2.36507336135e-008
   1.03248874078e-008             -2.35802057715e-008
   1.03418134527e-008             -2.40620177084e-008
   1.03587394977e-008             -2.46249433237e-008
   1.03756655426e-008             -2.45378222643e-008
   1.03925915875e-008             -2.42592839089e-008
   1.04095176325e-008             -2.43330932407e-008
   1.04264436774e-008             -2.37015717409e-008
   1.04433697223e-008             -2.36988988820e-008
   1.04602957672e-008             -2.32161342244e-008
   1.04772218122e-008             -2.19257799004e-008
   1.04941478571e-008             -2.23416954830e-008
   1.05110739020e-008             -2.23210795640e-008
   1.05279999470e-008             -2.22273159764e-008
   1.05449259919e-008             -2.22909100777e-008
   1.05618520368e-008             -2.26805993270e-008
   1.05787780818e-008             -2.29972201461e-008
   1.05957041267e-008             -2.32119527361e-008
   1.06126301716e-008             -2.28952261626e-008
   1.06295562166e-008             -2.35532385368e-008
   1.06464822615e-008             -2.32483679387e-008
   1.06634083064e-008             -2.33926257191e-008
   1.06803343513e-008             -2.32016315961e-008
   1.06972603963e-008             -2.23422775977e-008
   1.07141864412e-008             -2.25121530804e-008
   1.07311124861e-008             -2.28879219712e-008
   1.07480385311e-008             -2.30043655507e-008
   1.07649645760e-008             -2.26583163020e-008
   1.07818906209e-008             -2.28339344694e-008
   1.07988166659e-008             -2.31673336538e-008
   1.08157427108e-008             -2.36264127215e-008
   1.08326687557e-008             -2.40991209354e-008
   1.08495948007e-008             -2.39319449829e-008
   1.08665208456e-008             -2.39616644699e-008
   1.08834468905e-008             -2.41138881049e-008
   1.09003729354e-008             -2.40455038844e-008
   1.09172989804e-008             -2.34207573385e-008
   1.09342250253e-008             -2.36814852145e-008
   1.09511510702e-008             -2.32593505869e-008
   1.09680771152e-008             -2.18169846020e-008
   1.09850031601e-008             -2.23333591775e-008
   1.10019292050e-008             -2.21435030780e-008
   1.10188552500e-008             -2.27154530230e-008
   1.10357812949e-008             -2.29665742995e-008
   1.10527073398e-008             -2.32105501713e-008
   1.10696333848e-008             -2.31362644792e-008
   1.10865594297e-008             -2.31637345904e-008
   1.11034854746e-008             -2.31487292406e-008
   1.11204115195e-008             -2.36055851386e-008
   1.11373375645e-008             -2.32434984261e-008
   1.11542636094e-008             -2.39878642869e-008
   1.11711896543e-008             -2.33901380080e-008
   1.11881156993e-008             -2.22636781467e-008
   1.12050417442e-008             -2.25129470142e-008
   1.12219677891e-008             -2.23437860720e-008
   1.12388938341e-008             -2.31927925693e-008
   1.12558198790e-008             -2.31169188544e-008
   1.12727459239e-008             -2.33338480981e-008
   1.12896719689e-008             -2.37480433872e-008
   1.13065980138e-008             -2.39142402580e-008
   1.13235240587e-008             -2.37189854084e-008
   1.13404501036e-008             -2.38625551644e-008
   1.13573761486e-008             -2.45585969700e-008
   1.13743021935e-008             -2.44403271876e-008
   1.13912282384e-008             -2.36628014080e-008
   1.14081542834e-008             -2.32124556126e-008
   1.14250803283e-008             -2.33874121168e-008
   1.14420063732e-008             -2.23678953000e-008
   1.14589324182e-008             -2.19432729613e-008
   1.14758584631e-008             -2.25490973654e-008
   1.14927845080e-008             -2.23467236273e-008
   1.15097105530e-008             -2.28957025229e-008
   1.15266365979e-008             -2.24600445037e-008
   1.15435626428e-008             -2.26441048861e-008
   1.15604886877e-008             -2.30332647428e-008
   1.15774147327e-008             -2.35062905302e-008
   1.15943407776e-008             -2.40152550047e-008
   1.16112668225e-008             -2.34882682318e-008
   1.16281928675e-008             -2.37999931771e-008
   1.16451189124e-008             -2.39139755617e-008
   1.16620449573e-008             -2.37046152057e-008
   1.16789710023e-008             -2.28209139543e-008
   1.16958970472e-008             -2.28564556746e-008
   1.17128230921e-008             -2.30922011506e-008
   1.17297491371e-008             -2.33929961699e-008
   1.17466751820e-008             -2.32193893532e-008
   1.17636012269e-008             -2.30979174743e-008
   1.17805272718e-008             -2.34026027695e-008
   1.17974533168e-008             -2.36897686427e-008
   1.18143793617e-008             -2.37416390392e-008
   1.18313054066e-008             -2.41355096218e-008
   1.18482314516e-008             -2.29305297027e-008
   1.18651574965e-008             -2.29208702259e-008
   1.18820835414e-008             -2.26979599622e-008
   1.18990095864e-008             -2.16608972073e-008
   1.19159356313e-008             -2.20960523500e-008
   1.19328616762e-008             -2.21852639985e-008
   1.19497877212e-008             -2.24034635364e-008
   1.19667137661e-008             -2.24312247050e-008
   1.19836398110e-008             -2.22655307107e-008
   1.20005658559e-008             -2.22862523841e-008
   1.20174919009e-008             -2.24180188869e-008
   1.20344179458e-008             -2.28317114547e-008
   1.20513439907e-008             -2.32637172231e-008
   1.20682700357e-008             -2.36948233032e-008
   1.20851960806e-008             -2.31089795159e-008
   1.21021221255e-008             -2.32867413047e-008
   1.21190481705e-008             -2.34418759788e-008
   1.21359742154e-008             -2.40008584410e-008
   1.21529002603e-008             -2.40646376901e-008
   1.21698263053e-008             -2.26272998496e-008
   1.21867523502e-008             -2.26984893548e-008
   1.22036783951e-008             -2.27843664811e-008
   1.22206044400e-008             -2.25725184140e-008
   1.22375304850e-008             -2.29300004652e-008
   1.22544565299e-008             -2.39633582471e-008
   1.22713825748e-008             -2.39718798555e-008
   1.22883086198e-008             -2.27760830529e-008
   1.23052346647e-008             -2.30073031060e-008
   1.23221607096e-008             -2.28836082123e-008
   1.23390867546e-008             -2.31574094807e-008
   1.23560127995e-008             -2.34462956473e-008
   1.23729388444e-008             -2.32357707516e-008
   1.23898648894e-008             -2.25061985765e-008
   1.24067909343e-008             -2.23356879468e-008
   1.24237169792e-008             -2.22871522275e-008
   1.24406430241e-008             -2.23559068989e-008
   1.24575690691e-008             -2.23430715316e-008
   1.24744951140e-008             -2.22594702973e-008
   1.24914211589e-008             -2.26139882771e-008
   1.25083472039e-008             -2.24109528757e-008
   1.25252732488e-008             -2.24038074710e-008
   1.25421992937e-008             -2.26894648700e-008
   1.25591253387e-008             -2.25817810789e-008
   1.25760513836e-008             -2.27943965638e-008
   1.25929774285e-008             -2.38434213587e-008
   1.26099034735e-008             -2.40360560716e-008
   1.26268295184e-008             -2.41020850067e-008
   1.26437555633e-008             -2.41219068368e-008
   1.26606816083e-008             -2.24672958179e-008
   1.26776076532e-008             -2.24783314984e-008
   1.26945336981e-008             -2.28962317605e-008
   1.27114597430e-008             -2.30081499170e-008
   1.27283857880e-008             -2.35237835910e-008
   1.27453118329e-008             -2.37674682504e-008
   1.27622378778e-008             -2.36906419699e-008
   1.27791639228e-008             -2.27661853960e-008
   1.27960899677e-008             -2.28074964723e-008
   1.28130160126e-008             -2.27325491169e-008
   1.28299420576e-008             -2.31289602878e-008
   1.28468681025e-008             -2.32494264138e-008
   1.28637941474e-008             -2.26153644808e-008
   1.28807201924e-008             -2.19409176759e-008
   1.28976462373e-008             -2.16675926127e-008
   1.29145722822e-008             -2.22027570593e-008
   1.29314983271e-008             -2.25877355828e-008
   1.29484243721e-008             -2.28363956644e-008
   1.29653504170e-008             -2.27202166261e-008
   1.29822764619e-008             -2.26868185272e-008
   1.29992025069e-008             -2.25694485881e-008
   1.30161285518e-008             -2.31956507311e-008
   1.30330545967e-008             -2.29031655011e-008
   1.30499806417e-008             -2.29264012467e-008
   1.30669066866e-008             -2.37122634868e-008
   1.30838327315e-008             -2.43089841678e-008
   1.31007587765e-008             -2.37336997007e-008
   1.31176848214e-008             -2.37419035805e-008
   1.31346108663e-008             -2.34989069454e-008
   1.31515369112e-008             -2.26561196483e-008
   1.31684629562e-008             -2.27192904216e-008
   1.31853890011e-008             -2.28843756300e-008
   1.32023150460e-008             -2.30427654329e-008
   1.32192410910e-008             -2.28487545163e-008
   1.32361671359e-008             -2.27106894199e-008
   1.32530931808e-008             -2.23923219464e-008
   1.32700192258e-008             -2.24915371614e-008
   1.32869452707e-008             -2.28504217774e-008
   1.33038713156e-008             -2.30061387213e-008
   1.33207973606e-008             -2.30306182450e-008
   1.33377234055e-008             -2.31604000682e-008
   1.33546494504e-008             -2.18613124719e-008
   1.33715754953e-008             -2.22977379088e-008
   1.33885015403e-008             -2.24305895579e-008
   1.34054275852e-008             -2.28625160880e-008
   1.34223536301e-008             -2.28453406007e-008
   1.34392796751e-008             -2.24696511033e-008
   1.34562057200e-008             -2.30495932640e-008
   1.34731317649e-008             -2.30193709005e-008
   1.34900578099e-008             -2.31293572547e-008
   1.35069838548e-008             -2.32464359813e-008
   1.35239098997e-008             -2.32323304750e-008
   1.35408359447e-008             -2.34271882026e-008
   1.35577619896e-008             -2.37621225325e-008
   1.35746880345e-008             -2.39890817039e-008
   1.35916140794e-008             -2.38150514041e-008
   1.36085401244e-008             -2.39555776954e-008
   1.36254661693e-008             -2.41327308533e-008
   1.36423922142e-008             -2.26167405294e-008
   1.36593182592e-008             -2.28276093597e-008
   1.36762443041e-008             -2.25998297384e-008
   1.36931703490e-008             -2.26689550156e-008
   1.37100963940e-008             -2.26731098327e-008
   1.37270224389e-008             -2.25231357286e-008
   1.37439484838e-008             -2.24576627022e-008
   1.37608745288e-008             -2.26359008513e-008
   1.37778005737e-008             -2.28353635504e-008
   1.37947266186e-008             -2.29972466622e-008
   1.38116526635e-008             -2.28863869807e-008
   1.38285787085e-008             -2.29118457411e-008
   1.38455047534e-008             -2.17766527625e-008
   1.38624307983e-008             -2.17667549505e-008
   1.38793568433e-008             -2.17998885081e-008
   1.38962828882e-008             -2.21283918188e-008
   1.39132089331e-008             -2.21730109011e-008
   1.39301349781e-008             -2.23428863837e-008
   1.39470610230e-008             -2.27178877018e-008
   1.39639870679e-008             -2.28047440649e-008
   1.39809131129e-008             -2.29188059979e-008
   1.39978391578e-008             -2.33531672068e-008
   1.40147652027e-008             -2.34248857945e-008
   1.40316912476e-008             -2.40035047838e-008
   1.40486172926e-008             -2.39746586240e-008
   1.40655433375e-008             -2.45438032843e-008
   1.40824693824e-008             -2.44566293476e-008
   1.40993954274e-008             -2.41739888973e-008
   1.41163214723e-008             -2.37527010808e-008
   1.41332475172e-008             -2.23701711920e-008
   1.41501735622e-008             -2.27333959280e-008
   1.41670996071e-008             -2.27680643210e-008
   1.41840256520e-008             -2.23648518352e-008
   1.42009516970e-008             -2.20497129743e-008
   1.42178777419e-008             -2.24261435284e-008
   1.42348037868e-008             -2.22467673557e-008
   1.42517298317e-008             -2.26025291135e-008
   1.42686558767e-008             -2.27791000016e-008
   1.42855819216e-008             -2.31664868427e-008
   1.43025079665e-008             -2.33042872428e-008
   1.43194340115e-008             -2.26415377816e-008
   1.43363600564e-008             -2.19007975003e-008
   1.43532861013e-008             -2.20813380577e-008
   1.43702121463e-008             -2.18594600630e-008
   1.43871381912e-008             -2.23099116128e-008
   1.44040642361e-008             -2.26843308161e-008
   1.44209902811e-008             -2.30733318861e-008
   1.44379163260e-008             -2.30641222534e-008
   1.44548423709e-008             -2.27919617299e-008
   1.44717684158e-008             -2.32929870210e-008
   1.44886944608e-008             -2.34798260168e-008
   1.45056205057e-008             -2.37978230396e-008
   1.45225465506e-008             -2.43704875250e-008
   1.45394725956e-008             -2.42496242770e-008
   1.45563986405e-008             -2.42032850564e-008
   1.45733246854e-008             -2.37721524601e-008
   1.45902507304e-008             -2.38785661121e-008
   1.46071767753e-008             -2.36695762068e-008
   1.46241028202e-008             -2.27913530990e-008
   1.46410288652e-008             -2.29181443347e-008
   1.46579549101e-008             -2.23588973313e-008
   1.46748809550e-008             -2.22145866737e-008
   1.46918069999e-008             -2.21561001101e-008
   1.47087330449e-008             -2.22195884569e-008
   1.47256590898e-008             -2.26034024407e-008
   1.47425851347e-008             -2.28772567415e-008
   1.47595111797e-008             -2.30895811689e-008
   1.47764372246e-008             -2.35461194932e-008
   1.47933632695e-008             -2.34638944626e-008
   1.48102893145e-008             -2.30708178139e-008
   1.48272153594e-008             -2.19623273737e-008
   1.48441414043e-008             -2.21390835646e-008
   1.48610674493e-008             -2.21306413497e-008
   1.48779934942e-008             -2.23066036068e-008
   1.48949195391e-008             -2.24306954674e-008
   1.49118455840e-008             -2.23272722480e-008
   1.49287716290e-008             -2.25999356479e-008
   1.49456976739e-008             -2.27143149995e-008
   1.49626237188e-008             -2.31095352696e-008
   1.49795497638e-008             -2.33452013522e-008
   1.49964758087e-008             -2.40741120191e-008
   1.50134018536e-008             -2.40948071764e-008
   1.50303278986e-008             -2.44818235668e-008
   1.50472539435e-008             -2.41598303587e-008
   1.50641799884e-008             -2.40457157035e-008
   1.50811060334e-008             -2.43492366140e-008
   1.50980320783e-008             -2.39067507637e-008
   1.51149581232e-008             -2.17200452790e-008
   1.51318841681e-008             -2.15755756796e-008
   1.51488102131e-008             -2.21878574641e-008
   1.51657362580e-008             -2.22340644141e-008
   1.51826623029e-008             -2.23139606755e-008
   1.51995883479e-008             -2.25591009319e-008
   1.52165143928e-008             -2.28602400409e-008
   1.52334404377e-008             -2.24489294298e-008
   1.52503664827e-008             -2.25286932655e-008
   1.52672925276e-008             -2.32345269736e-008
   1.52842185725e-008             -2.34526471181e-008
   1.53011446175e-008             -2.36979726775e-008
   1.53180706624e-008             -2.23373023306e-008
   1.53349967073e-008             -2.26746183070e-008
   1.53519227522e-008             -2.25670667866e-008
   1.53688487972e-008             -2.25177106173e-008
   1.53857748421e-008             -2.24660255237e-008
   1.54027008870e-008             -2.29423593171e-008
   1.54196269320e-008             -2.34410820450e-008
   1.54365529769e-008             -2.36885248647e-008
   1.54534790218e-008             -2.40708303742e-008
   1.54704050668e-008             -2.33653672719e-008
   1.54873311117e-008             -2.37582586177e-008
   1.55042571566e-008             -2.38545893098e-008
   1.55211832016e-008             -2.38084882693e-008
   1.55381092465e-008             -2.43267152538e-008
   1.55550352914e-008             -2.40247293337e-008
   1.55719613364e-008             -2.38914013243e-008
   1.55888873813e-008             -2.34633652251e-008
   1.56058134262e-008             -2.20575465583e-008
   1.56227394711e-008             -2.19733101769e-008
   1.56396655161e-008             -2.21683532075e-008
   1.56565915610e-008             -2.20659357410e-008
   1.56735176059e-008             -2.22624343687e-008
   1.56904436509e-008             -2.24763201476e-008
   1.57073696958e-008             -2.25442808851e-008
   1.57242957407e-008             -2.28985606848e-008
   1.57412217857e-008             -2.30336088325e-008
   1.57581478306e-008             -2.34688962459e-008
   1.57750738755e-008             -2.35658090527e-008
   1.57919999205e-008             -2.32285195925e-008
   1.58089259654e-008             -2.17708834065e-008
   1.58258520103e-008             -2.23164218704e-008
   1.58427780552e-008             -2.23383079285e-008
   1.58597041002e-008             -2.27229953946e-008
   1.58766301451e-008             -2.28498395075e-008
   1.58935561900e-008             -2.28938764751e-008
   1.59104822350e-008             -2.30268338786e-008
   1.59274082799e-008             -2.27851338988e-008
   1.59443343248e-008             -2.34360273845e-008
   1.59612603698e-008             -2.38089115973e-008
   1.59781864147e-008             -2.39037338151e-008
   1.59951124596e-008             -2.44296884740e-008
   1.60120385046e-008             -2.40827393819e-008
   1.60289645495e-008             -2.41522879871e-008
   1.60458905944e-008             -2.43017328537e-008
   1.60628166393e-008             -2.36894510692e-008
   1.60797426843e-008             -2.23898872676e-008
   1.60966687292e-008             -2.21003130766e-008
   1.61135947741e-008             -2.21720318194e-008
   1.61305208191e-008             -2.23119229636e-008
   1.61474468640e-008             -2.22525630728e-008
   1.61643729089e-008             -2.26474922855e-008
   1.61812989539e-008             -2.23234350044e-008
   1.61982249988e-008             -2.25697396455e-008
   1.62151510437e-008             -2.26863156507e-008
   1.62320770887e-008             -2.28730754082e-008
   1.62490031336e-008             -2.29902070120e-008
   1.62659291785e-008             -2.29983581696e-008
   1.62828552234e-008             -2.30679331359e-008
   1.62997812684e-008             -2.21174355316e-008
   1.63167073133e-008             -2.23004109228e-008
   1.63336333582e-008             -2.23806246026e-008
   1.63505594032e-008             -2.27849487509e-008
   1.63674854481e-008             -2.29940178945e-008
   1.63844114930e-008             -2.30163274357e-008
   1.64013375380e-008             -2.29078497108e-008
   1.64182635829e-008             -2.34774707314e-008
   1.64351896278e-008             -2.36961466297e-008
   1.64521156728e-008             -2.37805417978e-008
   1.64690417177e-008             -2.40553751803e-008
   1.64859677626e-008             -2.40120529082e-008
   1.65028938075e-008             -2.41505943649e-008
   1.65198198525e-008             -2.38625551644e-008
   1.65367458974e-008             -2.43941732699e-008
   1.65536719423e-008             -2.36461022810e-008
   1.65705979873e-008             -2.12480779668e-008
   1.65875240322e-008             -2.13778597900e-008
   1.66044500771e-008             -2.19874685605e-008
   1.66213761221e-008             -2.19398855619e-008
   1.66383021670e-008             -2.23263195274e-008
   1.66552282119e-008             -2.28222900029e-008
   1.66721542569e-008             -2.30436123990e-008
   1.66890803018e-008             -2.25765939928e-008
   1.67060063467e-008             -2.32529727550e-008
   1.67229323916e-008             -2.33278407170e-008
   1.67398584366e-008             -2.30021954132e-008
   1.67567844815e-008             -2.36207492751e-008
   1.67737105264e-008             -2.42732306285e-008
   1.67906365714e-008             -2.21941560576e-008
   1.68075626163e-008             -2.22249872071e-008
   1.68244886612e-008             -2.23237789390e-008
   1.68414147062e-008             -2.22772280544e-008
   1.68583407511e-008             -2.24124349889e-008
   1.68752667960e-008             -2.27094720030e-008
   1.68921928410e-008             -2.29620488766e-008
   1.69091188859e-008             -2.30691770690e-008
