# Atom Manipulation               
# 
# Sample                          Ag(111)
# Data set                        -
# Creation Comment                
# Gap voltage                     -1.000e-003 V
# Gap voltage range in Volt       -10;10
# Feedback loop enabled           No
# Regulator setpoint              1.000e-009 A
# Pre-amplifier range             0;3.33e-007
# Loop gain                       7.000e+000 %
# Z-axis offset                   -4.000e-010 m
# Parameter mode                  V before Z
# Raster time                     1.000e-003 seconds
# Channel name and data unit      I(r) [A]
# Manipulation vector: start      2.300e+000, -9.720e+000 [nm]
#                      end        4.600e-001, -7.480e+000 [nm]
# 
# 
#             Position                             I(r)
# --------------------             --------------------
   0.000000000000e+000             -1.253116066306e-008
   2.898827349119e-012             -1.245237606413e-008
   5.797654698238e-012             -1.279061824497e-008
   8.696482047357e-012             -1.269696056692e-008
   1.159530939648e-011             -1.281448929275e-008
   1.449413674559e-011             -1.303305928143e-008
   1.739296409471e-011             -1.281721502892e-008
   2.029179144383e-011             -1.318422428631e-008
   2.319061879295e-011             -1.314717393664e-008
   2.608944614207e-011             -1.324244599854e-008
   2.898827349119e-011             -1.341917567337e-008
   3.188710084031e-011             -1.357190218487e-008
   3.478592818943e-011             -1.352588038270e-008
   3.768475553855e-011             -1.344137946006e-008
   4.058358288767e-011             -1.360310378514e-008
   4.348241023678e-011             -1.363568143404e-008
   4.638123758590e-011             -1.423637178434e-008
   4.928006493502e-011             -1.411569383926e-008
   5.217889228414e-011             -1.437046721146e-008
   5.507771963326e-011             -1.431063111538e-008
   5.797654698238e-011             -1.414565166152e-008
   6.087537433150e-011             -1.391030315248e-008
   6.377420168062e-011             -1.374249205291e-008
   6.667302902974e-011             -1.364335623130e-008
   6.957185637885e-011             -1.361609778412e-008
   7.247068372797e-011             -1.362967405294e-008
   7.536951107709e-011             -1.312433515793e-008
   7.826833842621e-011             -1.293106514289e-008
   8.116716577533e-011             -1.290033990293e-008
   8.406599312445e-011             -1.291733008730e-008
   8.696482047357e-011             -1.277907984307e-008
   8.986364782269e-011             -1.272395431779e-008
   9.276247517181e-011             -1.231804245685e-008
   9.566130252093e-011             -1.240436942734e-008
   9.856012987004e-011             -1.198681325497e-008
   1.014589572192e-010             -1.250133526648e-008
   1.043577845683e-010             -1.257490641815e-008
   1.072566119174e-010             -1.245004713982e-008
   1.101554392665e-010             -1.282343422909e-008
   1.130542666156e-010             -1.294657336910e-008
   1.159530939648e-010             -1.283978926639e-008
   1.188519213139e-010             -1.297184698166e-008
   1.217507486630e-010             -1.275745832623e-008
   1.246495760121e-010             -1.288080913024e-008
   1.275484033612e-010             -1.317946068322e-008
   1.304472307104e-010             -1.324503961916e-008
   1.333460580595e-010             -1.315945355022e-008
   1.362448854086e-010             -1.351288638372e-008
   1.391437127577e-010             -1.360559134116e-008
   1.420425401068e-010             -1.355668501605e-008
   1.449413674559e-010             -1.371039060925e-008
   1.478401948051e-010             -1.375781497620e-008
   1.507390221542e-010             -1.363218812511e-008
   1.536378495033e-010             -1.367180542418e-008
   1.565366768524e-010             -1.373119167610e-008
   1.594355042015e-010             -1.377501682457e-008
   1.623343315507e-010             -1.421086014669e-008
   1.652331588998e-010             -1.389929398812e-008
   1.681319862489e-010             -1.410502876460e-008
   1.710308135980e-010             -1.400470188714e-008
   1.739296409471e-010             -1.360466513669e-008
   1.768284682963e-010             -1.356991735025e-008
   1.797272956454e-010             -1.344884243825e-008
   1.826261229945e-010             -1.297859541937e-008
   1.855249503436e-010             -1.298034207384e-008
   1.884237776927e-010             -1.294583231249e-008
   1.913226050419e-010             -1.272810928996e-008
   1.942214323910e-010             -1.288358789871e-008
   1.971202597401e-010             -1.250490796880e-008
   2.000190870892e-010             -1.247942269224e-008
   2.029179144383e-010             -1.244665974042e-008
   2.058167417874e-010             -1.234029896572e-008
   2.087155691366e-010             -1.233310068384e-008
   2.116143964857e-010             -1.246947200298e-008
   2.145132238348e-010             -1.239407480345e-008
   2.174120511839e-010             -1.252383011056e-008
   2.203108785330e-010             -1.266702926080e-008
   2.232097058822e-010             -1.264540774396e-008
   2.261085332313e-010             -1.280797903518e-008
   2.290073605804e-010             -1.304703251717e-008
   2.319061879295e-010             -1.304835568857e-008
   2.348050152786e-010             -1.320137325745e-008
   2.377038426278e-010             -1.313867884445e-008
   2.406026699769e-010             -1.331646714944e-008
   2.435014973260e-010             -1.346527686892e-008
   2.464003246751e-010             -1.348396067546e-008
   2.492991520242e-010             -1.342788258463e-008
   2.521979793733e-010             -1.341970506598e-008
   2.550968067225e-010             -1.353228488579e-008
   2.579956340716e-010             -1.374376234707e-008
   2.608944614207e-010             -1.362496332708e-008
   2.637932887698e-010             -1.400197615097e-008
   2.666921161189e-010             -1.361384825319e-008
   2.695909434681e-010             -1.333705655228e-008
   2.724897708172e-010             -1.356830296640e-008
   2.753885981663e-010             -1.340599637147e-008
   2.782874255154e-010             -1.364020685698e-008
   2.811862528645e-010             -1.381286110810e-008
   2.840850802137e-010             -1.363674006420e-008
   2.869839075628e-010             -1.336328273039e-008
   2.898827349119e-010             -1.335391431097e-008
   2.927815622610e-010             -1.280789964180e-008
   2.956803896101e-010             -1.287800400068e-008
   2.985792169593e-010             -1.314886771387e-008
   3.014780443084e-010             -1.302080618400e-008
   3.043768716575e-010             -1.307452898944e-008
   3.072756990066e-010             -1.279908697607e-008
   3.101745263557e-010             -1.281882941277e-008
   3.130733537048e-010             -1.269685465738e-008
   3.159721810540e-010             -1.255609018592e-008
   3.188710084031e-010             -1.268330490471e-008
   3.217698357522e-010             -1.282216393493e-008
   3.246686631013e-010             -1.285016328366e-008
   3.275674904504e-010             -1.271747057638e-008
   3.304663177996e-010             -1.267639768022e-008
   3.333651451487e-010             -1.289369737475e-008
   3.362639724978e-010             -1.324781838763e-008
   3.391627998469e-010             -1.340340290592e-008
   3.420616271960e-010             -1.328947339856e-008
   3.449604545452e-010             -1.354996309448e-008
   3.478592818943e-010             -1.363748112081e-008
   3.507581092434e-010             -1.356245437206e-008
   3.536569365925e-010             -1.332763510056e-008
   3.565557639416e-010             -1.376898292732e-008
   3.594545912908e-010             -1.380373086883e-008
   3.623534186399e-010             -1.379576501419e-008
   3.652522459890e-010             -1.358756904278e-008
   3.681510733381e-010             -1.397921661058e-008
   3.710499006872e-010             -1.381709531858e-008
   3.739487280363e-010             -1.388532075238e-008
   3.768475553855e-010             -1.363568143404e-008
   3.797463827346e-010             -1.387177099971e-008
   3.826452100837e-010             -1.356224255299e-008
   3.855440374328e-010             -1.327867589822e-008
   3.884428647819e-010             -1.304398905240e-008
   3.913416921311e-010             -1.308307711393e-008
   3.942405194802e-010             -1.322667323109e-008
   3.971393468293e-010             -1.316355549008e-008
   4.000381741784e-010             -1.343195800834e-008
   4.029370015275e-010             -1.339715734466e-008
   4.058358288767e-010             -1.326443796616e-008
   4.087346562258e-010             -1.290730015972e-008
   4.116334835749e-010             -1.281941168261e-008
   4.145323109240e-010             -1.291976492115e-008
   4.174311382731e-010             -1.298147994232e-008
   4.203299656222e-010             -1.314166943200e-008
   4.232287929714e-010             -1.281816774954e-008
   4.261276203205e-010             -1.271077501589e-008
   4.290264476696e-010             -1.259216129883e-008
   4.319252750187e-010             -1.275793468654e-008
   4.348241023678e-010             -1.298677293802e-008
   4.377229297170e-010             -1.315527206190e-008
   4.406217570661e-010             -1.322593217448e-008
   4.435205844152e-010             -1.291677433361e-008
   4.464194117643e-010             -1.302975112035e-008
   4.493182391134e-010             -1.318644730109e-008
   4.522170664626e-010             -1.383270945433e-008
   4.551158938117e-010             -1.381270232133e-008
   4.580147211608e-010             -1.411185659570e-008
   4.609135485099e-010             -1.414340213060e-008
   4.638123758590e-010             -1.427979996589e-008
   4.667112032082e-010             -1.395089968832e-008
   4.696100305573e-010             -1.386983904232e-008
   4.725088579064e-010             -1.397159484563e-008
   4.754076852555e-010             -1.409235218409e-008
   4.783065126046e-010             -1.416473259005e-008
   4.812053399537e-010             -1.380145482175e-008
   4.841041673029e-010             -1.409703639380e-008
   4.870029946520e-010             -1.363962474220e-008
   4.899018220011e-010             -1.352016405899e-008
   4.928006493502e-010             -1.338863573633e-008
   4.956994766993e-010             -1.310152274031e-008
   4.985983040485e-010             -1.308757602072e-008
   5.014971313976e-010             -1.293135635535e-008
   5.043959587467e-010             -1.249162275737e-008
   5.072947860958e-010             -1.263953263347e-008
   5.101936134449e-010             -1.295313650390e-008
   5.130924407941e-010             -1.305822698445e-008
   5.159912681432e-010             -1.316120020469e-008
   5.188900954923e-010             -1.303477941975e-008
   5.217889228414e-010             -1.295183984866e-008
   5.246877501905e-010             -1.273475181814e-008
   5.275865775396e-010             -1.272199599932e-008
   5.304854048888e-010             -1.303403836313e-008
   5.333842322379e-010             -1.306174665447e-008
   5.362830595870e-010             -1.293156801935e-008
   5.391818869361e-010             -1.296565429763e-008
   5.420807142852e-010             -1.305772410799e-008
   5.449795416344e-010             -1.328817658826e-008
   5.478783689835e-010             -1.336288576346e-008
   5.507771963326e-010             -1.361228690164e-008
   5.536760236817e-010             -1.353527531827e-008
   5.565748510308e-010             -1.360159531083e-008
   5.594736783800e-010             -1.354763417017e-008
   5.623725057291e-010             -1.367304935725e-008
   5.652713330782e-010             -1.392718758238e-008
   5.681701604273e-010             -1.904806090961e-008
   5.710689877764e-010             -2.033590100637e-008
   5.739678151256e-010             -2.064834033711e-008
   5.768666424747e-010             -2.054306470871e-008
   5.797654698238e-010             -2.042966459396e-008
   5.826642971729e-010             -2.039764254369e-008
   5.855631245220e-010             -2.054235016825e-008
   5.884619518711e-010             -2.009745615531e-008
   5.913607792203e-010             -2.078505574594e-008
   5.942596065694e-010             -2.069859634977e-008
   5.971584339185e-010             -2.015895951247e-008
   6.000572612676e-010             -2.017870210423e-008
   6.029560886167e-010             -2.018653553319e-008
   6.058549159659e-010             -2.014829443781e-008
   6.087537433150e-010             -2.018793809797e-008
   6.116525706641e-010             -2.036808168835e-008
   6.145513980132e-010             -2.047174308797e-008
   6.174502253623e-010             -2.002179425949e-008
   6.203490527115e-010             -2.007054179783e-008
   6.232478800606e-010             -1.995079005722e-008
   6.261467074097e-010             -2.065770875653e-008
   6.290455347588e-010             -2.026510846811e-008
   6.319443621079e-010             -2.063725177937e-008
   6.348431894570e-010             -2.025777791561e-008
   6.377420168062e-010             -2.036085689032e-008
   6.406408441553e-010             -2.028696816511e-008
   6.435396715044e-010             -2.024761556234e-008
   6.464384988535e-010             -2.039348757152e-008
   6.493373262026e-010             -2.055110995674e-008
   6.522361535518e-010             -2.077796337360e-008
   6.551349809009e-010             -2.048939478051e-008
   6.580338082500e-010             -2.024687450573e-008
   6.609326355991e-010             -2.033243405852e-008
   6.638314629482e-010             -2.058620183287e-008
   6.667302902974e-010             -2.032052505078e-008
   6.696291176465e-010             -2.008046597094e-008
   6.725279449956e-010             -2.016790460389e-008
   6.754267723447e-010             -2.007038301106e-008
   6.783255996938e-010             -2.000948828482e-008
   6.812244270430e-010             -2.010285490549e-008
   6.841232543921e-010             -2.048939478051e-008
   6.870220817412e-010             -2.035318224814e-008
   6.899209090903e-010             -2.076499573571e-008
   6.928197364394e-010             -2.024174045186e-008
   6.957185637885e-010             -2.087511436059e-008
   6.986173911377e-010             -2.039335530090e-008
   7.015162184868e-010             -2.029218161237e-008
   7.044150458359e-010             -2.025073826544e-008
   7.073138731850e-010             -2.040523779249e-008
   7.102127005341e-010             -2.082078276915e-008
   7.131115278833e-010             -2.015221107476e-008
   7.160103552324e-010             -2.006524895719e-008
   7.189091825815e-010             -2.000932949805e-008
   7.218080099306e-010             -2.019598334600e-008
   7.247068372797e-010             -2.009933508040e-008
   7.276056646289e-010             -2.024250786956e-008
   7.305044919780e-010             -2.027381537937e-008
   7.334033193271e-010             -1.989878739010e-008
   7.363021466762e-010             -1.977731551117e-008
   7.392009740253e-010             -1.985342740622e-008
   7.420998013744e-010             -2.004357456310e-008
   7.449986287236e-010             -2.061449239405e-008
   7.478974560727e-010             -2.024695389911e-008
   7.507962834218e-010             -2.025859821055e-008
   7.536951107709e-010             -2.053390810836e-008
   7.565939381200e-010             -2.004592984850e-008
   7.594927654692e-010             -2.040248554017e-008
   7.623915928183e-010             -2.012029493402e-008
   7.652904201674e-010             -2.051998774985e-008
   7.681892475165e-010             -2.081062041588e-008
   7.710880748656e-010             -2.032700894726e-008
   7.739869022148e-010             -2.029916823024e-008
   7.768857295639e-010             -2.043069670797e-008
   7.797845569130e-010             -2.048600738110e-008
   7.826833842621e-010             -2.062560746794e-008
   7.855822116112e-010             -2.059136240289e-008
   7.884810389604e-010             -2.064876382019e-008
   7.913798663095e-010             -2.058572547256e-008
   7.942786936586e-010             -2.004635333158e-008
   7.971775210077e-010             -2.039851587092e-008
   8.000763483568e-010             -2.064529702740e-008
   8.029751757059e-010             -2.075613019275e-008
   8.058740030551e-010             -2.095313154181e-008
   8.087728304042e-010             -2.074525329901e-008
   8.116716577533e-010             -2.050262711470e-008
   8.145704851024e-010             -2.046031044054e-008
   8.174693124515e-010             -2.026891935059e-008
   8.203681398007e-010             -2.069610879375e-008
   8.232669671498e-010             -2.079823504784e-008
   8.261657944989e-010             -2.027376234707e-008
   8.290646218480e-010             -2.050712602149e-008
   8.319634491971e-010             -2.040105645924e-008
   8.348622765463e-010             -2.033119028051e-008
   8.377611038954e-010             -2.022043650855e-008
   8.406599312445e-010             -2.027606475523e-008
   8.435587585936e-010             -2.045133898804e-008
   8.464575859427e-010             -2.016022980663e-008
   8.493564132918e-010             -1.997495216238e-008
   8.522552406410e-010             -1.965592302563e-008
   8.551540679901e-010             -1.956033339019e-008
   8.580528953392e-010             -2.023306005675e-008
   8.609517226883e-010             -2.044646947541e-008
   8.638505500374e-010             -2.016015041325e-008
   8.667493773866e-010             -2.028368652018e-008
   8.696482047357e-010             -2.021535533192e-008
   8.725470320848e-010             -2.030247639132e-008
   8.754458594339e-010             -2.016629022004e-008
   8.783446867830e-010             -2.023792956938e-008
   8.812435141322e-010             -2.038835351765e-008
   8.841423414813e-010             -2.054253547117e-008
   8.870411688304e-010             -1.992951263006e-008
   8.899399961795e-010             -2.015697467785e-008
   8.928388235286e-010             -2.043254911690e-008
   8.957376508777e-010             -2.045189474174e-008
   8.986364782269e-010             -2.005905627316e-008
   9.015353055760e-010             -2.030075609794e-008
   9.044341329251e-010             -2.001621020639e-008
   9.073329602742e-010             -2.026518786150e-008
   9.102317876233e-010             -1.985239529222e-008
   9.131306149725e-010             -1.997452867931e-008
   9.160294423216e-010             -2.007588767077e-008
   9.189282696707e-010             -2.011574314999e-008
   9.218270970198e-010             -2.025145280590e-008
   9.247259243689e-010             -2.027452991983e-008
   9.276247517181e-010             -2.022869342058e-008
   9.305235790672e-010             -2.032280109786e-008
   9.334224064163e-010             -1.996341360542e-008
   9.363212337654e-010             -1.977226085069e-008
   9.392200611145e-010             -2.022374451457e-008
   9.421188884637e-010             -2.038512490502e-008
   9.450177158128e-010             -2.035180604444e-008
   9.479165431619e-010             -1.963038487184e-008
   9.508153705110e-010             -2.015205228799e-008
   9.537141978601e-010             -2.005537766131e-008
   9.566130252092e-010             -1.977551597947e-008
   9.595118525584e-010             -2.011378467646e-008
   9.624106799075e-010             -2.031390903875e-008
   9.653095072566e-010             -2.019476592907e-008
   9.682083346057e-010             -1.996211695018e-008
   9.711071619548e-010             -1.990299523950e-008
   9.740059893040e-010             -2.021077703174e-008
   9.769048166531e-010             -2.029543674115e-008
   9.798036440022e-010             -2.060451518864e-008
   9.827024713513e-010             -2.035005938997e-008
   9.856012987004e-010             -2.031896369924e-008
   9.885001260496e-010             -2.028008745678e-008
   9.913989533987e-010             -2.044022391416e-008
   9.942977807478e-010             -2.047846500954e-008
   9.971966080969e-010             -2.086939803687e-008
   1.000095435446e-009             -2.093518863682e-008
   1.002994262795e-009             -2.058771030718e-008
   1.005893090144e-009             -2.018619144350e-008
   1.008791917493e-009             -2.052324287863e-008
   1.011690744843e-009             -2.029808323900e-008
   1.014589572192e-009             -2.041706740684e-008
   1.017488399541e-009             -2.068507311324e-008
   1.020387226890e-009             -2.046430647087e-008
   1.023286054239e-009             -2.024621284250e-008
   1.026184881588e-009             -1.999908775140e-008
   1.029083708937e-009             -2.001189660252e-008
   1.031982536286e-009             -2.016716354727e-008
   1.034881363635e-009             -2.110498472608e-008
   1.037780190985e-009             -2.039171455597e-008
   1.040679018334e-009             -2.056645939618e-008
   1.043577845683e-009             -2.064937245112e-008
   1.046476673032e-009             -2.066916792011e-008
   1.049375500381e-009             -2.005823582316e-008
   1.052274327730e-009             -2.057355176852e-008
   1.055173155079e-009             -2.049598443145e-008
   1.058071982428e-009             -2.035315573199e-008
   1.060970809778e-009             -2.020029710493e-008
   1.063869637127e-009             -2.034741304719e-008
   1.066768464476e-009             -1.996621889004e-008
   1.069667291825e-009             -2.011574314999e-008
   1.072566119174e-009             -2.034429018902e-008
   1.075464946523e-009             -2.016671370311e-008
   1.078363773872e-009             -2.034077036394e-008
   1.081262601221e-009             -2.037419497899e-008
   1.084161428570e-009             -1.996261967157e-008
   1.087060255920e-009             -1.977662748686e-008
   1.089959083269e-009             -2.029623067500e-008
   1.092857910618e-009             -2.025738094869e-008
   1.095756737967e-009             -2.038374870133e-008
   1.098655565316e-009             -2.021636092977e-008
   1.101554392665e-009             -2.059821675014e-008
   1.104453220014e-009             -2.065148971142e-008
   1.107352047363e-009             -2.036273597048e-008
   1.110250874713e-009             -2.066220781839e-008
   1.113149702062e-009             -2.090589247779e-008
   1.116048529411e-009             -2.063688132860e-008
   1.118947356760e-009             -2.049630200499e-008
   1.121846184109e-009             -2.033658903069e-008
   1.124745011458e-009             -2.057257268681e-008
   1.127643838807e-009             -2.060684411295e-008
   1.130542666156e-009             -2.037707965700e-008
   1.133441493506e-009             -2.036286824110e-008
   1.136340320855e-009             -2.064394733986e-008
   1.139239148204e-009             -2.025825427592e-008
   1.142137975553e-009             -1.959566344648e-008
   1.145036802902e-009             -1.987745708570e-008
   1.147935630251e-009             -1.980954922545e-008
   1.150834457600e-009             -2.068504659709e-008
   1.153733284949e-009             -2.018349206841e-008
   1.156632112298e-009             -2.013953464932e-008
   1.159530939648e-009             -2.020008528586e-008
   1.162429766997e-009             -2.003380917676e-008
   1.165328594346e-009             -2.012709640404e-008
   1.168227421695e-009             -2.011891888539e-008
   1.171126249044e-009             -2.038864457504e-008
   1.174025076393e-009             -2.030694878196e-008
   1.176923903742e-009             -2.039092062212e-008
   1.179822731091e-009             -1.993117989114e-008
   1.182721558441e-009             -2.038155220270e-008
   1.185620385790e-009             -2.002999829428e-008
   1.188519213139e-009             -2.012926638652e-008
   1.191418040488e-009             -2.028916466374e-008
   1.194316867837e-009             -2.009248088821e-008
   1.197215695186e-009             -2.031075966444e-008
   1.200114522535e-009             -1.973380793624e-008
   1.203013349884e-009             -2.020307587340e-008
   1.205912177233e-009             -2.016504644203e-008
   1.208811004583e-009             -2.085015832157e-008
   1.211709831932e-009             -2.036080401309e-008
   1.214608659281e-009             -2.031417357999e-008
   1.217507486630e-009             -2.046848795919e-008
   1.220406313979e-009             -2.079569445952e-008
   1.223305141328e-009             -2.026950162043e-008
   1.226203968677e-009             -2.033251345191e-008
   1.229102796026e-009             -2.057161996620e-008
   1.232001623376e-009             -2.069965497992e-008
   1.234900450725e-009             -2.041010730512e-008
   1.237799278074e-009             -2.035511420552e-008
   1.240698105423e-009             -2.017931073516e-008
   1.243596932772e-009             -2.016835444805e-008
   1.246495760121e-009             -2.009340709268e-008
   1.249394587470e-009             -2.029146707190e-008
   1.252293414819e-009             -2.024721859542e-008
   1.255192242169e-009             -2.018836158104e-008
   1.258091069518e-009             -2.018428600226e-008
   1.260989896867e-009             -1.969032687745e-008
   1.263888724216e-009             -1.993311184853e-008
   1.266787551565e-009             -2.063307044612e-008
   1.269686378914e-009             -2.031007164012e-008
   1.272585206263e-009             -2.020500767573e-008
   1.275484033612e-009             -2.035027120904e-008
   1.278382860961e-009             -2.036787002435e-008
   1.281281688311e-009             -2.031316798214e-008
   1.284180515660e-009             -2.015758346385e-008
   1.287079343009e-009             -2.037625920700e-008
   1.289978170358e-009             -2.090636883810e-008
   1.292876997707e-009             -2.061801206407e-008
   1.295775825056e-009             -2.027363007645e-008
   1.298674652405e-009             -2.031224177767e-008
   1.301573479754e-009             -2.052038471677e-008
   1.304472307104e-009             -2.011648405154e-008
   1.307371134453e-009             -2.020566933896e-008
   1.310269961802e-009             -2.046983764673e-008
   1.313168789151e-009             -2.035170028997e-008
   1.316067616500e-009             -2.024610708803e-008
   1.318966443849e-009             -2.023634170169e-008
   1.321865271198e-009             -2.007226193614e-008
   1.324764098547e-009             -2.036805532727e-008
   1.327662925896e-009             -2.066181085146e-008
   1.330561753246e-009             -2.057696568407e-008
   1.333460580595e-009             -2.082234427577e-008
   1.336359407944e-009             -2.079101024981e-008
   1.339258235293e-009             -2.048968599296e-008
   1.342157062642e-009             -2.046981113058e-008
   1.345055889991e-009             -2.041831133992e-008
   1.347954717340e-009             -2.027897594939e-008
   1.350853544689e-009             -2.093108669696e-008
   1.353752372039e-009             -1.977133464622e-008
   1.356651199388e-009             -2.048092620447e-008
   1.359550026737e-009             -2.024264014018e-008
   1.362448854086e-009             -1.960079765541e-008
   1.365347681435e-009             -2.039298485013e-008
   1.368246508784e-009             -2.017033928267e-008
   1.371145336133e-009             -1.996082013987e-008
   1.374044163482e-009             -1.996701282389e-008
   1.376942990832e-009             -1.961201848377e-008
   1.379841818181e-009             -2.015816557863e-008
   1.382740645530e-009             -2.066932670688e-008
   1.385639472879e-009             -2.020106452263e-008
   1.388538300228e-009             -2.038300764471e-008
   1.391437127577e-009             -2.033870613593e-008
   1.394335954926e-009             -2.020479601172e-008
   1.397234782275e-009             -2.021305292375e-008
   1.400133609624e-009             -2.048968599296e-008
   1.403032436974e-009             -2.054301183148e-008
   1.405931264323e-009             -2.071479260029e-008
   1.408830091672e-009             -2.038983547582e-008
   1.411728919021e-009             -2.043133185505e-008
   1.414627746370e-009             -2.024269317248e-008
   1.417526573719e-009             -2.045099489835e-008
   1.420425401068e-009             -2.031991641985e-008
   1.423324228417e-009             -2.026584952473e-008
   1.426223055767e-009             -2.057667462668e-008
   1.429121883116e-009             -2.024393695049e-008
   1.432020710465e-009             -2.012818139528e-008
   1.434919537814e-009             -1.991966785033e-008
   1.437818365163e-009             -2.011349361907e-008
   1.440717192512e-009             -2.044612538572e-008
   1.443616019861e-009             -2.027482097722e-008
   1.446514847210e-009             -2.022437966165e-008
   1.449413674559e-009             -2.051450960629e-008
   1.452312501909e-009             -2.037099288251e-008
   1.455211329258e-009             -2.037141621052e-008
   1.458110156607e-009             -2.008025430694e-008
   1.461008983956e-009             -2.061298391974e-008
   1.463907811305e-009             -2.038546883965e-008
   1.466806638654e-009             -2.021014188466e-008
   1.469705466003e-009             -1.988370264696e-008
   1.472604293352e-009             -1.991249608460e-008
   1.475503120702e-009             -2.032968180620e-008
   1.478401948051e-009             -1.988055342772e-008
   1.481300775400e-009             -2.000112546326e-008
   1.484199602749e-009             -2.006117337841e-008
   1.487098430098e-009             -2.011780737800e-008
   1.489997257447e-009             -1.994637054381e-008
   1.492896084796e-009             -1.979480857200e-008
   1.495794912145e-009             -1.984461474050e-008
   1.498693739495e-009             -2.039586937307e-008
   1.501592566844e-009             -2.045192110282e-008
   1.504491394193e-009             -2.048783342896e-008
   1.507390221542e-009             -2.024581587558e-008
   1.510289048891e-009             -1.993673742809e-008
   1.513187876240e-009             -1.997688411977e-008
   1.516086703589e-009             -2.034074400285e-008
   1.518985530938e-009             -2.068417326986e-008
   1.521884358287e-009             -2.055653522306e-008
   1.524783185637e-009             -2.100627223247e-008
   1.527682012986e-009             -2.048574268480e-008
   1.530580840335e-009             -2.013731163454e-008
   1.533479667684e-009             -2.043119942936e-008
   1.536378495033e-009             -2.032325094202e-008
   1.539277322382e-009             -2.030094140086e-008
   1.542176149731e-009             -2.032065747647e-008
   1.545074977080e-009             -2.027328598676e-008
   1.547973804430e-009             -2.019521592830e-008
   1.550872631779e-009             -1.963025260122e-008
   1.553771459128e-009             -2.011015909690e-008
   1.556670286477e-009             -2.046345965979e-008
   1.559569113826e-009             -2.046377723333e-008
   1.562467941175e-009             -2.019992649909e-008
   1.565366768524e-009             -2.027288901983e-008
   1.568265595873e-009             -2.011463164261e-008
   1.571164423222e-009             -2.004246305571e-008
   1.574063250572e-009             -1.975482082216e-008
   1.576962077921e-009             -2.037726495992e-008
   1.579860905270e-009             -2.042643582626e-008
   1.582759732619e-009             -2.045798151623e-008
   1.585658559968e-009             -2.021921909163e-008
   1.588557387317e-009             -2.034323155887e-008
   1.591456214666e-009             -2.051355688567e-008
   1.594355042015e-009             -2.033330738576e-008
   1.597253869365e-009             -2.007750189955e-008
   1.600152696714e-009             -2.015411651599e-008
   1.603051524063e-009             -2.014080494348e-008
   1.605950351412e-009             -1.993525546993e-008
   1.608849178761e-009             -1.971160430461e-008
   1.611748006110e-009             -1.979599947278e-008
   1.614646833459e-009             -2.018320101103e-008
   1.617545660808e-009             -2.024848888958e-008
   1.620444488158e-009             -2.045581137868e-008
   1.623343315507e-009             -1.996693343051e-008
   1.626242142856e-009             -1.999416536153e-008
   1.629140970205e-009             -2.001724232040e-008
   1.632039797554e-009             -2.005109041852e-008
   1.634938624903e-009             -2.027852595016e-008
   1.637837452252e-009             -2.073760501791e-008
   1.640736279601e-009             -2.057672750392e-008
   1.643635106950e-009             -1.979936051109e-008
   1.646533934300e-009             -2.045956938393e-008
   1.649432761649e-009             -2.011611360077e-008
   1.652331588998e-009             -2.041886709361e-008
   1.655230416347e-009             -1.993496441254e-008
   1.658129243696e-009             -2.038912093535e-008
   1.661028071045e-009             -2.027251856906e-008
   1.663926898394e-009             -1.992009133341e-008
   1.666825725743e-009             -1.970562328459e-008
   1.669724553093e-009             -1.993372047946e-008
   1.672623380442e-009             -2.038017599901e-008
   1.675522207791e-009             -2.010679805858e-008
   1.678421035140e-009             -1.991710090093e-008
   1.681319862489e-009             -1.990963792275e-008
   1.684218689838e-009             -2.010534261657e-008
   1.687117517187e-009             -2.012688458497e-008
   1.690016344536e-009             -1.977019662268e-008
   1.692915171885e-009             -2.028786800850e-008
   1.695813999235e-009             -2.022678797935e-008
   1.698712826584e-009             -2.037610042023e-008
   1.701611653933e-009             -1.994396222612e-008
   1.704510481282e-009             -2.010219324226e-008
   1.707409308631e-009             -2.005895036363e-008
   1.710308135980e-009             -2.003489416800e-008
   1.713206963329e-009             -2.046576206795e-008
   1.716105790678e-009             -2.006114686226e-008
   1.719004618028e-009             -2.002369970072e-008
   1.721903445377e-009             -2.010658639458e-008
   1.724802272726e-009             -1.979068011599e-008
   1.727701100075e-009             -1.968858022298e-008
   1.730599927424e-009             -2.015869497124e-008
   1.733498754773e-009             -2.041796725023e-008
   1.736397582122e-009             -2.042876475058e-008
   1.739296409471e-009             -2.031441176015e-008
   1.742195236820e-009             -2.040642869327e-008
   1.745094064170e-009             -2.041780846346e-008
   1.747992891519e-009             -2.046967885996e-008
   1.750891718868e-009             -2.069849059530e-008
   1.753790546217e-009             -2.046041619501e-008
   1.756689373566e-009             -2.067199956582e-008
   1.759588200915e-009             -2.005328691715e-008
   1.762487028264e-009             -2.033267223868e-008
   1.765385855613e-009             -2.046639721503e-008
   1.768284682963e-009             -2.034349625518e-008
   1.771183510312e-009             -2.021681092900e-008
   1.774082337661e-009             -2.030446122595e-008
   1.776981165010e-009             -2.027783792585e-008
   1.779879992359e-009             -1.996897114237e-008
   1.782778819708e-009             -1.972705949852e-008
   1.785677647057e-009             -1.962151932888e-008
   1.788576474406e-009             -1.987298454000e-008
   1.791475301756e-009             -2.016597264650e-008
   1.794374129105e-009             -2.009658282808e-008
   1.797272956454e-009             -2.021855758346e-008
   1.800171783803e-009             -2.015848315217e-008
   1.803070611152e-009             -2.029490750361e-008
   1.805969438501e-009             -2.007329405015e-008
   1.808868265850e-009             -2.031491463660e-008
   1.811767093199e-009             -2.068480841694e-008
   1.814665920548e-009             -2.034254353456e-008
   1.817564747898e-009             -2.029093783436e-008
   1.820463575247e-009             -2.040534370203e-008
   1.823362402596e-009             -2.012688458497e-008
   1.826261229945e-009             -2.019960892555e-008
   1.829160057294e-009             -1.986486005365e-008
   1.832058884643e-009             -2.054282652856e-008
   1.834957711992e-009             -2.024957388082e-008
   1.837856539341e-009             -2.023353641706e-008
   1.840755366691e-009             -1.971456837600e-008
   1.843654194040e-009             -2.004174851525e-008
   1.846553021389e-009             -2.031401479322e-008
   1.849451848738e-009             -2.053377568267e-008
   1.852350676087e-009             -2.029707764115e-008
   1.855249503436e-009             -2.031202995860e-008
   1.858148330785e-009             -1.997942470809e-008
   1.861047158134e-009             -2.014077842733e-008
   1.863945985483e-009             -1.995841182217e-008
   1.866844812833e-009             -2.054004776008e-008
   1.869743640182e-009             -2.049167082758e-008
   1.872642467531e-009             -2.026516150041e-008
   1.875541294880e-009             -2.009327482206e-008
   1.878440122229e-009             -2.022115104902e-008
   1.881338949578e-009             -1.989860224224e-008
   1.884237776927e-009             -1.994147467010e-008
   1.887136604276e-009             -1.996645707020e-008
   1.890035431626e-009             -2.014114903317e-008
   1.892934258975e-009             -1.987613391431e-008
   1.895833086324e-009             -1.968241405511e-008
   1.898731913673e-009             -1.954217882119e-008
   1.901630741022e-009             -1.962599171952e-008
   1.904529568371e-009             -1.980457395835e-008
   1.907428395720e-009             -1.984842562297e-008
   1.910327223069e-009             -2.044559614818e-008
   1.913226050419e-009             -2.018439191180e-008
   1.916124877768e-009             -2.009136938082e-008
   1.919023705117e-009             -2.007273829645e-008
   1.921922532466e-009             -1.987078804137e-008
   1.924821359815e-009             -1.997111476376e-008
   1.927720187164e-009             -2.029930065593e-008
   1.930619014513e-009             -2.030874846873e-008
   1.933517841862e-009             -1.995224565430e-008
   1.936416669211e-009             -2.006739257858e-008
   1.939315496561e-009             -1.993726682070e-008
   1.942214323910e-009             -1.999088371660e-008
   1.945113151259e-009             -2.003828156740e-008
   1.948011978608e-009             -2.021818697762e-008
   1.950910805957e-009             -1.992863930283e-008
   1.953809633306e-009             -2.002338212718e-008
   1.956708460655e-009             -2.001274341361e-008
   1.959607288004e-009             -1.971440958923e-008
   1.962506115354e-009             -2.018595326335e-008
   1.965404942703e-009             -2.012378824296e-008
   1.968303770052e-009             -1.991501015677e-008
   1.971202597401e-009             -2.017028640543e-008
   1.974101424750e-009             -2.031509993952e-008
   1.977000252099e-009             -2.009631813177e-008
   1.979899079448e-009             -1.997092961590e-008
   1.982797906797e-009             -2.007816356278e-008
   1.985696734146e-009             -2.046330087302e-008
   1.988595561496e-009             -2.017830513731e-008
   1.991494388845e-009             -1.987052334507e-008
   1.994393216194e-009             -2.003828156740e-008
   1.997292043543e-009             -2.017790817039e-008
   2.000190870892e-009             -1.999636186016e-008
   2.003089698241e-009             -2.048100559785e-008
   2.005988525590e-009             -2.017481182837e-008
   2.008887352939e-009             -2.013082789313e-008
   2.011786180289e-009             -1.987610739816e-008
   2.014685007638e-009             -1.983622540278e-008
   2.017583834987e-009             -1.988047403433e-008
   2.020482662336e-009             -2.031242692552e-008
   2.023381489685e-009             -2.032044565740e-008
   2.026280317034e-009             -2.018425964118e-008
   2.029179144383e-009             -2.017650545054e-008
   2.032077971732e-009             -2.009539192731e-008
   2.034976799082e-009             -2.022996371474e-008
   2.037875626431e-009             -2.011058257997e-008
   2.040774453780e-009             -2.038099644901e-008
   2.043673281129e-009             -2.058347594163e-008
   2.046572108478e-009             -2.033910310285e-008
   2.049470935827e-009             -1.997198809099e-008
   2.052369763176e-009             -2.018875854797e-008
   2.055268590525e-009             -2.027595900076e-008
   2.058167417874e-009             -2.025383460745e-008
   2.061066245224e-009             -2.016438477880e-008
   2.063965072573e-009             -2.049757229915e-008
   2.066863899922e-009             -2.024838298004e-008
   2.069762727271e-009             -1.996590131650e-008
   2.072661554620e-009             -2.007967203709e-008
   2.075560381969e-009             -2.009078711098e-008
   2.078459209318e-009             -2.033145497682e-008
   2.081358036667e-009             -2.018489478826e-008
   2.084256864017e-009             -2.026648467180e-008
   2.087155691366e-009             -2.026087425763e-008
   2.090054518715e-009             -2.012789033789e-008
   2.092953346064e-009             -2.018709128689e-008
   2.095852173413e-009             -1.970541162059e-008
   2.098751000762e-009             -2.010039371056e-008
   2.101649828111e-009             -2.060155127231e-008
   2.104548655460e-009             -2.015456651522e-008
   2.107447482809e-009             -1.954149079688e-008
   2.110346310159e-009             -1.967370714385e-008
   2.113245137508e-009             -1.980960225775e-008
   2.116143964857e-009             -1.992604583727e-008
   2.119042792206e-009             -1.973457550900e-008
   2.121941619555e-009             -1.992983020360e-008
   2.124840446904e-009             -1.988915442944e-008
   2.127739274253e-009             -1.942142148273e-008
   2.130638101602e-009             -1.979086541891e-008
   2.133536928952e-009             -1.960312642466e-008
   2.136435756301e-009             -2.009261315883e-008
   2.139334583650e-009             -2.031398843214e-008
   2.142233410999e-009             -2.022525298888e-008
   2.145132238348e-009             -1.993117989114e-008
   2.148031065697e-009             -2.032679712819e-008
   2.150929893046e-009             -2.022678797935e-008
   2.153828720395e-009             -2.006347578657e-008
   2.156727547745e-009             -2.018698537735e-008
   2.159626375094e-009             -2.063643132937e-008
   2.162525202443e-009             -2.047581851168e-008
   2.165424029792e-009             -2.053269069144e-008
   2.168322857141e-009             -2.001194947976e-008
   2.171221684490e-009             -2.001941245794e-008
   2.174120511839e-009             -2.030115306486e-008
   2.177019339188e-009             -2.013455938222e-008
   2.179918166537e-009             -2.036069810355e-008
   2.182816993887e-009             -2.040722262711e-008
   2.185715821236e-009             -1.999818790802e-008
   2.188614648585e-009             -1.977885050164e-008
   2.191513475934e-009             -1.968016452418e-008
   2.194412303283e-009             -2.033907674177e-008
   2.197311130632e-009             -1.995137232706e-008
   2.200209957981e-009             -2.044588720557e-008
   2.203108785330e-009             -2.041719983253e-008
   2.206007612680e-009             -2.029202282560e-008
   2.208906440029e-009             -2.012558792972e-008
   2.211805267378e-009             -2.017258881360e-008
   2.214704094727e-009             -2.028368652018e-008
   2.217602922076e-009             -2.052260773155e-008
   2.220501749425e-009             -2.046949355704e-008
   2.223400576774e-009             -1.991368698538e-008
   2.226299404123e-009             -1.979520553893e-008
   2.229198231472e-009             -1.975492657663e-008
   2.232097058822e-009             -2.007993673340e-008
   2.234995886171e-009             -2.046687357534e-008
   2.237894713520e-009             -2.000665663912e-008
   2.240793540869e-009             -2.020818341112e-008
   2.243692368218e-009             -2.016766642373e-008
   2.246591195567e-009             -1.995161050722e-008
   2.249490022916e-009             -2.018492114934e-008
   2.252388850265e-009             -2.032420366264e-008
   2.255287677615e-009             -2.030591666796e-008
   2.258186504964e-009             -2.046848795919e-008
   2.261085332313e-009             -2.038589232272e-008
   2.263984159662e-009             -2.064180371846e-008
   2.266882987011e-009             -2.039256136705e-008
   2.269781814360e-009             -2.027659414784e-008
   2.272680641709e-009             -2.072323481524e-008
   2.275579469058e-009             -2.071108762735e-008
   2.278478296408e-009             -2.062108204500e-008
   2.281377123757e-009             -1.983207058568e-008
   2.284275951106e-009             -2.058755152041e-008
   2.287174778455e-009             -2.017785513809e-008
   2.290073605804e-009             -2.025097644560e-008
   2.292972433153e-009             -2.036300051172e-008
   2.295871260502e-009             -2.046068089131e-008
   2.298770087851e-009             -2.060684411295e-008
   2.301668915200e-009             -2.031430600568e-008
   2.304567742550e-009             -1.991887391648e-008
   2.307466569899e-009             -1.987602800478e-008
   2.310365397248e-009             -2.065440075052e-008
   2.313264224597e-009             -2.036300051172e-008
   2.316163051946e-009             -2.016732233404e-008
   2.319061879295e-009             -2.020492828234e-008
   2.321960706644e-009             -2.025904820977e-008
   2.324859533993e-009             -2.026031850393e-008
   2.327758361343e-009             -2.022895811689e-008
   2.330657188692e-009             -2.027646172215e-008
   2.333556016041e-009             -2.055711733784e-008
   2.336454843390e-009             -2.018820279427e-008
   2.339353670739e-009             -2.009785312224e-008
   2.342252498088e-009             -2.017057746282e-008
   2.345151325437e-009             -2.014538324365e-008
   2.348050152786e-009             -2.044683992619e-008
   2.350948980135e-009             -1.996619237389e-008
   2.353847807485e-009             -2.025851881716e-008
   2.356746634834e-009             -2.058575198871e-008
   2.359645462183e-009             -2.013675588085e-008
   2.362544289532e-009             -2.022445905503e-008
   2.365443116881e-009             -2.003267115322e-008
   2.368341944230e-009             -2.033500116299e-008
   2.371240771579e-009             -2.031065390997e-008
   2.374139598928e-009             -2.067072927166e-008
   2.377038426278e-009             -2.047420428290e-008
   2.379937253627e-009             -2.086601063747e-008
   2.382836080976e-009             -2.081702491898e-008
   2.385734908325e-009             -2.059083316535e-008
   2.388633735674e-009             -2.083655569167e-008
   2.391532563023e-009             -2.096710477756e-008
   2.394431390372e-009             -2.056280730047e-008
   2.397330217721e-009             -2.055137465304e-008
   2.400229045071e-009             -2.067199956582e-008
   2.403127872420e-009             -2.067673680783e-008
   2.406026699769e-009             -2.033349268868e-008
   2.408925527118e-009             -2.045422351099e-008
   2.411824354467e-009             -2.049474065344e-008
   2.414723181816e-009             -2.054063002993e-008
   2.417622009165e-009             -2.002017987564e-008
   2.420520836514e-009             -2.009060180806e-008
   2.423419663863e-009             -1.967735923956e-008
   2.426318491213e-009             -2.020479601172e-008
   2.429217318562e-009             -2.011759555893e-008
   2.432116145911e-009             -2.005865930624e-008
   2.435014973260e-009             -1.997508443300e-008
   2.437913800609e-009             -2.010409868350e-008
   2.440812627958e-009             -2.006908620075e-008
   2.443711455307e-009             -1.997137946006e-008
   2.446610282656e-009             -2.005204313914e-008
   2.449509110006e-009             -2.035196483121e-008
   2.452407937355e-009             -2.032759106204e-008
   2.455306764704e-009             -1.997389353223e-008
   2.458205592053e-009             -2.009478329638e-008
   2.461104419402e-009             -1.999519747554e-008
   2.464003246751e-009             -2.038774488672e-008
   2.466902074100e-009             -2.045565259191e-008
   2.469800901449e-009             -2.019063747306e-008
   2.472699728798e-009             -2.037496255175e-008
   2.475598556148e-009             -2.013096016375e-008
   2.478497383497e-009             -1.982818030982e-008
   2.481396210846e-009             -1.996881235560e-008
   2.484295038195e-009             -2.015491044984e-008
   2.487193865544e-009             -2.053980957993e-008
   2.490092692893e-009             -2.054896633534e-008
   2.492991520242e-009             -2.028845012328e-008
   2.495890347591e-009             -2.025669276931e-008
   2.498789174941e-009             -2.024330180341e-008
   2.501688002290e-009             -2.039457271783e-008
   2.504586829639e-009             -2.027585309122e-008
   2.507485656988e-009             -2.074289785855e-008
   2.510384484337e-009             -2.048508117663e-008
   2.513283311686e-009             -2.027045434105e-008
   2.516182139035e-009             -2.013585603746e-008
   2.519080966384e-009             -2.019627440339e-008
   2.521979793734e-009             -2.010131991502e-008
   2.524878621083e-009             -2.000996464513e-008
   2.527777448432e-009             -1.991082882352e-008
   2.530676275781e-009             -2.033579509684e-008
   2.533575103130e-009             -1.986591852874e-008
   2.536473930479e-009             -1.970281815503e-008
   2.539372757828e-009             -1.991964148925e-008
   2.542271585177e-009             -2.024377816372e-008
   2.545170412526e-009             -2.012836669820e-008
   2.548069239876e-009             -2.017057746282e-008
   2.550968067225e-009             -2.032970832235e-008
   2.553866894574e-009             -2.028577726434e-008
   2.556765721923e-009             -2.025701034285e-008
   2.559664549272e-009             -1.999453581231e-008
   2.562563376621e-009             -2.026976631674e-008
   2.565462203970e-009             -2.045300624913e-008
   2.568361031319e-009             -2.047782986246e-008
   2.571259858669e-009             -2.016988943851e-008
   2.574158686018e-009             -2.001472824823e-008
   2.577057513367e-009             -2.013508861976e-008
   2.579956340716e-009             -2.035529935338e-008
   2.582855168065e-009             -2.027106297198e-008
   2.585753995414e-009             -2.028381894587e-008
   2.588652822763e-009             -2.002303803749e-008
   2.591551650112e-009             -2.014181054133e-008
   2.594450477461e-009             -2.020286405433e-008
   2.597349304811e-009             -1.992943323668e-008
   2.600248132160e-009             -2.052607452434e-008
   2.603146959509e-009             -2.030054443393e-008
   2.606045786858e-009             -2.011685465738e-008
   2.608944614207e-009             -2.047362201306e-008
   2.611843441556e-009             -2.024705980865e-008
   2.614742268905e-009             -2.031822264262e-008
   2.617641096254e-009             -2.043141124843e-008
   2.620539923604e-009             -2.022152149979e-008
   2.623438750953e-009             -2.066660081564e-008
   2.626337578302e-009             -2.048127029416e-008
   2.629236405651e-009             -2.046944067981e-008
   2.632135233000e-009             -2.025171750221e-008
   2.635034060349e-009             -2.021090930236e-008
   2.637932887698e-009             -1.997347020422e-008
   2.640831715047e-009             -2.009062832421e-008
   2.643730542397e-009             -2.002287925072e-008
   2.646629369746e-009             -2.040878413373e-008
   2.649528197095e-009             -2.011770146847e-008
   2.652427024444e-009             -1.960730791298e-008
   2.655325851793e-009             -1.969427003055e-008
   2.658224679142e-009             -2.003182434214e-008
   2.661123506491e-009             -1.984689063251e-008
   2.664022333840e-009             -2.038163159609e-008
   2.666921161189e-009             -2.001549566593e-008
   2.669819988539e-009             -2.043813317000e-008
   2.672718815888e-009             -2.009166043821e-008
   2.675617643237e-009             -2.003883732109e-008
   2.678516470586e-009             -2.016803687451e-008
   2.681415297935e-009             -2.080982648204e-008
   2.684314125284e-009             -2.021143853991e-008
   2.687212952633e-009             -2.029040859681e-008
   2.690111779982e-009             -2.052199910062e-008
   2.693010607332e-009             -2.023321884352e-008
   2.695909434681e-009             -2.067041169812e-008
   2.698808262030e-009             -2.017888725209e-008
   2.701707089379e-009             -2.060088960908e-008
   2.704605916728e-009             -2.057426630898e-008
   2.707504744077e-009             -2.055473553629e-008
   2.710403571426e-009             -2.018240707718e-008
   2.713302398775e-009             -2.012233280094e-008
   2.716201226124e-009             -2.016044162570e-008
   2.719100053474e-009             -2.061197816682e-008
   2.721998880823e-009             -2.048201119571e-008
   2.724897708172e-009             -2.025298779637e-008
   2.727796535521e-009             -2.031877839632e-008
   2.730695362870e-009             -1.989780830839e-008
   2.733594190219e-009             -2.008504427112e-008
   2.736493017568e-009             -2.047383367706e-008
   2.739391844917e-009             -2.040253841740e-008
   2.742290672267e-009             -2.051151917381e-008
   2.745189499616e-009             -2.045763742654e-008
   2.748088326965e-009             -1.989262122222e-008
   2.750987154314e-009             -2.022128331964e-008
   2.753885981663e-009             -1.999715579401e-008
   2.756784809012e-009             -2.021641396207e-008
   2.759683636361e-009             -2.094320736870e-008
   2.762582463710e-009             -2.056180154755e-008
   2.765481291060e-009             -2.035201786351e-008
   2.768380118409e-009             -2.005230783544e-008
   2.771278945758e-009             -2.015843027493e-008
   2.774177773107e-009             -2.018928778551e-008
   2.777076600456e-009             -2.031451766968e-008
   2.779975427805e-009             -2.037273953698e-008
   2.782874255154e-009             -2.055039541627e-008
   2.785773082503e-009             -2.027325962567e-008
   2.788671909852e-009             -2.035548465630e-008
   2.791570737202e-009             -2.041330955667e-008
   2.794469564551e-009             -2.045290033959e-008
   2.797368391900e-009             -2.095360790212e-008
   2.800267219249e-009             -2.100460497139e-008
   2.803166046598e-009             -2.063926313015e-008
   2.806064873947e-009             -2.074305664532e-008
   2.808963701296e-009             -2.021186202298e-008
   2.811862528645e-009             -2.020042937555e-008
   2.814761355995e-009             -2.042042844516e-008
   2.817660183344e-009             -2.056852362418e-008
   2.820559010693e-009             -2.036342399479e-008
   2.823457838042e-009             -2.049331157252e-008
   2.826356665391e-009             -2.011799252586e-008
   2.829255492740e-009             -2.030551970103e-008
   2.832154320089e-009             -2.042466281071e-008
   2.835053147438e-009             -2.068406736033e-008
   2.837951974787e-009             -2.069044534727e-008
   2.840850802137e-009             -2.041775558622e-008
   2.843749629486e-009             -2.043688939199e-008
   2.846648456835e-009             -2.051480066368e-008
   2.849547284184e-009             -2.053118221712e-008
   2.852446111533e-009             -2.039417575090e-008
   2.855344938882e-009             -2.058583138210e-008
   2.858243766231e-009             -2.082319108685e-008
   2.861142593580e-009             -2.049384081006e-008
   2.864041420930e-009             -2.007257950968e-008
   2.866940248279e-009             -2.023912047016e-008
   2.869839075628e-009             -2.069608227760e-008
   2.872737902977e-009             -2.043805377661e-008
   2.875636730326e-009             -2.068750779203e-008
   2.878535557675e-009             -2.081482826529e-008
   2.881434385024e-009             -2.039645164292e-008
   2.884333212373e-009             -2.032378017957e-008
   2.887232039723e-009             -2.053515188637e-008
   2.890130867072e-009             -2.029149358805e-008
   2.893029694421e-009             -2.098015180884e-008
   2.895928521770e-009             -2.081723658298e-008
