# Atom Manipulation               
# 
# Sample                          Ag(111)
# Data set                        -
# Creation Comment                
# Gap voltage                     -2.600e+000 V
# Gap voltage range in Volt       -10;10
# Feedback loop enabled           No
# Regulator setpoint              9.901e-012 A
# Pre-amplifier range             0;3.29703e-009
# Loop gain                       7.000e+000 %
# Z-axis offset                   -2.000e-011 m
# Parameter mode                  Z before V
# Raster time                     1.000e-002 seconds
# Channel name and data unit      I(r) [A]
# Manipulation vector: start      6.517e-001, 1.091e+001 [nm]
#                      end        9.993e-001, 1.164e+001 [nm]
# 
# 
#              Position                              I(r)
# ---------------------             ---------------------
   0.0000000000000e+000             -8.7710147513069e-010
   8.1634482427487e-013             -8.8972504789749e-010
   1.6326896485497e-012             -9.4400116590611e-010
   2.4490344728246e-012             -8.6194185239051e-010
   3.2653792970995e-012             -8.8442060193242e-010
   4.0817241213744e-012             -9.3094418742685e-010
   4.8980689456492e-012             -9.2827704133747e-010
   5.7144137699241e-012             -8.5242674128630e-010
   6.5307585941990e-012             -8.9609992432511e-010
   7.3471034184738e-012             -9.2974694740326e-010
   8.1634482427487e-012             -9.1538422471005e-010
   8.9797930670236e-012             -8.4990552537243e-010
   9.7961378912985e-012             -9.2928681520480e-010
   1.0612482715573e-011             -9.2376320529912e-010
   1.1428827539848e-011             -8.8500795054617e-010
   1.2245172364123e-011             -8.6067868355475e-010
   1.3061517188398e-011             -9.4320819468943e-010
   1.3877862012673e-011             -9.0957780657658e-010
   1.4694206836948e-011             -8.7775404171315e-010
   1.5510551661223e-011             -8.8598159115017e-010
   1.6326896485497e-011             -9.5362554117373e-010
   1.7143241309772e-011             -8.8903109732890e-010
   1.7959586134047e-011             -8.6809936578331e-010
   1.8775930958322e-011             -9.0897443251125e-010
   1.9592275782597e-011             -9.4666671374917e-010
   2.0408620606872e-011             -8.6963033222797e-010
   2.1224965431147e-011             -8.8546858939333e-010
   2.2041310255422e-011             -9.3209081324638e-010
   2.2857655079696e-011             -9.3949443062590e-010
   2.3673999903971e-011             -8.6469609906609e-010
   2.4490344728246e-011             -9.1755728546230e-010
   2.5306689552521e-011             -9.6284698948581e-010
   2.6123034376796e-011             -9.1304220890231e-010
   2.6939379201071e-011             -8.4921474519639e-010
   2.7755724025346e-011             -9.2495882251160e-010
   2.8572068849621e-011             -9.3120361612058e-010
   2.9388413673895e-011             -8.8409539488583e-010
   3.0204758498170e-011             -8.7506719313095e-010
   3.1021103322445e-011             -9.5409505404944e-010
   3.1837448146720e-011             -9.2197329224464e-010
   3.2653792970995e-011             -8.7091662573815e-010
   3.3470137795270e-011             -8.9117611430854e-010
   3.4286482619545e-011             -9.5420279673147e-010
   3.5102827443819e-011             -8.8158166048427e-010
   3.5919172268094e-011             -8.7052751954474e-010
   3.6735517092369e-011             -9.1252454137163e-010
   3.7551861916644e-011             -9.4293413459568e-010
   3.8368206740919e-011             -8.7021085950801e-010
   3.9184551565194e-011             -8.7203470113638e-010
   4.0000896389469e-011             -9.2861119764227e-010
   4.0817241213744e-011             -9.2183765624930e-010
   4.1633586038018e-011             -8.5349237700988e-010
   4.2449930862293e-011             -9.0897562390332e-010
   4.3266275686568e-011             -9.4033101508293e-010
   4.4082620510843e-011             -8.9601094606817e-010
   4.4898965335118e-011             -8.5514214182509e-010
   4.5715310159393e-011             -9.2932753901233e-010
   4.6531654983668e-011             -9.3374397567841e-010
   4.7347999807943e-011             -8.7452031500038e-010
   4.8164344632217e-011             -8.6882625465791e-010
   4.8980689456492e-011             -9.4212990656631e-010
   4.9797034280767e-011             -9.1051285283283e-010
   5.0613379105042e-011             -8.5502739971465e-010
   5.1429723929317e-011             -9.0353741807836e-010
   5.2246068753592e-011             -9.5639576417131e-010
   5.3062413577867e-011             -8.9934224717731e-010
   5.3878758402141e-011             -8.6627197300821e-010
   5.4695103226416e-011             -9.2295923059409e-010
   5.5511448050691e-011             -9.4062477920480e-010
   5.6327792874966e-011             -8.6869987498060e-010
   5.7144137699241e-011             -8.8213885889512e-010
   5.7960482523516e-011             -9.4802357728058e-010
   5.8776827347791e-011             -9.1253848802828e-010
   5.9593172172066e-011             -8.5960130586397e-010
   6.0409516996340e-011             -8.9972268046634e-010
   6.1225861820615e-011             -9.5461145342310e-010
   6.2042206644890e-011             -8.9338584107290e-010
   6.2858551469165e-011             -8.6527244419150e-010
   6.3674896293440e-011             -9.2753120994309e-010
   6.4491241117715e-011             -9.4571929298250e-010
   6.5307585941990e-011             -8.6568766735719e-010
   6.6123930766264e-011             -8.8606308789480e-010
   6.6940275590539e-011             -9.4996857703417e-010
   6.7756620414814e-011             -9.1977494972279e-010
   6.8572965239089e-011             -8.5742352867301e-010
   6.9389310063364e-011             -9.2426456795379e-010
   7.0205654887639e-011             -9.6169463239490e-010
   7.1021999711914e-011             -8.9809381107132e-010
   7.1838344536189e-011             -8.5063751143990e-010
   7.2654689360463e-011             -9.3951636544355e-010
   7.3471034184738e-011             -9.3235021737532e-010
   7.4287379009013e-011             -8.8079449730394e-010
   7.5103723833288e-011             -8.7567282408589e-010
   7.5920068657563e-011             -9.6028416236156e-010
   7.6736413481838e-011             -9.1004995709607e-010
   7.7552758306113e-011             -8.6689073998190e-010
   7.8369103130388e-011             -9.0568456451780e-010
   7.9185447954662e-011             -9.5900517073370e-010
   8.0001792778937e-011             -8.8033038407502e-010
   8.0818137603212e-011             -8.6715907033957e-010
   8.1634482427487e-011             -9.2784175948957e-010
   8.2450827251762e-011             -9.4593984943936e-010
   8.3267172076037e-011             -8.6497147951704e-010
   8.4083516900312e-011             -8.9614353756547e-010
   8.4899861724586e-011             -9.3864007047637e-010
   8.5716206548861e-011             -9.2401728501092e-010
   8.6532551373136e-011             -8.5298036398563e-010
   8.7348896197411e-011             -9.2252273125404e-010
   8.8165241021686e-011             -9.5470144651271e-010
   8.8981585845961e-011             -8.9657805944033e-010
   8.9797930670236e-011             -8.6117953802544e-010
   9.0614275494511e-011             -9.4487761133260e-010
   9.1430620318785e-011             -9.3051164301718e-010
   9.2246965143060e-011             -8.7242426331361e-010
   9.3063309967335e-011             -8.7914277958832e-010
   9.3879654791610e-011             -9.5834195378166e-010
   9.4695999615885e-011             -9.0505852022657e-010
   9.5512344440160e-011             -8.6548701605263e-010
   9.6328689264435e-011             -9.0181553719577e-010
   9.7145034088710e-011             -9.7082971399374e-010
   9.7961378912984e-011             -8.8625882010118e-010
   9.8777723737259e-011             -8.8445802945287e-010
   9.9594068561534e-011             -9.2048695540831e-010
   1.0041041338581e-010             -9.4782102527578e-010
   1.0122675821008e-010             -8.6350420955972e-010
   1.0204310303436e-010             -8.8550814637357e-010
   1.0285944785863e-010             -9.3432668461841e-010
   1.0367579268291e-010             -9.1885341870415e-010
   1.0449213750718e-010             -8.4842834198909e-010
   1.0530848233146e-010             -9.1279165423714e-010
   1.0612482715573e-010             -9.2735647295133e-010
   1.0694117198001e-010             -8.9166956556717e-010
   1.0775751680428e-010             -8.5476028838443e-010
   1.0857386162856e-010             -9.4045742086032e-010
   1.0939020645283e-010             -9.2580702150601e-010
   1.1020655127711e-010             -8.7849071965455e-010
   1.1102289610138e-010             -8.7999899130852e-010
   1.1183924092566e-010             -9.5885500620338e-010
   1.1265558574993e-010             -9.0153280419763e-010
   1.1347193057421e-010             -8.7400957013315e-010
   1.1428827539848e-010             -9.1107766018581e-010
   1.1510462022276e-010             -9.6422898279221e-010
   1.1592096504703e-010             -8.8459883787073e-010
   1.1673730987131e-010             -8.8076901287486e-010
   1.1755365469558e-010             -9.3526513002678e-010
   1.1836999951986e-010             -9.4421728534869e-010
   1.1918634434413e-010             -8.4604149391354e-010
   1.2000268916841e-010             -8.8813038496549e-010
   1.2081903399268e-010             -9.4327422483134e-010
   1.2163537881696e-010             -9.2913971820200e-010
   1.2245172364123e-010             -8.5549846170711e-010
   1.2326806846551e-010             -9.1309320232524e-010
   1.2408441328978e-010             -9.5029761158131e-010
   1.2490075811406e-010             -9.0418405226526e-010
   1.2571710293833e-010             -8.7473222465294e-010
   1.2653344776260e-010             -9.3677801525442e-010
   1.2734979258688e-010             -9.2776426680488e-010
   1.2816613741115e-010             -8.6692347562843e-010
   1.2898248223543e-010             -8.8556857267392e-010
   1.2979882705970e-010             -9.6063566447513e-010
   1.3061517188398e-010             -9.2053718732291e-010
   1.3143151670825e-010             -8.8203342376757e-010
   1.3224786153253e-010             -9.2253662724582e-010
   1.3306420635680e-010             -9.5748087362815e-010
   1.3388055118108e-010             -8.8708909140848e-010
   1.3469689600535e-010             -8.8805045883180e-010
   1.3551324082963e-010             -9.6091142414494e-010
   1.3632958565390e-010             -9.3413392014510e-010
   1.3714593047818e-010             -8.8418744220559e-010
   1.3796227530245e-010             -9.0741993453792e-010
   1.3877862012673e-010             -9.5814447133435e-010
   1.3959496495100e-010             -9.0523645217566e-010
   1.4041130977528e-010             -8.5974505591482e-010
   1.4122765459955e-010             -9.2000582799523e-010
   1.4204399942383e-010             -9.5827919536205e-010
   1.4286034424810e-010             -8.8325102646257e-010
   1.4367668907238e-010             -8.8682988993902e-010
   1.4449303389665e-010             -9.4688453276781e-010
   1.4530937872093e-010             -9.2698476169625e-010
   1.4612572354520e-010             -8.6373315949654e-010
   1.4694206836948e-010             -9.0525638189274e-010
   1.4775841319375e-010             -9.6525331129463e-010
   1.4857475801803e-010             -9.3322767916978e-010
   1.4939110284230e-010             -8.7689372306798e-010
   1.5020744766658e-010             -9.4997826323593e-010
   1.5102379249085e-010             -9.4911599169035e-010
   1.5184013731513e-010             -8.8948238006359e-010
   1.5265648213940e-010             -8.8264960376234e-010
   1.5347282696368e-010             -9.4160034660912e-010
   1.5428917178795e-010             -9.2403660674957e-010
   1.5510551661223e-010             -8.7215025388473e-010
   1.5592186143650e-010             -8.9696343792763e-010
   1.5673820626077e-010             -9.5355479459311e-010
   1.5755455108505e-010             -8.8699118692281e-010
   1.5837089590932e-010             -8.6340262956811e-010
   1.5918724073360e-010             -9.1597938339012e-010
   1.6000358555787e-010             -9.5093549763418e-010
   1.6081993038215e-010             -8.7059884953900e-010
   1.6163627520642e-010             -8.9061323529118e-010
   1.6245262003070e-010             -9.3432719126710e-010
   1.6326896485497e-010             -9.2103657251240e-010
   1.6408530967925e-010             -8.5182209906394e-010
   1.6490165450352e-010             -9.0564307920193e-010
   1.6571799932780e-010             -9.5258140731346e-010
   1.6653434415207e-010             -9.0016744585653e-010
   1.6735068897635e-010             -8.4750290516964e-010
   1.6816703380062e-010             -9.2654177111178e-010
   1.6898337862490e-010             -9.3488231241831e-010
   1.6979972344917e-010             -8.9454768324140e-010
   1.7061606827345e-010             -8.8332205093232e-010
   1.7143241309772e-010             -9.6443516117339e-010
   1.7224875792200e-010             -9.0726642152035e-010
   1.7306510274627e-010             -8.6176343835751e-010
   1.7388144757055e-010             -8.8697128177052e-010
   1.7469779239482e-010             -9.6732801157738e-010
   1.7551413721910e-010             -8.8958104452229e-010
   1.7633048204337e-010             -8.6866640239052e-010
   1.7714682686765e-010             -9.0953000811098e-010
   1.7796317169192e-010             -9.4541338464507e-010
   1.7877951651620e-010             -8.6634190895093e-010
   1.7959586134047e-010             -8.8389007780742e-010
   1.8041220616475e-010             -9.3111973505651e-010
   1.8122855098902e-010             -9.2681651748422e-010
   1.8204489581330e-010             -8.5016262194689e-010
   1.8286124063757e-010             -9.2632626118293e-010
   1.8367758546185e-010             -9.4216145082076e-010
   1.8449393028612e-010             -8.9683117498433e-010
   1.8531027511040e-010             -8.4342805412052e-010
   1.8612661993467e-010             -9.4436937821463e-010
   1.8694296475895e-010             -9.4342745842449e-010
   1.8775930958322e-010             -8.9712866527702e-010
   1.8857565440749e-010             -8.8737010026578e-010
   1.8939199923177e-010             -9.6740233386951e-010
   1.9020834405604e-010             -8.9714750493176e-010
   1.9102468888032e-010             -8.5349397525620e-010
   1.9184103370459e-010             -8.9310475698596e-010
   1.9265737852887e-010             -9.8055217030643e-010
   1.9347372335314e-010             -8.8947015754778e-010
   1.9429006817742e-010             -8.6537136197454e-010
   1.9510641300169e-010             -9.2080422342347e-010
   1.9592275782597e-010             -9.6673447570842e-010
   1.9673910265024e-010             -8.5896864443380e-010
   1.9755544747452e-010             -8.8141531697247e-010
   1.9837179229879e-010             -9.3852611597434e-010
   1.9918813712307e-010             -9.3434253351059e-010
   2.0000448194734e-010             -8.4993554814552e-010
   2.0082082677162e-010             -9.0545657721349e-010
   2.0163717159589e-010             -9.4779049431870e-010
   2.0245351642017e-010             -9.1568739560926e-010
   2.0326986124444e-010             -8.6420368874022e-010
   2.0408620606872e-010             -9.4515854342494e-010
   2.0490255089299e-010             -9.4018016580923e-010
   2.0571889571727e-010             -8.8212990810160e-010
   2.0653524054154e-010             -8.7356199053979e-010
   2.0735158536582e-010             -9.5264558588471e-010
   2.0816793019009e-010             -9.0802622567146e-010
   2.0898427501437e-010             -8.7505580888843e-010
   2.0980061983864e-010             -9.1434064969864e-010
   2.1061696466292e-010             -9.6557329371852e-010
   2.1143330948719e-010             -8.8331383554706e-010
   2.1224965431147e-010             -8.5606235402185e-010
   2.1306599913574e-010             -9.2841592141971e-010
   2.1388234396002e-010             -9.4708809960529e-010
   2.1469868878429e-010             -8.6152239333471e-010
   2.1551503360857e-010             -8.8997768135759e-010
   2.1633137843284e-010             -9.5704582053981e-010
   2.1714772325712e-010             -9.2813435524886e-010
   2.1796406808139e-010             -8.4966970343703e-010
   2.1878041290566e-010             -9.2037028649755e-010
   2.1959675772994e-010             -9.7117282262736e-010
   2.2041310255421e-010             -9.0872910093348e-010
   2.2122944737849e-010             -8.6110364358708e-010
   2.2204579220276e-010             -9.4647569798150e-010
   2.2286213702704e-010             -9.4515349843223e-010
   2.2367848185131e-010             -8.7016387168032e-010
   2.2449482667559e-010             -8.7258097128853e-010
   2.2531117149986e-010             -9.4790784797284e-010
   2.2612751632414e-010             -9.3291690086374e-010
   2.2694386114841e-010             -8.7540523067177e-010
   2.2776020597269e-010             -9.0067197890376e-010
   2.2857655079696e-010             -9.4932848475655e-010
   2.2939289562124e-010             -8.8921699133892e-010
   2.3020924044551e-010             -8.7228337966610e-010
   2.3102558526979e-010             -9.2897880043707e-010
   2.3184193009406e-010             -9.4112991869517e-010
   2.3265827491834e-010             -8.7227163923420e-010
   2.3347461974261e-010             -8.8927493199009e-010
   2.3429096456689e-010             -9.5464135030166e-010
   2.3510730939116e-010             -9.1610320218860e-010
   2.3592365421544e-010             -8.6704661121883e-010
   2.3673999903971e-010             -9.1405035995854e-010
   2.3755634386399e-010             -9.4565769985487e-010
   2.3837268868826e-010             -8.8246365908746e-010
   2.3918903351254e-010             -8.6682539458337e-010
   2.4000537833681e-010             -9.5534217286884e-010
   2.4082172316109e-010             -9.5695382542022e-010
   2.4163806798536e-010             -8.8172388905376e-010
   2.4245441280964e-010             -8.9347428811637e-010
   2.4327075763391e-010             -9.5860209331885e-010
   2.4408710245819e-010             -9.2656616547852e-010
   2.4490344728246e-010             -8.5688030148361e-010
   2.4571979210674e-010             -9.1187014778328e-010
   2.4653613693101e-010             -9.5159582361809e-010
   2.4735248175529e-010             -9.0531150834074e-010
   2.4816882657956e-010             -8.6764400068843e-010
   2.4898517140384e-010             -9.4258205060376e-010
   2.4980151622811e-010             -9.4165093317780e-010
   2.5061786105239e-010             -8.8180804954226e-010
   2.5143420587666e-010             -8.8172812340857e-010
   2.5225055070094e-010             -9.5527190683682e-010
   2.5306689552521e-010             -9.1712413460949e-010
   2.5388324034949e-010             -8.8000538122320e-010
   2.5469958517376e-010             -9.1255192650094e-010
   2.5551592999803e-010             -9.5252184385118e-010
   2.5633227482231e-010             -8.8857674706670e-010
   2.5714861964658e-010             -8.8518228068368e-010
   2.5796496447086e-010             -9.3029811055351e-010
   2.5878130929513e-010             -9.4140250950772e-010
   2.5959765411941e-010             -8.5540785910376e-010
   2.6041399894368e-010             -9.0196828870500e-010
   2.6123034376796e-010             -9.4094770326170e-010
   2.6204668859223e-010             -9.2238349498241e-010
   2.6286303341651e-010             -8.6753052673501e-010
   2.6367937824078e-010             -9.3860629543238e-010
   2.6449572306506e-010             -9.4921729379283e-010
   2.6531206788933e-010             -8.9912397217485e-010
   2.6612841271361e-010             -8.6069019522709e-010
   2.6694475753788e-010             -9.5014653354805e-010
   2.6776110236216e-010             -9.3592555734043e-010
   2.6857744718643e-010             -8.8315299454708e-010
   2.6939379201071e-010             -8.9130147915317e-010
   2.7021013683498e-010             -9.7181306689958e-010
   2.7102648165926e-010             -9.1204019290112e-010
   2.7184282648353e-010             -8.8027721052742e-010
   2.7265917130781e-010             -9.0595362874841e-010
   2.7347551613208e-010             -9.6389500304680e-010
   2.7429186095636e-010             -8.9554825299088e-010
   2.7510820578063e-010             -8.9243418595143e-010
   2.7592455060491e-010             -9.3927024779266e-010
   2.7674089542918e-010             -9.3819954097629e-010
   2.7755724025346e-010             -8.6475896035075e-010
   2.7837358507773e-010             -9.0524961122390e-010
   2.7918992990201e-010             -9.3770406005230e-010
   2.8000627472628e-010             -9.2357267161534e-010
   2.8082261955056e-010             -8.6955481700847e-010
   2.8163896437483e-010             -9.3201187738058e-010
   2.8245530919911e-010             -9.3556568784699e-010
   2.8327165402338e-010             -8.8369977288321e-010
   2.8408799884766e-010             -8.7596861633782e-010
   2.8490434367193e-010             -9.5354964673536e-010
   2.8572068849621e-010             -9.2287856905215e-010
   2.8653703332048e-010             -8.7625692861274e-010
   2.8735337814476e-010             -9.0369681282663e-010
   2.8816972296903e-010             -9.6902194848181e-010
   2.8898606779331e-010             -9.0678818507539e-010
   2.8980241261758e-010             -8.6684598447905e-010
   2.9061875744186e-010             -9.1976886379733e-010
   2.9143510226613e-010             -9.6181023580812e-010
   2.9225144709041e-010             -8.8209869393644e-010
   2.9306779191468e-010             -8.8610660134072e-010
   2.9388413673895e-010             -9.3980039116349e-010
   2.9470048156323e-010             -9.4062665534025e-010
   2.9551682638750e-010             -8.6611199484631e-010
   2.9633317121178e-010             -8.9968127345073e-010
   2.9714951603605e-010             -9.5035098778838e-010
   2.9796586086033e-010             -9.1519237220439e-010
   2.9878220568460e-010             -8.7093539016325e-010
   2.9959855050888e-010             -9.3015004938289e-010
   3.0041489533315e-010             -9.5450677980388e-010
   3.0123124015743e-010             -9.0840054847024e-010
   3.0204758498170e-010             -8.9595122907598e-010
   3.0286392980598e-010             -9.5394225187533e-010
   3.0368027463025e-010             -9.1634627687675e-010
   3.0449661945453e-010             -8.7539087869617e-010
   3.0531296427880e-010             -8.9747162191603e-010
   3.0612930910308e-010             -9.6008954631759e-010
   3.0694565392735e-010             -9.0152438615289e-010
   3.0776199875163e-010             -8.8258103884168e-010
   3.0857834357590e-010             -9.3815985656622e-010
   3.0939468840018e-010             -9.5147385485498e-010
   3.1021103322445e-010             -8.8124527185464e-010
   3.1102737804873e-010             -8.8558802184239e-010
   3.1184372287300e-010             -9.5112007128701e-010
   3.1266006769728e-010             -9.2756440157344e-010
   3.1347641252155e-010             -8.6417498478902e-010
   3.1429275734583e-010             -9.1593594670916e-010
   3.1510910217010e-010             -9.6748811716911e-010
   3.1592544699438e-010             -9.1209473593547e-010
   3.1674179181865e-010             -8.6107392633850e-010
   3.1755813664293e-010             -9.3430637414716e-010
   3.1837448146720e-010             -9.5441868894979e-010
   3.1919082629148e-010             -8.8183911171281e-010
   3.2000717111575e-010             -8.7970040941820e-010
   3.2082351594003e-010             -9.5032228383719e-010
   3.2163986076430e-010             -9.3931870490155e-010
   3.2245620558858e-010             -8.7547191945698e-010
   3.2327255041285e-010             -9.1271867533169e-010
   3.2408889523713e-010             -9.5300520205380e-010
   3.2490524006140e-010             -9.0943694749385e-010
   3.2572158488568e-010             -8.6505399109434e-010
   3.2653792970995e-010             -9.3011254663279e-010
   3.2735427453423e-010             -9.5230709236006e-010
   3.2817061935850e-010             -8.9822959906126e-010
   3.2898696418278e-010             -8.9561856815246e-010
   3.2980330900705e-010             -9.5250604562387e-010
   3.3061965383133e-010             -9.1962792948494e-010
   3.3143599865560e-010             -8.9278665069751e-010
   3.3225234347987e-010             -9.2414954795422e-010
   3.3306868830415e-010             -9.6879266999100e-010
   3.3388503312842e-010             -8.8330919587330e-010
   3.3470137795270e-010             -8.7776715163182e-010
   3.3551772277697e-010             -9.4138534179365e-010
   3.3633406760125e-010             -9.5567559376540e-010
   3.3715041242552e-010             -8.6284662254934e-010
   3.3796675724980e-010             -8.9530987017665e-010
   3.3878310207407e-010             -9.4536807029336e-010
   3.3959944689835e-010             -9.3146885285064e-010
   3.4041579172262e-010             -8.6846874338382e-010
   3.4123213654690e-010             -9.2790363050633e-010
   3.4204848137117e-010             -9.6532994114124e-010
   3.4286482619545e-010             -9.0439345170387e-010
   3.4368117101972e-010             -8.5210698608666e-010
   3.4449751584400e-010             -9.5103170254379e-010
   3.4531386066827e-010             -9.5288163657967e-010
   3.4613020549255e-010             -9.0226719914932e-010
   3.4694655031682e-010             -8.7868629986632e-010
   3.4776289514110e-010             -9.5887633150730e-010
   3.4857923996537e-010             -9.2564029724004e-010
   3.4939558478965e-010             -8.8425157011196e-010
   3.5021192961392e-010             -9.0228091858171e-010
   3.5102827443820e-010             -9.5504214626211e-010
   3.5184461926247e-010             -8.9141814806393e-010
   3.5266096408675e-010             -8.8598448058300e-010
   3.5347730891102e-010             -9.3014652587155e-010
   3.5429365373530e-010             -9.4747674981488e-010
   3.5510999855957e-010             -8.7512414504953e-010
   3.5592634338385e-010             -9.0395256601441e-010
   3.5674268820812e-010             -9.3796052408355e-010
   3.5755903303240e-010             -9.3026365076614e-010
   3.5837537785667e-010             -8.6357163528848e-010
   3.5919172268095e-010             -9.2954132480035e-010
   3.6000806750522e-010             -9.4722553650642e-010
   3.6082441232950e-010             -8.9627859014716e-010
   3.6164075715377e-010             -8.8443044012879e-010
   3.6245710197805e-010             -9.6460987206506e-010
   3.6327344680232e-010             -9.4175124654769e-010
   3.6408979162660e-010             -8.7556584291219e-010
   3.6490613645087e-010             -8.7624285452627e-010
   3.6572248127515e-010             -9.7270411762602e-010
   3.6653882609942e-010             -9.1507362449871e-010
   3.6735517092370e-010             -8.7145026805554e-010
   3.6817151574797e-010             -9.0803314833491e-010
   3.6898786057225e-010             -9.7245954755658e-010
   3.6980420539652e-010             -8.9409067077062e-010
   3.7062055022079e-010             -8.7575761865290e-010
   3.7143689504507e-010             -9.1925091837751e-010
   3.7225323986934e-010             -9.5143653019956e-010
   3.7306958469362e-010             -8.7441657791359e-010
   3.7388592951789e-010             -8.9995546097431e-010
   3.7470227434217e-010             -9.4941015959587e-010
   3.7551861916644e-010             -9.1581669081948e-010
   3.7633496399072e-010             -8.6026272344551e-010
   3.7715130881499e-010             -9.1333581949428e-010
   3.7796765363927e-010             -9.3001137196013e-010
   3.7878399846354e-010             -9.0352418072988e-010
   3.7960034328782e-010             -8.7159429753082e-010
   3.8041668811209e-010             -9.4559172191312e-010
   3.8123303293637e-010             -9.1831964895694e-010
   3.8204937776064e-010             -8.7324791594668e-010
   3.8286572258492e-010             -8.9261604826612e-010
   3.8368206740919e-010             -9.6021280780251e-010
   3.8449841223347e-010             -9.0281169449575e-010
   3.8531475705774e-010             -8.8029914380977e-010
   3.8613110188202e-010             -9.3078768211142e-010
   3.8694744670629e-010             -9.6922947178496e-010
   3.8776379153057e-010             -8.8235472501335e-010
   3.8858013635484e-010             -8.8429505745780e-010
   3.8939648117912e-010             -9.4459089730400e-010
   3.9021282600339e-010             -9.5240071182606e-010
   3.9102917082767e-010             -8.6738753819248e-010
   3.9184551565194e-010             -9.0544595294401e-010
   3.9266186047622e-010             -9.4535605197233e-010
   3.9347820530049e-010             -9.1715151973880e-010
   3.9429455012477e-010             -8.6116541480940e-010
   3.9511089494904e-010             -9.2135657950109e-010
   3.9592723977332e-010             -9.5624123632106e-010
   3.9674358459759e-010             -9.0246100455539e-010
   3.9755992942187e-010             -8.7178138293291e-010
   3.9837627424614e-010             -9.2814302815324e-010
   3.9919261907042e-010             -9.2441838496058e-010
   4.0000896389469e-010             -8.8152508778456e-010
   4.0082530871897e-010             -8.9968860143314e-010
   4.0164165354324e-010             -9.5709235084838e-010
   4.0245799836752e-010             -9.0502740739114e-010
   4.0327434319179e-010             -8.8103204338018e-010
   4.0409068801607e-010             -9.2123904928755e-010
   4.0490703284034e-010             -9.4762252799579e-010
   4.0572337766462e-010             -8.8654031104238e-010
   4.0653972248889e-010             -8.8728413887148e-010
   4.0735606731317e-010             -9.5623692673660e-010
   4.0817241213744e-010             -9.2556250210144e-010
   4.0898875696172e-010             -8.7699063882105e-010
   4.0980510178599e-010             -8.9946137563717e-010
   4.1062144661026e-010             -9.6076600061811e-010
   4.1143779143454e-010             -9.1118471812447e-010
   4.1225413625881e-010             -8.7667308984616e-010
   4.1307048108309e-010             -9.3617393188093e-010
   4.1388682590736e-010             -9.6208827693233e-010
   4.1470317073164e-010             -8.8384342160433e-010
   4.1551951555591e-010             -8.7839509815858e-010
   4.1633586038019e-010             -9.4486478083836e-010
   4.1715220520446e-010             -9.4766540736320e-010
   4.1796855002874e-010             -8.8079936573725e-010
   4.1878489485301e-010             -9.0182131913202e-010
   4.1960123967729e-010             -9.5089870419224e-010
   4.2041758450156e-010             -9.2446471260967e-010
   4.2123392932584e-010             -8.6797037302701e-010
   4.2205027415011e-010             -9.2557442062803e-010
   4.2286661897439e-010             -9.4726405408920e-010
   4.2368296379866e-010             -9.1537694739252e-010
   4.2449930862294e-010             -9.0517054792828e-010
   4.2531565344721e-010             -9.5631241432072e-010
   4.2613199827149e-010             -9.4190278210007e-010
   4.2694834309576e-010             -9.0064821861553e-010
   4.2776468792004e-010             -9.1892936380738e-010
   4.2858103274431e-010             -9.7640246575170e-010
   4.2939737756859e-010             -9.1675280257328e-010
   4.3021372239286e-010             -9.0596838757826e-010
   4.3103006721714e-010             -9.4583996748851e-010
   4.3184641204141e-010             -9.6341149131428e-010
   4.3266275686569e-010             -8.9201328217922e-010
   4.3347910168996e-010             -9.1662355802793e-010
   4.3429544651424e-010             -9.7140126591549e-010
   4.3511179133851e-010             -9.5272738815385e-010
   4.3592813616279e-010             -8.7734295157252e-010
   4.3674448098706e-010             -9.3108613657191e-010
   4.3756082581134e-010             -9.7172806967310e-010
   4.3837717063561e-010             -9.2142326982159e-010
   4.3919351545989e-010             -8.8589971211607e-010
   4.4000986028416e-010             -9.6291066140837e-010
   4.4082620510844e-010             -9.6761766723898e-010
   4.4164254993271e-010             -9.1309665060693e-010
   4.4245889475699e-010             -8.8278034522428e-010
   4.4327523958126e-010             -9.6945213313684e-010
   4.4409158440554e-010             -9.3227899024609e-010
   4.4490792922981e-010             -8.9474937394343e-010
   4.4572427405409e-010             -9.2579779128807e-010
   4.4654061887836e-010             -9.9148398782876e-010
   4.4735696370264e-010             -9.3169584988706e-010
   4.4817330852691e-010             -9.0799457855196e-010
   4.4898965335118e-010             -9.4902130672681e-010
   4.4980599817546e-010             -9.8460911976853e-010
   4.5062234299973e-010             -9.0646546367797e-010
   4.5143868782401e-010             -9.2608209643244e-010
   4.5225503264828e-010             -9.5708768507454e-010
   4.5307137747256e-010             -9.4339708099731e-010
   4.5388772229683e-010             -8.8133600035250e-010
   4.5470406712111e-010             -9.5121604897236e-010
   4.5552041194538e-010             -9.6739427047886e-010
   4.5633675676966e-010             -9.2524906158683e-010
   4.5715310159393e-010             -8.9152908570331e-010
   4.5796944641821e-010             -9.8095180097488e-010
   4.5878579124248e-010             -9.6473769799409e-010
   4.5960213606676e-010             -8.9793601303407e-010
   4.6041848089103e-010             -9.0008594911190e-010
   4.6123482571531e-010             -9.8697431245086e-010
   4.6205117053958e-010             -9.4189925705343e-010
   4.6286751536386e-010             -9.0217885497089e-010
   4.6368386018813e-010             -9.4436222679161e-010
   4.6450020501241e-010             -1.0041404252072e-009
   4.6531654983668e-010             -9.1238429026732e-010
   4.6613289466096e-010             -9.0958259978024e-010
   4.6694923948523e-010             -9.7196711113063e-010
   4.6776558430951e-010             -1.0024095428662e-009
   4.6858192913378e-010             -9.0370873135322e-010
   4.6939827395806e-010             -9.1292389108036e-010
   4.7021461878233e-010             -9.6836316854406e-010
   4.7103096360661e-010             -9.5912759548063e-010
   4.7184730843088e-010             -9.1149648362780e-010
   4.7266365325516e-010             -9.5502827483511e-010
   4.7347999807943e-010             -9.8715665531415e-010
   4.7429634290371e-010             -9.2708692663681e-010
   4.7511268772798e-010             -8.9875170360622e-010
   4.7592903255226e-010             -9.7181504436477e-010
   4.7674537737653e-010             -9.5193086886105e-010
   4.7756172220081e-010             -9.0696005566380e-010
   4.7837806702508e-010             -9.1561712957724e-010
   4.7919441184936e-010             -9.8579900570962e-010
   4.8001075667363e-010             -9.4053075441986e-010
   4.8082710149790e-010             -8.9263331577463e-010
   4.8164344632218e-010             -9.3922516220051e-010
   4.8245979114645e-010             -9.7925061131770e-010
   4.8327613597073e-010             -9.0707540575267e-010
   4.8409248079500e-010             -8.9938195615217e-010
   4.8490882561928e-010             -9.6764272024901e-010
   4.8572517044355e-010             -9.7393401806648e-010
   4.8654151526783e-010             -8.9022615722783e-010
   4.8735786009210e-010             -9.1518390195949e-010
   4.8817420491638e-010             -9.8124427083965e-010
   4.8899054974065e-010             -9.4186073947065e-010
   4.8980689456493e-010             -8.7383402250349e-010
   4.9062323938920e-010             -9.3605946919492e-010
   4.9143958421348e-010             -9.8782471613472e-010
   4.9225592903775e-010             -9.2513442234143e-010
   4.9307227386203e-010             -8.9315367161396e-010
   4.9388861868630e-010             -9.6420745329352e-010
   4.9470496351058e-010             -9.7733586463207e-010
   4.9552130833485e-010             -9.0366326500690e-010
   4.9633765315913e-010             -9.1253757452534e-010
   4.9715399798340e-010             -9.7099907436820e-010
   4.9797034280768e-010             -9.4067531510862e-010
   4.9878668763195e-010             -8.8837178464237e-010
   4.9960303245623e-010             -9.3400764026224e-010
   5.0041937728050e-010             -9.8309750116261e-010
   5.0123572210478e-010             -9.1688245397289e-010
   5.0205206692905e-010             -8.9939990993936e-010
   5.0286841175333e-010             -9.6016047099290e-010
   5.0368475657760e-010             -9.5421481658780e-010
   5.0450110140188e-010             -8.9875548197720e-010
   5.0531744622615e-010             -9.1828516460479e-010
   5.0613379105042e-010             -9.8150336944408e-010
   5.0695013587470e-010             -9.2718985155040e-010
   5.0776648069897e-010             -8.7808300103065e-010
   5.0858282552325e-010             -9.4766340379793e-010
   5.0939917034752e-010             -9.9116542555650e-010
   5.1021551517180e-010             -9.0632607541174e-010
   5.1103185999607e-010             -8.9012133007870e-010
   5.1184820482035e-010             -9.6537649754989e-010
   5.1266454964462e-010             -9.8255860965774e-010
   5.1348089446890e-010             -8.9391098858060e-010
   5.1429723929317e-010             -9.1089199340006e-010
   5.1511358411745e-010             -9.8233731779263e-010
   5.1592992894172e-010             -9.4800199865231e-010
   5.1674627376600e-010             -8.7608074536927e-010
   5.1756261859027e-010             -9.4723562802713e-010
   5.1837896341455e-010             -9.7721556934493e-010
   5.1919530823882e-010             -9.3159962041266e-010
   5.2001165306310e-010             -8.8110514818016e-010
   5.2082799788737e-010             -9.5472956705027e-010
   5.2164434271165e-010             -9.5740411788702e-010
   5.2246068753592e-010             -9.0869311966474e-010
   5.2327703236020e-010             -9.1928847179249e-010
   5.2409337718447e-010             -9.8201419107626e-010
   5.2490972200875e-010             -9.2404969210345e-010
   5.2572606683302e-010             -8.9506839219951e-010
   5.2654241165730e-010             -9.3448057839014e-010
   5.2735875648157e-010             -9.8009229296761e-010
   5.2817510130585e-010             -9.0872529799771e-010
   5.2899144613012e-010             -9.1196571861438e-010
   5.2980779095440e-010             -9.5503098924385e-010
   5.3062413577867e-010             -9.5932971760170e-010
   5.3144048060295e-010             -8.7902887575116e-010
   5.3225682542722e-010             -9.3139470865321e-010
   5.3307317025149e-010             -9.8313358376108e-010
   5.3388951507577e-010             -9.3214408965901e-010
   5.3470585990004e-010             -8.7796569804137e-010
   5.3552220472432e-010             -9.5290537076781e-010
   5.3633854954859e-010             -9.8182908313936e-010
   5.3715489437287e-010             -9.1536857847735e-010
   5.3797123919714e-010             -8.7909163417078e-010
   5.3878758402142e-010             -9.7374439788565e-010
   5.3960392884569e-010             -9.6263827479059e-010
   5.4042027366997e-010             -9.0023826920210e-010
   5.4123661849424e-010             -9.1394347857928e-010
   5.4205296331852e-010             -9.8468531819610e-010
   5.4286930814279e-010             -9.3250015468138e-010
   5.4368565296707e-010             -8.9269105376633e-010
   5.4450199779134e-010             -9.4966330123995e-010
   5.4531834261562e-010             -9.9750865486462e-010
   5.4613468743989e-010             -9.1539702910420e-010
   5.4695103226417e-010             -9.0269135007904e-010
   5.4776737708844e-010             -9.6710862194781e-010
   5.4858372191272e-010             -9.6678328900669e-010
   5.4940006673699e-010             -9.0941316264083e-010
   5.5021641156127e-010             -9.5420381156415e-010
   5.5103275638554e-010             -9.8637608470798e-010
   5.5184910120982e-010             -9.4334935929667e-010
   5.5266544603409e-010             -8.8237201862195e-010
   5.5348179085837e-010             -9.5815235816562e-010
   5.5429813568264e-010             -9.6036221235980e-010
   5.5511448050692e-010             -9.0530882156739e-010
   5.5593082533119e-010             -8.9960971469691e-010
   5.5674717015547e-010             -9.7672833144159e-010
   5.5756351497974e-010             -9.5153334308760e-010
   5.5837985980401e-010             -8.9013578338404e-010
   5.5919620462829e-010             -9.2446435795559e-010
   5.6001254945256e-010             -9.8901977603364e-010
   5.6082889427684e-010             -9.1292777078108e-010
   5.6164523910111e-010             -8.8470612303365e-010
   5.6246158392539e-010             -9.4254401356959e-010
   5.6327792874966e-010             -9.9010186862784e-010
   5.6409427357394e-010             -9.0140049058946e-010
   5.6491061839821e-010             -9.0091203519397e-010
   5.6572696322249e-010             -9.6089897440488e-010
   5.6654330804676e-010             -9.5903009784921e-010
   5.6735965287104e-010             -8.9360333000225e-010
   5.6817599769531e-010             -9.2976008188671e-010
   5.6899234251959e-010             -9.7543653388428e-010
   5.6980868734386e-010             -9.2842010664494e-010
   5.7062503216814e-010             -8.8280765512393e-010
   5.7144137699241e-010             -9.5874472720730e-010
   5.7225772181669e-010             -9.7176430426618e-010
   5.7307406664096e-010             -9.0764939112342e-010
   5.7389041146524e-010             -8.9654441029086e-010
   5.7470675628951e-010             -9.6913121264521e-010
   5.7552310111379e-010             -9.4769223517895e-010
   5.7633944593806e-010             -8.9309681948982e-010
   5.7715579076234e-010             -9.3153954876639e-010
   5.7797213558661e-010             -9.8354850447286e-010
   5.7878848041089e-010             -9.1228932741465e-010
   5.7960482523516e-010             -8.9138520975793e-010
   5.8042117005944e-010             -9.6397784471341e-010
   5.8123751488371e-010             -9.7644534511911e-010
   5.8205385970799e-010             -9.0268067360939e-010
   5.8287020453226e-010             -8.9859144601988e-010
   5.8368654935653e-010             -9.8349391077364e-010
   5.8450289418081e-010             -9.6920571303203e-010
   5.8531923900508e-010             -8.9942978071784e-010
   5.8613558382936e-010             -9.4746227040946e-010
   5.8695192865363e-010             -9.9586903377028e-010
   5.8776827347791e-010             -9.2699259786265e-010
   5.8858461830218e-010             -8.7925376789257e-010
   5.8940096312646e-010             -9.5514342226451e-010
   5.9021730795073e-010             -9.8876764922224e-010
   5.9103365277501e-010             -9.0261122128588e-010
   5.9184999759928e-010             -9.0876794860556e-010
   5.9266634242356e-010             -9.7657279029396e-010
   5.9348268724783e-010             -9.5950011890891e-010
   5.9429903207211e-010             -8.9791745126846e-010
   5.9511537689638e-010             -9.3328227286901e-010
   5.9593172172066e-010             -9.7286757016969e-010
   5.9674806654493e-010             -9.1822412879071e-010
   5.9756441136921e-010             -8.9191228406594e-010
   5.9838075619348e-010             -9.6629019240214e-010
   5.9919710101776e-010             -9.7240244364339e-010
   6.0001344584203e-010             -9.0289458836253e-010
   6.0082979066631e-010             -9.0400368533186e-010
   6.0164613549058e-010             -9.7674843925336e-010
   6.0246248031486e-010             -9.3498906483246e-010
   6.0327882513913e-010             -8.9520833931460e-010
   6.0409516996341e-010             -9.4668393212811e-010
   6.0491151478768e-010             -1.0033486714827e-009
   6.0572785961196e-010             -9.1855831119560e-010
   6.0654420443623e-010             -9.0346692482209e-010
   6.0736054926051e-010             -9.7180672764977e-010
   6.0817689408478e-010             -9.8298131433575e-010
   6.0899323890906e-010             -9.0932441160815e-010
   6.0980958373333e-010             -9.2639518229297e-010
   6.1062592855760e-010             -9.9627218795008e-010
   6.1144227338188e-010             -9.6780832835257e-010
   6.1225861820615e-010             -8.9200666350497e-010
   6.1307496303043e-010             -9.5888789384451e-010
   6.1389130785470e-010             -9.8330897939613e-010
   6.1470765267898e-010             -9.2747316642688e-010
   6.1552399750325e-010             -8.8631181708938e-010
   6.1634034232753e-010             -9.7746569259106e-010
   6.1715668715180e-010             -9.6558252393646e-010
   6.1797303197608e-010             -9.0653902599707e-010
   6.1878937680035e-010             -9.0442707475325e-010
   6.1960572162463e-010             -9.7886807313366e-010
   6.2042206644890e-010             -9.3683854288451e-010
   6.2123841127318e-010             -8.9523154075398e-010
   6.2205475609745e-010             -9.3316737876396e-010
   6.2287110092173e-010             -9.8206952018373e-010
   6.2368744574600e-010             -8.9597037425525e-010
   6.2450379057028e-010             -9.0148995093031e-010
   6.2532013539455e-010             -9.5250006102814e-010
   6.2613648021883e-010             -9.6863449119959e-010
   6.2695282504310e-010             -8.8503312945074e-010
   6.2776916986738e-010             -9.2607654325575e-010
   6.2858551469165e-010             -9.6845511453408e-010
   6.2940185951593e-010             -9.4275909361471e-010
   6.3021820434020e-010             -8.8598884236762e-010
   6.3103454916448e-010             -9.6706414586938e-010
   6.3185089398875e-010             -9.8136601084320e-010
   6.3266723881303e-010             -9.2209761922710e-010
   6.3348358363730e-010             -8.8538171603139e-010
   6.3429992846158e-010             -9.8633416950838e-010
   6.3511627328585e-010             -9.6466679941886e-010
   6.3593261811012e-010             -9.1185506039943e-010
   6.3674896293440e-010             -9.1521258134590e-010
   6.3756530775867e-010             -9.9967215684492e-010
   6.3838165258295e-010             -9.3178492947373e-010
   6.3919799740722e-010             -9.0783929226398e-010
   6.4001434223150e-010             -9.3456212579964e-010
   6.4083068705577e-010             -9.8366763293272e-010
   6.4164703188005e-010             -8.9498978488771e-010
   6.4246337670432e-010             -8.9967417269259e-010
   6.4327972152860e-010             -9.5340178822423e-010
   6.4409606635287e-010             -9.7337578025817e-010
   6.4491241117715e-010             -8.9048845232490e-010
   6.4572875600142e-010             -9.2426920916285e-010
   6.4654510082570e-010             -9.6638196029747e-010
   6.4736144564997e-010             -9.4094640900459e-010
   6.4817779047425e-010             -8.8615409581709e-010
   6.4899413529852e-010             -9.6215785668567e-010
   6.4981048012280e-010             -9.6572282570563e-010
   6.5062682494707e-010             -9.1512284311593e-010
   6.5144316977135e-010             -8.8893971018774e-010
   6.5225951459562e-010             -9.8008240410637e-010
   6.5307585941990e-010             -9.5668939932806e-010
   6.5389220424417e-010             -9.0118480256591e-010
   6.5470854906845e-010             -9.0659367036116e-010
   6.5552489389272e-010             -9.7061965591185e-010
   6.5634123871700e-010             -9.1061613240051e-010
   6.5715758354127e-010             -8.8360676293094e-010
   6.5797392836555e-010             -9.3398294190628e-010
   6.5879027318982e-010             -9.8162001379006e-010
   6.5960661801410e-010             -8.8495404159033e-010
   6.6042296283837e-010             -8.9192800552830e-010
   6.6123930766265e-010             -9.5202676978145e-010
   6.6205565248692e-010             -9.6349111345875e-010
   6.6287199731119e-010             -8.8452674636813e-010
   6.6368834213547e-010             -9.1830116395628e-010
   6.6450468695974e-010             -9.6055254338410e-010
   6.6532103178402e-010             -9.2925656367215e-010
   6.6613737660829e-010             -8.7314760257678e-010
   6.6695372143257e-010             -9.5278948793017e-010
   6.6777006625684e-010             -9.7549267516496e-010
   6.6858641108112e-010             -9.1866237683639e-010
   6.6940275590539e-010             -8.8856062028538e-010
   6.7021910072967e-010             -9.7509281727224e-010
   6.7103544555394e-010             -9.5544730247188e-010
   6.7185179037822e-010             -8.9898199692971e-010
   6.7266813520249e-010             -9.0363684404540e-010
   6.7348448002677e-010             -9.6625730476101e-010
   6.7430082485104e-010             -9.0684442768580e-010
   6.7511716967532e-010             -8.9213352526619e-010
   6.7593351449959e-010             -9.4086797978748e-010
   6.7674985932387e-010             -9.7096920358971e-010
   6.7756620414814e-010             -8.9098352639463e-010
   6.7838254897242e-010             -8.8779947274760e-010
   6.7919889379669e-010             -9.5243801191668e-010
   6.8001523862097e-010             -9.4363673196857e-010
   6.8083158344524e-010             -8.8028783479691e-010
   6.8164792826952e-010             -9.3000082292030e-010
   6.8246427309379e-010             -9.8194448389310e-010
   6.8328061791807e-010             -9.3278577864764e-010
   6.8409696274234e-010             -8.8345368133241e-010
   6.8491330756662e-010             -9.5454735008150e-010
   6.8572965239089e-010             -9.6073476035287e-010
   6.8654599721517e-010             -9.0094352878356e-010
   6.8736234203944e-010             -8.9329014281198e-010
   6.8817868686371e-010             -9.6137546060891e-010
   6.8899503168799e-010             -9.4160734450222e-010
   6.8981137651226e-010             -8.7569377017095e-010
   6.9062772133654e-010             -9.1481736466224e-010
   6.9144406616081e-010             -9.6153072233211e-010
   6.9226041098509e-010             -9.1514708395276e-010
   6.9307675580936e-010             -8.7497086079152e-010
   6.9389310063364e-010             -9.3961426839392e-010
   6.9470944545791e-010             -9.6058530513071e-010
   6.9552579028219e-010             -8.9937853397056e-010
   6.9634213510646e-010             -8.9461690834065e-010
   6.9715847993074e-010             -9.5907447259791e-010
   6.9797482475501e-010             -9.3203905985041e-010
   6.9879116957929e-010             -8.8713681310912e-010
   6.9960751440356e-010             -9.2204059054357e-010
   7.0042385922784e-010             -9.7130805176844e-010
   7.0124020405211e-010             -9.0174096157929e-010
   7.0205654887639e-010             -8.8527399791414e-010
   7.0287289370066e-010             -9.4825932398633e-010
   7.0368923852494e-010             -9.7565914457128e-010
   7.0450558334921e-010             -9.0008156122719e-010
   7.0532192817349e-010             -9.1216436788897e-010
   7.0613827299776e-010             -9.6393810963847e-010
   7.0695461782204e-010             -9.4059239821236e-010
   7.0777096264631e-010             -8.7884853491784e-010
   7.0858730747059e-010             -9.3020981703995e-010
   7.0940365229486e-010             -9.6430928814477e-010
   7.1021999711914e-010             -9.1685227920519e-010
   7.1103634194341e-010             -8.7786713491241e-010
   7.1185268676769e-010             -9.5351021564964e-010
   7.1266903159196e-010             -9.5280622422521e-010
   7.1348537641624e-010             -8.9888812567467e-010
   7.1430172124051e-010             -8.8989496712080e-010
   7.1511806606478e-010             -9.7347926248532e-010
   7.1593441088906e-010             -9.3327730310596e-010
   7.1675075571333e-010             -8.9447285430058e-010
   7.1756710053761e-010             -9.2010423912958e-010
   7.1838344536188e-010             -9.7104522545790e-010
   7.1919979018616e-010             -9.0920538601333e-010
   7.2001613501043e-010             -8.9718957366127e-010
   7.2083247983471e-010             -9.5097447120078e-010
   7.2164882465898e-010             -9.6694899843998e-010
   7.2246516948326e-010             -8.9127695889191e-010
   7.2328151430753e-010             -9.1111295671117e-010
   7.2409785913181e-010             -9.5851709609237e-010
   7.2491420395608e-010             -9.5057458720798e-010
   7.2573054878036e-010             -8.9268212907290e-010
   7.2654689360463e-010             -9.5830736656447e-010
   7.2736323842891e-010             -9.7021979801913e-010
   7.2817958325318e-010             -9.2743399020080e-010
   7.2899592807746e-010             -8.9928554858308e-010
   7.2981227290173e-010             -9.6958135465270e-010
   7.3062861772601e-010             -9.6807097810372e-010
   7.3144496255028e-010             -9.2012908794485e-010
   7.3226130737456e-010             -9.2440114201685e-010
   7.3307765219883e-010             -9.9281455629320e-010
   7.3389399702311e-010             -9.3706097701212e-010
   7.3471034184738e-010             -9.1298396272662e-010
   7.3552668667166e-010             -9.3871735896628e-010
   7.3634303149593e-010             -9.9262480868255e-010
   7.3715937632021e-010             -9.0922876554740e-010
   7.3797572114448e-010             -9.1408269028612e-010
   7.3879206596876e-010             -9.6730511412722e-010
   7.3960841079303e-010             -9.7876114108953e-010
   7.4042475561730e-010             -8.9623479881211e-010
   7.4124110044158e-010             -9.3308933030102e-010
   7.4205744526585e-010             -9.7056508677741e-010
   7.4287379009013e-010             -9.4911898398821e-010
   7.4369013491440e-010             -8.8075732310783e-010
   7.4450647973868e-010             -9.4961423461734e-010
   7.4532282456295e-010             -9.5857201988089e-010
   7.4613916938723e-010             -9.0959692565575e-010
   7.4695551421150e-010             -8.7319537647759e-010
   7.4777185903578e-010             -9.8502198625017e-010
   7.4858820386005e-010             -9.5543809835402e-010
   7.4940454868433e-010             -9.0843008915942e-010
   7.5022089350860e-010             -9.0959038374646e-010
   7.5103723833288e-010             -9.8020662822380e-010
   7.5185358315715e-010             -9.2515075178221e-010
   7.5266992798143e-010             -8.9819465718998e-010
   7.5348627280570e-010             -9.4688065306709e-010
   7.5430261762998e-010             -9.8745954832423e-010
   7.5511896245425e-010             -9.0019315904516e-010
   7.5593530727853e-010             -8.9337075368905e-010
   7.5675165210280e-010             -9.5073920657894e-010
   7.5756799692708e-010             -9.5201061690005e-010
   7.5838434175135e-010             -8.7617241193486e-010
   7.5920068657563e-010             -9.1912699824930e-010
   7.6001703139990e-010             -9.6347427583398e-010
   7.6083337622418e-010             -9.3062752585482e-010
   7.6164972104845e-010             -8.7103286322988e-010
   7.6246606587273e-010             -9.4673474745636e-010
   7.6328241069700e-010             -9.5989675574421e-010
   7.6409875552128e-010             -8.8413028762753e-010
   7.6491510034555e-010             -8.8209149184856e-010
   7.6573144516982e-010             -9.6699661881088e-010
   7.6654778999410e-010             -9.4867383784386e-010
   7.6736413481837e-010             -8.8535230123673e-010
   7.6818047964265e-010             -9.0234808945082e-010
   7.6899682446692e-010             -9.7740833535353e-010
   7.6981316929120e-010             -9.2665090938066e-010
   7.7062951411547e-010             -8.8183272179813e-010
   7.7144585893975e-010             -9.4567646427996e-010
   7.7226220376402e-010             -9.6694516940413e-010
   7.7307854858830e-010             -8.8836014707551e-010
   7.7389489341257e-010             -8.9417237171003e-010
   7.7471123823685e-010             -9.8001213807436e-010
   7.7552758306112e-010             -9.7047093609794e-010
   7.7634392788540e-010             -9.0035861361881e-010
   7.7716027270967e-010             -9.2143655629965e-010
   7.7797661753395e-010             -9.8139192515601e-010
   7.7879296235822e-010             -9.2914892231986e-010
   7.7960930718250e-010             -9.0026786055616e-010
   7.8042565200677e-010             -9.5232007638420e-010
   7.8124199683105e-010             -9.6541909749287e-010
   7.8205834165532e-010             -9.0006530701606e-010
   7.8287468647960e-010             -8.9410170035906e-010
   7.8369103130387e-010             -9.6892944671353e-010
   7.8450737612815e-010             -9.5063607900588e-010
   7.8532372095242e-010             -8.7202567357792e-010
   7.8614006577670e-010             -9.1936680121516e-010
   7.8695641060097e-010             -9.7627694737716e-010
   7.8777275542525e-010             -9.3170918856528e-010
   7.8858910024952e-010             -8.8296793881035e-010
   7.8940544507380e-010             -9.5296506165991e-010
   7.9022178989807e-010             -9.6146164922746e-010
   7.9103813472235e-010             -8.9934676095655e-010
   7.9185447954662e-010             -8.9202203031325e-010
   7.9267082437089e-010             -9.8429283895066e-010
   7.9348716919517e-010             -9.5861221093965e-010
   7.9430351401944e-010             -8.8443038946392e-010
   7.9511985884372e-010             -9.0812405339217e-010
   7.9593620366799e-010             -9.7295852742712e-010
   7.9675254849227e-010             -9.2387667925254e-010
   7.9756889331654e-010             -9.0862625278484e-010
   7.9838523814082e-010             -9.5193654793227e-010
   7.9920158296509e-010             -9.8555506971870e-010
   8.0001792778937e-010             -8.9133555972167e-010
   8.0083427261364e-010             -9.0714861188239e-010
   8.0165061743792e-010             -9.5976763709338e-010
   8.0246696226219e-010             -9.5206267582053e-010
   8.0328330708647e-010             -8.7707956641312e-010
   8.0409965191074e-010             -9.2822226954355e-010
   8.0491599673502e-010             -9.6477248787075e-010
   8.0573234155929e-010             -9.2399469154998e-010
   8.0654868638357e-010             -8.7389181116006e-010
   8.0736503120784e-010             -9.5931993007020e-010
   8.0818137603212e-010             -9.5912455251790e-010
   8.0899772085639e-010             -9.0036000920565e-010
   8.0981406568067e-010             -8.7920526011881e-010
   8.1063041050494e-010             -9.7796152816913e-010
   8.1144675532922e-010             -9.2757743626244e-010
   8.1226310015349e-010             -8.9292236192250e-010
   8.1307944497777e-010             -9.0840328590846e-010
   8.1389578980204e-010             -9.9308141583437e-010
   8.1471213462632e-010             -9.0776393057439e-010
   8.1552847945059e-010             -8.9065885209681e-010
