# Atom Manipulation               
# 
# Sample                          Ag(111)
# Data set                        -
# Creation Comment                
# Gap voltage                     -1.000e-003 V
# Gap voltage range in Volt       -10;10
# Feedback loop enabled           No
# Regulator setpoint              1.000e-009 A
# Pre-amplifier range             0;3.33e-007
# Loop gain                       7.000e+000 %
# Z-axis offset                   -4.000e-010 m
# Parameter mode                  V before Z
# Raster time                     1.000e-003 seconds
# Channel name and data unit      I(r) [A]
# Manipulation vector: start      -1.147e+000, -3.824e+000 [nm]
#                      end        -9.814e-001, -8.412e-001 [nm]
# 
# 
#             Position                            I(r)
# --------------------             -------------------
   0.000000000000e+000             -3.57889500535e-009
   2.986982829895e-012             -3.54856673231e-009
   5.973965659791e-012             -3.62081471259e-009
   8.960948489686e-012             -3.59694366481e-009
   1.194793131958e-011             -3.66564545892e-009
   1.493491414948e-011             -3.67062072602e-009
   1.792189697937e-011             -3.77766952504e-009
   2.090887980927e-011             -3.87754640326e-009
   2.389586263916e-011             -3.95389632340e-009
   2.688284546906e-011             -4.04638961683e-009
   2.986982829895e-011             -4.10572299152e-009
   3.285681112885e-011             -4.07663849649e-009
   3.584379395874e-011             -4.11532959109e-009
   3.883077678864e-011             -4.29049791437e-009
   4.181775961853e-011             -4.41154631022e-009
   4.480474244843e-011             -4.56795127851e-009
   4.779172527832e-011             -4.53235652592e-009
   5.077870810822e-011             -4.60206391788e-009
   5.376569093812e-011             -4.77387120284e-009
   5.675267376801e-011             -4.86395633364e-009
   5.973965659791e-011             -4.95599962784e-009
   6.272663942780e-011             -7.42783327389e-009
   6.571362225770e-011             -2.00342325048e-008
   6.870060508759e-011             -1.98746254400e-008
   7.168758791749e-011             -1.94748532308e-008
   7.467457074738e-011             -1.96223926561e-008
   7.766155357728e-011             -2.00698801346e-008
   8.064853640717e-011             -1.99921540108e-008
   8.363551923707e-011             -2.01153196669e-008
   8.662250206696e-011             -1.99626461877e-008
   8.960948489686e-011             -2.00379111166e-008
   9.259646772675e-011             -2.01646229590e-008
   9.558345055665e-011             -1.99729938439e-008
   9.857043338655e-011             -1.98450117074e-008
   1.015574162164e-010             -2.02582012436e-008
   1.045443990463e-010             -2.04794177302e-008
   1.075313818762e-010             -1.98409361286e-008
   1.105183647061e-010             -1.99038156895e-008
   1.135053475360e-010             -1.95739096590e-008
   1.164923303659e-010             -1.97885099784e-008
   1.194793131958e-010             -1.96364187691e-008
   1.224662960257e-010             -1.98582173704e-008
   1.254532788556e-010             -1.99577237979e-008
   1.284402616855e-010             -2.00387050505e-008
   1.314272445154e-010             -1.94882441967e-008
   1.344142273453e-010             -1.97085873560e-008
   1.374012101752e-010             -1.99475085674e-008
   1.403881930051e-010             -2.00337826606e-008
   1.433751758350e-010             -2.00345500783e-008
   1.463621586649e-010             -2.00806512739e-008
   1.493491414948e-010             -2.01880440075e-008
   1.523361243247e-010             -2.01869059840e-008
   1.553231071546e-010             -1.97560380840e-008
   1.583100899845e-010             -2.01952422894e-008
   1.612970728143e-010             -2.04215134364e-008
   1.642840556442e-010             -2.00995997767e-008
   1.672710384741e-010             -1.98636426367e-008
   1.702580213040e-010             -1.99040273535e-008
   1.732450041339e-010             -2.01166958706e-008
   1.762319869638e-010             -1.99018573710e-008
   1.792189697937e-010             -1.99321591279e-008
   1.822059526236e-010             -1.99228172246e-008
   1.851929354535e-010             -1.98440853479e-008
   1.881799182834e-010             -1.98415183985e-008
   1.911669011133e-010             -1.94798284979e-008
   1.941538839432e-010             -1.97412180372e-008
   1.971408667731e-010             -1.99188739165e-008
   2.001278496030e-010             -2.02058016096e-008
   2.031148324329e-010             -1.99528014080e-008
   2.061018152628e-010             -2.00754376715e-008
   2.090887980927e-010             -2.00260021089e-008
   2.120757809226e-010             -1.96841607096e-008
   2.150627637525e-010             -2.02484358573e-008
   2.180497465824e-010             -1.99049537130e-008
   2.210367294123e-010             -2.04452785746e-008
   2.240237122421e-010             -2.05047707361e-008
   2.270106950720e-010             -2.01028020283e-008
   2.299976779019e-010             -1.99774133573e-008
   2.329846607318e-010             -1.99968647366e-008
   2.359716435617e-010             -2.02411581820e-008
   2.389586263916e-010             -2.00851236645e-008
   2.419456092215e-010             -1.98481609267e-008
   2.449325920514e-010             -2.01287636651e-008
   2.479195748813e-010             -2.00365349129e-008
   2.509065577112e-010             -1.97479664749e-008
   2.538935405411e-010             -1.96270503497e-008
   2.568805233710e-010             -2.00770520554e-008
   2.598675062009e-010             -2.01493000357e-008
   2.628544890308e-010             -2.02882384593e-008
   2.658414718607e-010             -2.05611135232e-008
   2.688284546906e-010             -2.04860602583e-008
   2.718154375205e-010             -2.03437079192e-008
   2.748024203504e-010             -1.98898424538e-008
   2.777894031803e-010             -2.02306517391e-008
   2.807763860102e-010             -2.03671820000e-008
   2.837633688401e-010             -2.02195103041e-008
   2.867503516699e-010             -2.03350276791e-008
   2.897373344998e-010             -2.00224559227e-008
   2.927243173297e-010             -2.01600975360e-008
   2.957113001596e-010             -1.99025982726e-008
   2.986982829895e-010             -2.02531465831e-008
   3.016852658194e-010             -1.99759048830e-008
   3.046722486493e-010             -2.03962134628e-008
   3.076592314792e-010             -1.97991223309e-008
   3.106462143091e-010             -1.95915880228e-008
   3.136331971390e-010             -1.91517486703e-008
   3.166201799689e-010             -2.01677986944e-008
   3.196071627988e-010             -1.96692082371e-008
   3.225941456287e-010             -1.98359343454e-008
   3.255811284586e-010             -1.99830768038e-008
   3.285681112885e-010             -2.01666871870e-008
   3.315550941184e-010             -2.00226147095e-008
   3.345420769483e-010             -2.00745114671e-008
   3.375290597782e-010             -2.03987011738e-008
   3.405160426081e-010             -2.02856449937e-008
   3.435030254380e-010             -2.01576892183e-008
   3.464900082679e-010             -2.04512330785e-008
   3.494769910978e-010             -1.98525540790e-008
   3.524639739276e-010             -1.98068234893e-008
   3.554509567575e-010             -1.98648335375e-008
   3.584379395874e-010             -1.99696856828e-008
   3.614249224173e-010             -1.99233464622e-008
   3.644119052472e-010             -1.98873547427e-008
   3.673988880771e-010             -1.98875135294e-008
   3.703858709070e-010             -1.96726221526e-008
   3.733728537369e-010             -1.96806937617e-008
   3.763598365668e-010             -2.01430808355e-008
   3.793468193967e-010             -2.06182767604e-008
   3.823338022266e-010             -2.04756597249e-008
   3.853207850565e-010             -2.00054127060e-008
   3.883077678864e-010             -2.05412651770e-008
   3.912947507163e-010             -2.02196160586e-008
   3.942817335462e-010             -2.02184516739e-008
   3.972687163761e-010             -2.01735415342e-008
   4.002556992060e-010             -2.02531730993e-008
   4.032426820359e-010             -2.07059535735e-008
   4.062296648658e-010             -2.03551935989e-008
   4.092166476957e-010             -2.00671807595e-008
   4.122036305256e-010             -2.00739557134e-008
   4.151906133554e-010             -1.98750487680e-008
   4.181775961853e-010             -2.01002084076e-008
   4.211645790152e-010             -1.97846727349e-008
   4.241515618451e-010             -2.02624090930e-008
   4.271385446750e-010             -2.00978531222e-008
   4.301255275049e-010             -1.95649382065e-008
   4.331125103348e-010             -1.96675674921e-008
   4.360994931647e-010             -1.99829180170e-008
   4.390864759946e-010             -2.03915557692e-008
   4.420734588245e-010             -1.99013016173e-008
   4.450604416544e-010             -1.98451968553e-008
   4.480474244843e-010             -2.03640591419e-008
   4.510344073142e-010             -2.02068602397e-008
   4.540213901441e-010             -2.00175335329e-008
   4.570083729740e-010             -2.02268408566e-008
   4.599953558039e-010             -2.00606441409e-008
   4.629823386338e-010             -2.06339437734e-008
   4.659693214637e-010             -1.99699768953e-008
   4.689563042936e-010             -1.99377960582e-008
   4.719432871235e-010             -2.01710538231e-008
   4.749302699534e-010             -2.01994501388e-008
   4.779172527832e-010             -2.02262057095e-008
   4.809042356131e-010             -1.97681058785e-008
   4.838912184430e-010             -2.01230208253e-008
   4.868782012729e-010             -2.02968394610e-008
   4.898651841028e-010             -2.00863675976e-008
   4.928521669327e-010             -1.98267247127e-008
   4.958391497626e-010             -1.98662891346e-008
   4.988261325925e-010             -2.01763466638e-008
   5.018131154224e-010             -2.01206655399e-008
   5.048000982523e-010             -2.03543731489e-008
   5.077870810822e-010             -2.01553868102e-008
   5.107740639121e-010             -2.02503678147e-008
   5.137610467420e-010             -1.99700032564e-008
   5.167480295719e-010             -2.03849661183e-008
   5.197350124018e-010             -2.02295667478e-008
   5.227219952317e-010             -2.06344995271e-008
   5.257089780616e-010             -2.01498292732e-008
   5.286959608915e-010             -1.95559667540e-008
   5.316829437214e-010             -1.97248895160e-008
   5.346699265513e-010             -1.96978163718e-008
   5.376569093812e-010             -1.97063643412e-008
   5.406438922110e-010             -1.99210440540e-008
   5.436308750409e-010             -2.02978185427e-008
   5.466178578708e-010             -2.00584211261e-008
   5.496048407007e-010             -1.97073435780e-008
   5.525918235306e-010             -1.97729753912e-008
   5.555788063605e-010             -1.96726486688e-008
   5.585657891904e-010             -2.02772292949e-008
   5.615527720203e-010             -1.99183446789e-008
   5.645397548502e-010             -2.00367730931e-008
   5.675267376801e-010             -2.01413341810e-008
   5.705137205100e-010             -2.02243796616e-008
   5.735007033399e-010             -1.99871522275e-008
   5.764876861698e-010             -2.00671543984e-008
   5.794746689997e-010             -2.02383000202e-008
   5.824616518296e-010             -2.05223430352e-008
   5.854486346595e-010             -2.00505875421e-008
   5.884356174894e-010             -1.98747577106e-008
   5.914226003193e-010             -1.98567088961e-008
   5.944095831492e-010             -1.99759048830e-008
   5.973965659791e-010             -1.99758520058e-008
   6.003835488090e-010             -2.02124442928e-008
   6.033705316389e-010             -2.03917939494e-008
   6.063575144687e-010             -2.02399937974e-008
   6.093444972986e-010             -1.97788505016e-008
   6.123314801285e-010             -1.96445697716e-008
   6.153184629584e-010             -2.00083767774e-008
   6.183054457883e-010             -2.00585005195e-008
   6.212924286182e-010             -2.02618004621e-008
   6.242794114481e-010             -2.02246443580e-008
   6.272663942780e-010             -2.05721492037e-008
   6.302533771079e-010             -2.01273609453e-008
   6.332403599378e-010             -1.99847704260e-008
   6.362273427677e-010             -2.01952159283e-008
   6.392143255976e-010             -2.05969728171e-008
   6.422013084275e-010             -2.06355051249e-008
   6.451882912574e-010             -2.02339068678e-008
   6.481752740873e-010             -2.01402491898e-008
   6.511622569172e-010             -2.00940157236e-008
   6.541492397471e-010             -2.00316390392e-008
   6.571362225770e-010             -1.97089578068e-008
   6.601232054069e-010             -2.01164576905e-008
   6.631101882368e-010             -2.01370734544e-008
   6.660971710667e-010             -2.00581035525e-008
   6.690841538965e-010             -1.95152644637e-008
   6.720711367264e-010             -1.94861005753e-008
   6.750581195563e-010             -1.97912358697e-008
   6.780451023862e-010             -1.99962295895e-008
   6.810320852161e-010             -1.99470850843e-008
   6.840190680460e-010             -2.01980740902e-008
   6.870060508759e-010             -2.03291525687e-008
   6.899930337058e-010             -2.02820457752e-008
   6.929800165357e-010             -2.00835888291e-008
   6.959669993656e-010             -2.01987092372e-008
   6.989539821955e-010             -2.00763903922e-008
   7.019409650254e-010             -2.06655158244e-008
   7.049279478553e-010             -2.03628417249e-008
   7.079149306852e-010             -1.96758244042e-008
   7.109019135151e-010             -1.99457353967e-008
   7.138888963450e-010             -2.00263725597e-008
   7.168758791749e-010             -1.99574856177e-008
   7.198628620048e-010             -2.01103178837e-008
   7.228498448347e-010             -2.01848947883e-008
   7.258368276646e-010             -1.99702150754e-008
   7.288238104945e-010             -2.00190948844e-008
   7.318107933243e-010             -1.95131473585e-008
   7.347977761542e-010             -2.01105295477e-008
   7.377847589841e-010             -2.03288613562e-008
   7.407717418140e-010             -1.99123372978e-008
   7.437587246439e-010             -2.01491941261e-008
   7.467457074738e-010             -2.05359193041e-008
   7.497326903037e-010             -2.01039398967e-008
   7.527196731336e-010             -2.00422512366e-008
   7.557066559635e-010             -2.00622583696e-008
   7.586936387934e-010             -2.02842687900e-008
   7.616806216233e-010             -2.00945714773e-008
   7.646676044532e-010             -2.02643410504e-008
   7.676545872831e-010             -1.96856426677e-008
   7.706415701130e-010             -1.98192352184e-008
   7.736285529429e-010             -1.99187151297e-008
   7.766155357728e-010             -1.99250137233e-008
   7.796025186027e-010             -2.01095768271e-008
   7.825895014326e-010             -2.00698801346e-008
   7.855764842625e-010             -1.98177003830e-008
   7.885634670924e-010             -1.96680173363e-008
   7.915504499223e-010             -1.98467053296e-008
   7.945374327522e-010             -1.97311085611e-008
   7.975244155820e-010             -2.00338620540e-008
   8.005113984119e-010             -2.02882384593e-008
   8.034983812418e-010             -2.00370643055e-008
   8.064853640717e-010             -1.99227113151e-008
   8.094723469016e-010             -2.00408751880e-008
   8.124593297315e-010             -1.99560300206e-008
   8.154463125614e-010             -2.01500674534e-008
   8.184332953913e-010             -2.03818961373e-008
   8.214202782212e-010             -2.05909919521e-008
   8.244072610511e-010             -2.01867471972e-008
   8.273942438810e-010             -1.99465558467e-008
   8.303812267109e-010             -2.01071156321e-008
   8.333682095408e-010             -1.97732664485e-008
   8.363551923707e-010             -1.99276337050e-008
   8.393421752006e-010             -1.98870636853e-008
   8.423291580305e-010             -2.01434778024e-008
   8.453161408604e-010             -1.98727463598e-008
   8.483031236903e-010             -1.98264071392e-008
   8.512901065202e-010             -1.95930964971e-008
   8.542770893501e-010             -1.98653627750e-008
   8.572640721800e-010             -2.01707627657e-008
   8.602510550098e-010             -1.97310822001e-008
   8.632380378397e-010             -1.98204526353e-008
   8.662250206696e-010             -2.02483564639e-008
   8.692120034995e-010             -2.00041954442e-008
   8.721989863294e-010             -1.97441290763e-008
   8.751859691593e-010             -1.97392066864e-008
   8.781729519892e-010             -2.00549278171e-008
   8.811599348191e-010             -2.00592414210e-008
   8.841469176490e-010             -2.00915281676e-008
   8.871339004789e-010             -1.98716613686e-008
   8.901208833088e-010             -2.00185126146e-008
   8.931078661387e-010             -1.97397624401e-008
   8.960948489686e-010             -1.98218023229e-008
   8.990818317985e-010             -1.96819376948e-008
   9.020688146284e-010             -2.01571334646e-008
   9.050557974583e-010             -1.99701091659e-008
   9.080427802882e-010             -1.98718201554e-008
   9.110297631181e-010             -1.96039733908e-008
   9.140167459480e-010             -1.97049087441e-008
   9.170037287779e-010             -2.01411225170e-008
   9.199907116078e-010             -2.03059697003e-008
   9.229776944376e-010             -1.99807478795e-008
   9.259646772675e-010             -2.01885468840e-008
   9.289516600974e-010             -2.00452418242e-008
   9.319386429273e-010             -1.99235052490e-008
   9.349256257572e-010             -2.04092339779e-008
   9.379126085871e-010             -2.02606889547e-008
   9.408995914170e-010             -2.04239217541e-008
   9.438865742469e-010             -2.02494150940e-008
   9.468735570768e-010             -1.98391100808e-008
   9.498605399067e-010             -2.00312420723e-008
   9.528475227366e-010             -2.00748025245e-008
   9.558345055665e-010             -1.98497753105e-008
   9.588214883964e-010             -1.99427449643e-008
   9.618084712263e-010             -2.01597534463e-008
   9.647954540562e-010             -1.99267338616e-008
   9.677824368861e-010             -1.97373012452e-008
   9.707694197160e-010             -1.96678320334e-008
   9.737564025459e-010             -1.96049789887e-008
   9.767433853758e-010             -2.00527576796e-008
   9.797303682057e-010             -2.00129022004e-008
   9.827173510356e-010             -2.01806339066e-008
   9.857043338654e-010             -1.97802530664e-008
   9.886913166953e-010             -1.98236283707e-008
   9.916782995252e-010             -1.96818583014e-008
   9.946652823551e-010             -2.01243970290e-008
   9.976522651850e-010             -1.98293975717e-008
   1.000639248015e-009             -2.01369675449e-008
   1.003626230845e-009             -2.01463359643e-008
   1.006613213675e-009             -1.97395242600e-008
   1.009600196505e-009             -2.01155578471e-008
   1.012587179335e-009             -2.00509845090e-008
   1.015574162164e-009             -1.99130253221e-008
   1.018561144994e-009             -1.99765400301e-008
   1.021548127824e-009             -1.98370723689e-008
   1.024535110654e-009             -2.01083859263e-008
   1.027522093484e-009             -1.98176738669e-008
   1.030509076314e-009             -1.98463348788e-008
   1.033496059144e-009             -1.99657690459e-008
   1.036483041974e-009             -2.01974918203e-008
   1.039470024804e-009             -1.99696328056e-008
   1.042457007633e-009             -2.02203836313e-008
   1.045443990463e-009             -1.98821678116e-008
   1.048430973293e-009             -2.01193687296e-008
   1.051417956123e-009             -2.00902842345e-008
   1.054404938953e-009             -1.98957440804e-008
   1.057391921783e-009             -2.02513734125e-008
   1.060378904613e-009             -2.04898182636e-008
   1.063365887443e-009             -2.02431165005e-008
   1.066352870273e-009             -1.99436711687e-008
   1.069339853103e-009             -1.99037362961e-008
   1.072326835932e-009             -1.98158478190e-008
   1.075313818762e-009             -1.96929203430e-008
   1.078300801592e-009             -1.99576972817e-008
   1.081287784422e-009             -1.97882717983e-008
   1.084274767252e-009             -1.96549703050e-008
   1.087261750082e-009             -1.98446411016e-008
   1.090248732912e-009             -1.92666308983e-008
   1.093235715742e-009             -1.93291134922e-008
   1.096222698572e-009             -1.98102108887e-008
   1.099209681401e-009             -1.95120887283e-008
   1.102196664231e-009             -1.95513884538e-008
   1.105183647061e-009             -1.97020242212e-008
   1.108170629891e-009             -1.98365694925e-008
   1.111157612721e-009             -1.96466076385e-008
   1.114144595551e-009             -1.97102546171e-008
   1.117131578381e-009             -1.98298475709e-008
   1.120118561211e-009             -1.98950030238e-008
   1.123105544041e-009             -2.00907342337e-008
   1.126092526871e-009             -1.96875746251e-008
   1.129079509700e-009             -1.98360137388e-008
   1.132066492530e-009             -1.98889691265e-008
   1.135053475360e-009             -2.00653812278e-008
   1.138040458190e-009             -2.01111118175e-008
   1.141027441020e-009             -1.98902129045e-008
   1.144014423850e-009             -1.96845046442e-008
   1.147001406680e-009             -1.96767506086e-008
   1.149988389510e-009             -1.97435204453e-008
   1.152975372340e-009             -1.95837280777e-008
   1.155962355169e-009             -2.01755527299e-008
   1.158949337999e-009             -1.99723321807e-008
   1.161936320829e-009             -2.00527311635e-008
   1.164923303659e-009             -1.99806419699e-008
   1.167910286489e-009             -1.98901071501e-008
   1.170897269319e-009             -1.98012923134e-008
   1.173884252149e-009             -1.99233993394e-008
   1.176871234979e-009             -2.00657253175e-008
   1.179858217809e-009             -2.02203305990e-008
   1.182845200639e-009             -2.02097449177e-008
   1.185832183468e-009             -1.96422673634e-008
   1.188819166298e-009             -1.97816557863e-008
   1.191806149128e-009             -1.97537621920e-008
   1.194793131958e-009             -1.98223845927e-008
   1.197780114788e-009             -1.99409983098e-008
   1.200767097618e-009             -1.95576605313e-008
   1.203754080448e-009             -1.99922864364e-008
   1.206741063278e-009             -1.96228953775e-008
   1.209728046108e-009             -1.98830940160e-008
   1.212715028937e-009             -1.99427184481e-008
   1.215702011767e-009             -1.99940330909e-008
   1.218688994597e-009             -1.99117815441e-008
   1.221675977427e-009             -1.97355017135e-008
   1.224662960257e-009             -1.98883604956e-008
   1.227649943087e-009             -1.97940146382e-008
   1.230636925917e-009             -1.98169858425e-008
   1.233623908747e-009             -1.96122303028e-008
   1.236610891577e-009             -1.97793003458e-008
   1.239597874407e-009             -2.00957360170e-008
   1.242584857236e-009             -2.00274311898e-008
   1.245571840066e-009             -1.98898689699e-008
   1.248558822896e-009             -1.98852905147e-008
   1.251545805726e-009             -1.94297312720e-008
   1.254532788556e-009             -1.97335962722e-008
   1.257519771386e-009             -1.96809584580e-008
   1.260506754216e-009             -1.99911749291e-008
   1.263493737046e-009             -1.97482311712e-008
   1.266480719876e-009             -2.00039307479e-008
   1.269467702706e-009             -1.95533998046e-008
   1.272454685535e-009             -1.96188463149e-008
   1.275441668365e-009             -2.00894374234e-008
   1.278428651195e-009             -1.96319727395e-008
   1.281415634025e-009             -1.99273690087e-008
   1.284402616855e-009             -1.97697467785e-008
   1.287389599685e-009             -2.02303078044e-008
   1.290376582515e-009             -1.98508868179e-008
   1.293363565345e-009             -1.99599202965e-008
   1.296350548175e-009             -1.97677354277e-008
   1.299337531004e-009             -2.04219634356e-008
   1.302324513834e-009             -2.00546102436e-008
   1.305311496664e-009             -1.95588514320e-008
   1.308298479494e-009             -1.97629189474e-008
   1.311285462324e-009             -1.97300500861e-008
   1.314272445154e-009             -1.94347330552e-008
   1.317259427984e-009             -1.99187416459e-008
   1.320246410814e-009             -1.96641535766e-008
   1.323233393644e-009             -1.98755781606e-008
   1.326220376474e-009             -1.97887217975e-008
   1.329207359303e-009             -1.94554812449e-008
   1.332194342133e-009             -1.94113914001e-008
   1.335181324963e-009             -1.97726578176e-008
   1.338168307793e-009             -1.98101314953e-008
   1.341155290623e-009             -1.98767954225e-008
   1.344142273453e-009             -1.98297151452e-008
   1.347129256283e-009             -1.99347791096e-008
   1.350116239113e-009             -1.98936268201e-008
   1.353103221943e-009             -1.99557918405e-008
   1.356090204772e-009             -2.01774846873e-008
   1.359077187602e-009             -2.01436896215e-008
   1.362064170432e-009             -2.00720767883e-008
   1.365051153262e-009             -1.98790714696e-008
   1.368038136092e-009             -1.95575546217e-008
   1.371025118922e-009             -1.97482311712e-008
   1.374012101752e-009             -1.96695786878e-008
   1.376999084582e-009             -1.95590367349e-008
   1.379986067412e-009             -1.99123372978e-008
   1.382973050242e-009             -2.01963537968e-008
   1.385960033071e-009             -1.97407151607e-008
   1.388947015901e-009             -1.97866045372e-008
   1.391933998731e-009             -1.95545907054e-008
   1.394920981561e-009             -1.96370804323e-008
   1.397907964391e-009             -2.00317184326e-008
   1.400894947221e-009             -1.98737255966e-008
   1.403881930051e-009             -1.99516899006e-008
   1.406868912881e-009             -1.98825382623e-008
   1.409855895711e-009             -1.99231347982e-008
   1.412842878540e-009             -1.98122751167e-008
   1.415829861370e-009             -2.02755883949e-008
   1.418816844200e-009             -1.99736553521e-008
   1.421803827030e-009             -2.01547516631e-008
   1.424790809860e-009             -2.01618441905e-008
   1.427777792690e-009             -1.96600779978e-008
   1.430764775520e-009             -1.96846634310e-008
   1.433751758350e-009             -1.97340197553e-008
   1.436738741180e-009             -1.97766803641e-008
   1.439725724010e-009             -1.98471288127e-008
   1.442712706839e-009             -1.98575822233e-008
   1.445699689669e-009             -1.98351932888e-008
   1.448686672499e-009             -2.00680277257e-008
   1.451673655329e-009             -1.95999243282e-008
   1.454660638159e-009             -1.96874952317e-008
   1.457647620989e-009             -2.03433109523e-008
   1.460634603819e-009             -2.01272021585e-008
   1.463621586649e-009             -1.99975527609e-008
   1.466608569479e-009             -1.99999875948e-008
   1.469595552308e-009             -2.00739028361e-008
   1.472582535138e-009             -2.03463015398e-008
   1.475569517968e-009             -1.97501100963e-008
   1.478556500798e-009             -2.00385197476e-008
   1.481543483628e-009             -2.01920665540e-008
   1.484530466458e-009             -2.01870384097e-008
   1.487517449288e-009             -1.96380066368e-008
   1.490504432118e-009             -1.97895420924e-008
   1.493491414948e-009             -2.00471207493e-008
   1.496478397778e-009             -1.97853872753e-008
   1.499465380607e-009             -2.00518578362e-008
   1.502452363437e-009             -1.99513458109e-008
   1.505439346267e-009             -1.98870636853e-008
   1.508426329097e-009             -1.96604220875e-008
   1.511413311927e-009             -1.98671888229e-008
   1.514400294757e-009             -1.99256223542e-008
   1.517387277587e-009             -2.00841974600e-008
   1.520374260417e-009             -1.98880957993e-008
   1.523361243247e-009             -1.99923658298e-008
   1.526348226076e-009             -2.00634229093e-008
   1.529335208906e-009             -2.01471564143e-008
   1.532322191736e-009             -1.96379537596e-008
   1.535309174566e-009             -2.00653547117e-008
   1.538296157396e-009             -2.00575741599e-008
   1.541283140226e-009             -2.02309693126e-008
   1.544270123056e-009             -1.98307208981e-008
   1.547257105886e-009             -1.96075989704e-008
   1.550244088716e-009             -1.96739453240e-008
   1.553231071546e-009             -1.95335514584e-008
   1.556218054375e-009             -1.97299970538e-008
   1.559205037205e-009             -1.97646919630e-008
   1.562192020035e-009             -1.99596292391e-008
   1.565179002865e-009             -1.99424802680e-008
   1.568165985695e-009             -1.93677250384e-008
   1.571152968525e-009             -1.92954770581e-008
   1.574139951355e-009             -1.98209289956e-008
   1.577126934185e-009             -1.99806419699e-008
   1.580113917015e-009             -2.00379905100e-008
   1.583100899845e-009             -2.01087300160e-008
   1.586087882674e-009             -1.99391722619e-008
   1.589074865504e-009             -1.99698444696e-008
   1.592061848334e-009             -1.99018837321e-008
   1.595048831164e-009             -1.99434858658e-008
   1.598035813994e-009             -2.01089153189e-008
   1.601022796824e-009             -2.02325308192e-008
   1.604009779654e-009             -1.97828730481e-008
   1.606996762484e-009             -1.95751535921e-008
   1.609983745314e-009             -1.96780209028e-008
   1.612970728143e-009             -1.96123096962e-008
   1.615957710973e-009             -1.97448436167e-008
   1.618944693803e-009             -1.97598226054e-008
   1.621931676633e-009             -2.01457538495e-008
   1.624918659463e-009             -1.96066727659e-008
   1.627905642293e-009             -1.97355017135e-008
   1.630892625123e-009             -1.94479917505e-008
   1.633879607953e-009             -1.97209727240e-008
   1.636866590783e-009             -2.02715658484e-008
   1.639853573613e-009             -1.96253302114e-008
   1.642840556442e-009             -1.94539992867e-008
   1.645827539272e-009             -1.99171272620e-008
   1.648814522102e-009             -1.95377327916e-008
   1.651801504932e-009             -1.95153173409e-008
   1.654788487762e-009             -1.99002958644e-008
   1.657775470592e-009             -2.01382378390e-008
   1.660762453422e-009             -1.99231082820e-008
   1.663749436252e-009             -2.02299637147e-008
   1.666736419082e-009             -1.95658115337e-008
   1.669723401911e-009             -1.99464764533e-008
   1.672710384741e-009             -1.99143484935e-008
   1.675697367571e-009             -1.97619397106e-008
   1.678684350401e-009             -1.99611642296e-008
   1.681671333231e-009             -1.99210969313e-008
   1.684658316061e-009             -1.98575558622e-008
   1.687645298891e-009             -1.95534791980e-008
   1.690632281721e-009             -1.96022530974e-008
   1.693619264551e-009             -1.97612780474e-008
   1.696606247381e-009             -2.02862536246e-008
   1.699593230210e-009             -2.00385462637e-008
   1.702580213040e-009             -2.00327240305e-008
   1.705567195870e-009             -1.96985572733e-008
   1.708554178700e-009             -2.04348515251e-008
   1.711541161530e-009             -1.95276233156e-008
   1.714528144360e-009             -2.02262057095e-008
   1.717515127190e-009             -2.01062159438e-008
   1.720502110020e-009             -2.00912634713e-008
   1.723489092850e-009             -2.01570277102e-008
   1.726476075679e-009             -1.98414653662e-008
   1.729463058509e-009             -2.00430982028e-008
   1.732450041339e-009             -1.96400443486e-008
   1.735437024169e-009             -1.99973410969e-008
   1.738424006999e-009             -1.98924359193e-008
   1.741410989829e-009             -1.99044243204e-008
   1.744397972659e-009             -1.97397360790e-008
   1.747384955489e-009             -1.97100429531e-008
   1.750371938319e-009             -1.93307013599e-008
   1.753358921149e-009             -1.96875481090e-008
   1.756345903978e-009             -1.98330233063e-008
   1.759332886808e-009             -1.99482231078e-008
   1.762319869638e-009             -1.98562325358e-008
   1.765306852468e-009             -1.98223845927e-008
   1.768293835298e-009             -1.98372046396e-008
   1.771280818128e-009             -1.97470666315e-008
   1.774267800958e-009             -1.97356076230e-008
   1.777254783788e-009             -1.99706649196e-008
   1.780241766618e-009             -2.01933368481e-008
   1.783228749447e-009             -1.99525632278e-008
   1.786215732277e-009             -1.96269180791e-008
   1.789202715107e-009             -1.96301201755e-008
   1.792189697937e-009             -1.98596464513e-008
   1.795176680767e-009             -2.00149135511e-008
   1.798163663597e-009             -1.99785248647e-008
   1.801150646427e-009             -1.98233373133e-008
   1.804137629257e-009             -1.95722423979e-008
   1.807124612087e-009             -1.96084457815e-008
   1.810111594917e-009             -1.94828984788e-008
   1.813098577746e-009             -2.01631673619e-008
   1.816085560576e-009             -2.01545134829e-008
   1.819072543406e-009             -1.98315942254e-008
   1.822059526236e-009             -2.01732503218e-008
   1.825046509066e-009             -2.01601769294e-008
   1.828033491896e-009             -1.98535596768e-008
   1.831020474726e-009             -1.99585442479e-008
   1.834007457556e-009             -1.99477202314e-008
   1.836994440386e-009             -2.00529164664e-008
   1.839981423216e-009             -1.99671187334e-008
   1.842968406045e-009             -1.99154071237e-008
   1.845955388875e-009             -1.94448954085e-008
   1.848942371705e-009             -1.94856242150e-008
   1.851929354535e-009             -1.94712011351e-008
   1.854916337365e-009             -1.97517773574e-008
   1.857903320195e-009             -1.95520501171e-008
   1.860890303025e-009             -1.91728936718e-008
   1.863877285855e-009             -1.96786825660e-008
   1.866864268685e-009             -1.94114444324e-008
   1.869851251514e-009             -1.95287878553e-008
   1.872838234344e-009             -1.93452038332e-008
   1.875825217174e-009             -1.99916776505e-008
   1.878812200004e-009             -1.99319209478e-008
   1.881799182834e-009             -2.00542926701e-008
   1.884786165664e-009             -1.98646482346e-008
   1.887773148494e-009             -1.97846727349e-008
   1.890760131324e-009             -1.98003132317e-008
   1.893747114154e-009             -1.97159974569e-008
   1.896734096984e-009             -2.01277050350e-008
   1.899721079813e-009             -2.00680012095e-008
   1.902708062643e-009             -1.96627244957e-008
   1.905695045473e-009             -1.96237952209e-008
   1.908682028303e-009             -1.98123810262e-008
   1.911669011133e-009             -1.99437770783e-008
   1.914655993963e-009             -1.93453361038e-008
   1.917642976793e-009             -1.95703369567e-008
   1.920629959623e-009             -1.96851663074e-008
   1.923616942453e-009             -1.96255153592e-008
   1.926603925282e-009             -1.98447470111e-008
   1.929590908112e-009             -1.93053218378e-008
   1.932577890942e-009             -1.98198174883e-008
   1.935564873772e-009             -1.98206379383e-008
   1.938551856602e-009             -1.99477467475e-008
   1.941538839432e-009             -1.99201707268e-008
   1.944525822262e-009             -1.96354131712e-008
   1.947512805092e-009             -1.99982938176e-008
   1.950499787922e-009             -1.98003132317e-008
   1.953486770752e-009             -1.96637566097e-008
   1.956473753581e-009             -1.99719880910e-008
   1.959460736411e-009             -2.04446963048e-008
   1.962447719241e-009             -2.03562257129e-008
   1.965434702071e-009             -1.94830307494e-008
   1.968421684901e-009             -1.99987173006e-008
   1.971408667731e-009             -1.98834115896e-008
   1.974395650561e-009             -1.96304907814e-008
   1.977382633391e-009             -1.99394898355e-008
   1.980369616221e-009             -1.98535067996e-008
   1.983356599050e-009             -1.99040803858e-008
   1.986343581880e-009             -1.93780726946e-008
   1.989330564710e-009             -1.95227274419e-008
   1.992317547540e-009             -1.95564167532e-008
   1.995304530370e-009             -2.02281905441e-008
   1.998291513200e-009             -1.97199671262e-008
   2.001278496030e-009             -1.98145246476e-008
   2.004265478860e-009             -1.97869221107e-008
   2.007252461690e-009             -1.95784615981e-008
   2.010239444520e-009             -1.99815152972e-008
   2.013226427349e-009             -2.01602298066e-008
   2.016213410179e-009             -1.98032507870e-008
   2.019200393009e-009             -2.04947141373e-008
   2.022187375839e-009             -1.99117285118e-008
   2.025174358669e-009             -1.97326170355e-008
   2.028161341499e-009             -1.98055266790e-008
   2.031148324329e-009             -1.99565328971e-008
   2.034135307159e-009             -1.98043886554e-008
   2.037122289989e-009             -1.99084733831e-008
   2.040109272818e-009             -2.00095676782e-008
   2.043096255648e-009             -1.95094952628e-008
   2.046083238478e-009             -1.95226480485e-008
   2.049070221308e-009             -1.98287360635e-008
   2.052057204138e-009             -1.96900358201e-008
   2.055044186968e-009             -2.01760556064e-008
   2.058031169798e-009             -1.96439346245e-008
   2.061018152628e-009             -1.98242635178e-008
   2.064005135458e-009             -1.95201603374e-008
   2.066992118288e-009             -1.97889334615e-008
   2.069979101117e-009             -1.96521121432e-008
   2.072966083947e-009             -1.99430095055e-008
   2.075953066777e-009             -2.00656459241e-008
   2.078940049607e-009             -2.01166428383e-008
   2.081927032437e-009             -1.99093467103e-008
   2.084914015267e-009             -1.94374060693e-008
   2.087900998097e-009             -1.96250655150e-008
   2.090887980927e-009             -1.97905213292e-008
   2.093874963757e-009             -1.91902808231e-008
   2.096861946587e-009             -1.93748175658e-008
   2.099848929416e-009             -1.97088255361e-008
   2.102835912246e-009             -1.97976667339e-008
   2.105822895076e-009             -1.95385267255e-008
   2.108809877906e-009             -1.96001625083e-008
   2.111796860736e-009             -1.91873169068e-008
   2.114783843566e-009             -1.96200637318e-008
   2.117770826396e-009             -1.96423732730e-008
   2.120757809226e-009             -1.97494484331e-008
   2.123744792056e-009             -1.99197472437e-008
   2.126731774885e-009             -1.97509305463e-008
   2.129718757715e-009             -1.96019355239e-008
   2.132705740545e-009             -1.94346801780e-008
   2.135692723375e-009             -1.99690770519e-008
   2.138679706205e-009             -1.98248457877e-008
   2.141666689035e-009             -1.99470056909e-008
   2.144653671865e-009             -1.95615242910e-008
   2.147640654695e-009             -1.96278707997e-008
   2.150627637525e-009             -1.98245282141e-008
   2.153614620355e-009             -1.97357664098e-008
   2.156601603184e-009             -1.96183964707e-008
   2.159588586014e-009             -1.96345927212e-008
   2.162575568844e-009             -1.93162252477e-008
   2.165562551674e-009             -1.93056130503e-008
   2.168549534504e-009             -1.93255142738e-008
   2.171536517334e-009             -1.95220129014e-008
   2.174523500164e-009             -2.02365533657e-008
   2.177510482994e-009             -1.95979394936e-008
   2.180497465824e-009             -1.98506221216e-008
   2.183484448653e-009             -1.95273322582e-008
   2.186471431483e-009             -1.98361990417e-008
   2.189458414313e-009             -1.96235305246e-008
   2.192445397143e-009             -1.97145153437e-008
   2.195432379973e-009             -1.97945703918e-008
   2.198419362803e-009             -2.02808019972e-008
   2.201406345633e-009             -1.99157246972e-008
   2.204393328463e-009             -1.97953114485e-008
   2.207380311293e-009             -1.97205757571e-008
   2.210367294123e-009             -1.96456549179e-008
   2.213354276952e-009             -1.93876264169e-008
   2.216341259782e-009             -1.97647978725e-008
   2.219328242612e-009             -1.97745103816e-008
   2.222315225442e-009             -2.00713092155e-008
   2.225302208272e-009             -1.94845657399e-008
   2.228289191102e-009             -1.98099198313e-008
   2.231276173932e-009             -1.95717660376e-008
   2.234263156762e-009             -1.99109345780e-008
   2.237250139592e-009             -1.98242106406e-008
   2.240237122421e-009             -2.00829271659e-008
   2.243224105251e-009             -1.98942619672e-008
   2.246211088081e-009             -1.98332878475e-008
   2.249198070911e-009             -1.98999254136e-008
   2.252185053741e-009             -1.98752075548e-008
   2.255172036571e-009             -2.02053782816e-008
   2.258159019401e-009             -2.03310843710e-008
   2.261146002231e-009             -2.02079188699e-008
   2.264132985061e-009             -1.98009483788e-008
   2.267119967891e-009             -1.98882545861e-008
   2.270106950720e-009             -1.98221464126e-008
   2.273093933550e-009             -1.94592656112e-008
   2.276080916380e-009             -1.94977450418e-008
   2.279067899210e-009             -1.99271044674e-008
   2.282054882040e-009             -1.96001888694e-008
   2.285041864870e-009             -1.95556228194e-008
   2.288028847700e-009             -1.96749774380e-008
   2.291015830530e-009             -1.95490066523e-008
   2.294002813360e-009             -1.95640913954e-008
   2.296989796189e-009             -1.98589849432e-008
   2.299976779019e-009             -2.00298129914e-008
   2.302963761849e-009             -1.97748808324e-008
   2.305950744679e-009             -1.97831642606e-008
   2.308937727509e-009             -1.97475695080e-008
   2.311924710339e-009             -1.95969073796e-008
   2.314911693169e-009             -2.00861822947e-008
   2.317898675999e-009             -2.01270698879e-008
   2.320885658829e-009             -2.00179039836e-008
   2.323872641659e-009             -1.96790001396e-008
   2.326859624488e-009             -1.98593819101e-008
   2.329846607318e-009             -1.94277200763e-008
   2.332833590148e-009             -1.98300327188e-008
   2.335820572978e-009             -1.96581460404e-008
   2.338807555808e-009             -1.97483105646e-008
   2.341794538638e-009             -1.99343027493e-008
   2.344781521468e-009             -1.94550577618e-008
   2.347768504298e-009             -1.92438184807e-008
   2.350755487128e-009             -1.97211843880e-008
   2.353742469957e-009             -1.99511870241e-008
   2.356729452787e-009             -1.95011324412e-008
   2.359716435617e-009             -1.98940768193e-008
   2.362703418447e-009             -2.01672958179e-008
   2.365690401277e-009             -1.97157592768e-008
   2.368677384107e-009             -1.98559414784e-008
   2.371664366937e-009             -1.96407588891e-008
   2.374651349767e-009             -1.98829617454e-008
   2.377638332597e-009             -1.99044243204e-008
   2.380625315427e-009             -1.98442177736e-008
   2.383612298256e-009             -1.99308094404e-008
   2.386599281086e-009             -1.95006295647e-008
   2.389586263916e-009             -1.94652201151e-008
   2.392573246746e-009             -1.94015466204e-008
   2.395560229576e-009             -1.94615151421e-008
   2.398547212406e-009             -1.96375567926e-008
   2.401534195236e-009             -1.95801553753e-008
   2.404521178066e-009             -1.91600055823e-008
   2.407508160896e-009             -1.92580827738e-008
   2.410495143726e-009             -1.91745345718e-008
   2.413482126555e-009             -1.95762650995e-008
   2.416469109385e-009             -1.95051286266e-008
   2.419456092215e-009             -1.95976482811e-008
   2.422443075045e-009             -1.98761867915e-008
   2.425430057875e-009             -1.91853849494e-008
   2.428417040705e-009             -1.92212178821e-008
   2.431404023535e-009             -1.98145775248e-008
   2.434391006365e-009             -1.95656263859e-008
   2.437377989195e-009             -2.02053782816e-008
   2.440364972024e-009             -1.97429118144e-008
   2.443351954854e-009             -1.95857657895e-008
   2.446338937684e-009             -1.94715715859e-008
   2.449325920514e-009             -1.96381654236e-008
   2.452312903344e-009             -2.02986655088e-008
   2.455299886174e-009             -1.97839845555e-008
   2.458286869004e-009             -1.98767690614e-008
   2.461273851834e-009             -1.99456031261e-008
   2.464260834664e-009             -1.95069810355e-008
   2.467247817494e-009             -1.96720398828e-008
   2.470234800323e-009             -1.93631467382e-008
   2.473221783153e-009             -1.98327851261e-008
   2.476208765983e-009             -1.97616221371e-008
   2.479195748813e-009             -1.98337378468e-008
   2.482182731643e-009             -1.97824760812e-008
   2.485169714473e-009             -1.97713346462e-008
   2.488156697303e-009             -1.94225064740e-008
   2.491143680133e-009             -1.94560635147e-008
   2.494130662963e-009             -1.96399120780e-008
   2.497117645792e-009             -1.98953471135e-008
   2.500104628622e-009             -1.98375487292e-008
   2.503091611452e-009             -1.97747485618e-008
   2.506078594282e-009             -1.97542650685e-008
   2.509065577112e-009             -1.97069729721e-008
   2.512052559942e-009             -1.97296000868e-008
   2.515039542772e-009             -1.96988748469e-008
   2.518026525602e-009             -1.95986540340e-008
   2.521013508432e-009             -1.95588779482e-008
   2.524000491262e-009             -1.93055865341e-008
   2.526987474091e-009             -1.95166670285e-008
   2.529974456921e-009             -1.95624241343e-008
   2.532961439751e-009             -1.99307565631e-008
   2.535948422581e-009             -1.99668275210e-008
   2.538935405411e-009             -1.98615518926e-008
   2.541922388241e-009             -2.00399488285e-008
   2.544909371071e-009             -2.00167395990e-008
   2.547896353901e-009             -1.98723759091e-008
   2.550883336731e-009             -1.96697374746e-008
   2.553870319560e-009             -1.96686789995e-008
   2.556857302390e-009             -2.00924543721e-008
   2.559844285220e-009             -2.00766285723e-008
   2.562831268050e-009             -1.94992004838e-008
   2.565818250880e-009             -1.96465811224e-008
   2.568805233710e-009             -1.96857220611e-008
   2.571792216540e-009             -1.98275715238e-008
   2.574779199370e-009             -1.96217838701e-008
   2.577766182200e-009             -1.96543351579e-008
   2.580753165030e-009             -1.98588261564e-008
   2.583740147859e-009             -1.99233729783e-008
   2.586727130689e-009             -1.96102189521e-008
   2.589714113519e-009             -1.96016179503e-008
   2.592701096349e-009             -1.95417553381e-008
   2.595688079179e-009             -2.01789666455e-008
   2.598675062009e-009             -1.97985400611e-008
   2.601662044839e-009             -2.01905052024e-008
   2.604649027669e-009             -1.98130425344e-008
   2.607636010499e-009             -1.96335077300e-008
   2.610622993328e-009             -1.94540256478e-008
   2.613609976158e-009             -1.98596994836e-008
   2.616596958988e-009             -1.98092052908e-008
   2.619583941818e-009             -2.00266637721e-008
   2.622570924648e-009             -1.99510812697e-008
   2.625557907478e-009             -1.95573958349e-008
   2.628544890308e-009             -1.93230002016e-008
   2.631531873138e-009             -1.98239724604e-008
   2.634518855968e-009             -1.94361886523e-008
   2.637505838798e-009             -1.95515737568e-008
   2.640492821627e-009             -1.97397624401e-008
   2.643479804457e-009             -1.96416852486e-008
   2.646466787287e-009             -1.95319370745e-008
   2.649453770117e-009             -1.94365327420e-008
   2.652440752947e-009             -1.95405380763e-008
   2.655427735777e-009             -1.97694026888e-008
   2.658414718607e-009             -1.96946669975e-008
   2.661401701437e-009             -1.97650889299e-008
   2.664388684267e-009             -1.99900103894e-008
   2.667375667097e-009             -1.96914383848e-008
   2.670362649926e-009             -1.98201615779e-008
   2.673349632756e-009             -1.98361990417e-008
   2.676336615586e-009             -2.00127699298e-008
   2.679323598416e-009             -1.98329439129e-008
   2.682310581246e-009             -1.97995192979e-008
   2.685297564076e-009             -1.95098128363e-008
   2.688284546906e-009             -1.98273863760e-008
   2.691271529736e-009             -2.00549013010e-008
   2.694258512566e-009             -1.97596107863e-008
   2.697245495395e-009             -1.95184136830e-008
   2.700232478225e-009             -1.96063551924e-008
   2.703219461055e-009             -1.96606602676e-008
   2.706206443885e-009             -1.94645320907e-008
   2.709193426715e-009             -1.95468365148e-008
   2.712180409545e-009             -1.97615692599e-008
   2.715167392375e-009             -2.01201626634e-008
   2.718154375205e-009             -1.97993868722e-008
   2.721141358035e-009             -1.97958141699e-008
   2.724128340865e-009             -1.96533295601e-008
   2.727115323694e-009             -1.96576696801e-008
   2.730102306524e-009             -1.97734782676e-008
   2.733089289354e-009             -1.97692173859e-008
   2.736076272184e-009             -1.99702944688e-008
   2.739063255014e-009             -1.99775456279e-008
   2.742050237844e-009             -1.96205135760e-008
   2.745037220674e-009             -1.95758681325e-008
   2.748024203504e-009             -1.97061261611e-008
   2.751011186334e-009             -1.95085954194e-008
   2.753998169163e-009             -1.97561968708e-008
   2.756985151993e-009             -1.93208829413e-008
   2.759972134823e-009             -2.01722712401e-008
   2.762959117653e-009             -1.95146821939e-008
   2.765946100483e-009             -1.95727717905e-008
   2.768933083313e-009             -1.95120887283e-008
   2.771920066143e-009             -2.01319394005e-008
   2.774907048973e-009             -1.99520868675e-008
   2.777894031803e-009             -1.98218023229e-008
   2.780881014633e-009             -2.01672694568e-008
   2.783867997462e-009             -2.01330772690e-008
   2.786854980292e-009             -2.00482057405e-008
   2.789841963122e-009             -1.96822287522e-008
   2.792828945952e-009             -2.00022634868e-008
   2.795815928782e-009             -2.01302985005e-008
   2.798802911612e-009             -2.03734010451e-008
   2.801789894442e-009             -2.02168372901e-008
   2.804776877272e-009             -1.97433616586e-008
   2.807763860102e-009             -1.96145855882e-008
   2.810750842931e-009             -1.99562418397e-008
   2.813737825761e-009             -1.95664997131e-008
   2.816724808591e-009             -1.95759210098e-008
   2.819711791421e-009             -1.99251725100e-008
   2.822698774251e-009             -1.95409085270e-008
   2.825685757081e-009             -1.94227976864e-008
   2.828672739911e-009             -1.95450898603e-008
   2.831659722741e-009             -1.99259135667e-008
   2.834646705571e-009             -2.01246880863e-008
   2.837633688401e-009             -1.99646838996e-008
   2.840620671230e-009             -1.99745023182e-008
   2.843607654060e-009             -2.00543190312e-008
   2.846594636890e-009             -1.99659013165e-008
   2.849581619720e-009             -1.97950202360e-008
   2.852568602550e-009             -1.99439093489e-008
   2.855555585380e-009             -2.03115007211e-008
   2.858542568210e-009             -2.02044784382e-008
   2.861529551040e-009             -2.00915545287e-008
   2.864516533870e-009             -1.95594600630e-008
   2.867503516699e-009             -1.94862064848e-008
   2.870490499529e-009             -1.96338516646e-008
   2.873477482359e-009             -1.98869842919e-008
   2.876464465189e-009             -1.96964401681e-008
   2.879451448019e-009             -1.98902922979e-008
   2.882438430849e-009             -1.97169501775e-008
   2.885425413679e-009             -1.94564074493e-008
   2.888412396509e-009             -1.96266268666e-008
   2.891399379339e-009             -1.98413065794e-008
   2.894386362169e-009             -2.00958417715e-008
   2.897373344998e-009             -1.99028629689e-008
   2.900360327828e-009             -2.01781198344e-008
   2.903347310658e-009             -1.99004811673e-008
   2.906334293488e-009             -1.97269007117e-008
   2.909321276318e-009             -1.97890393711e-008
   2.912308259148e-009             -1.95282584627e-008
   2.915295241978e-009             -1.98364372219e-008
   2.918282224808e-009             -2.02792670068e-008
   2.921269207638e-009             -2.03041436524e-008
   2.924256190467e-009             -1.96905385415e-008
   2.927243173297e-009             -2.02053782816e-008
   2.930230156127e-009             -1.97225605917e-008
   2.933217138957e-009             -1.97812588193e-008
   2.936204121787e-009             -1.94971892881e-008
   2.939191104617e-009             -1.97923208609e-008
   2.942178087447e-009             -1.93944806091e-008
   2.945165070277e-009             -1.94188280172e-008
   2.948152053107e-009             -1.90413918653e-008
   2.951139035937e-009             -1.94160492487e-008
   2.954126018766e-009             -1.94905466048e-008
   2.957113001596e-009             -1.98511778753e-008
   2.960099984426e-009             -1.99399661958e-008
   2.963086967256e-009             -1.97638451519e-008
   2.966073950086e-009             -1.96847164633e-008
   2.969060932916e-009             -1.95526587480e-008
   2.972047915746e-009             -1.95012383507e-008
   2.975034898576e-009             -1.96809584580e-008
   2.978021881406e-009             -2.00574947665e-008
   2.981008864236e-009             -1.98750487680e-008
   2.983995847065e-009             -1.95349540232e-008
