# Atom Manipulation               
# 
# Sample                          Ag(111)
# Data set                        -
# Creation Comment                
# Gap voltage                     -1.000e-003 V
# Gap voltage range in Volt       -10;10
# Feedback loop enabled           No
# Regulator setpoint              1.000e-009 A
# Pre-amplifier range             0;3.33e-007
# Loop gain                       7.000e+000 %
# Z-axis offset                   -4.000e-010 m
# Parameter mode                  V before Z
# Raster time                     1.000e-003 seconds
# Channel name and data unit      I(r) [A]
# Manipulation vector: start      -8.200e-001, 9.420e+000 [nm]
#                      end        -4.600e-001, 4.940e+000 [nm]
# 
# 
#             Position                            I(r)
# --------------------             -------------------
   0.000000000000e+000             -6.18815860069e-009
   4.494441010849e-012             -6.27273891671e-009
   8.988882021698e-012             -6.01680115989e-009
   1.348332303255e-011             -5.91295461241e-009
   1.797776404340e-011             -5.94907860255e-009
   2.247220505424e-011             -5.92991828064e-009
   2.696664606509e-011             -5.87950348121e-009
   3.146108707594e-011             -6.09839104343e-009
   3.595552808679e-011             -5.97093829955e-009
   4.044996909764e-011             -6.17161826048e-009
   4.494441010849e-011             -6.30417869714e-009
   4.943885111934e-011             -6.51420071640e-009
   5.393329213019e-011             -6.54217370404e-009
   5.842773314104e-011             -6.68862798307e-009
   6.292217415188e-011             -6.76780970398e-009
   6.741661516273e-011             -6.85752422894e-009
   7.191105617358e-011             -6.96036502349e-009
   7.640549718443e-011             -7.11999875948e-009
   8.089993819528e-011             -7.22614771511e-009
   8.539437920613e-011             -7.31501527392e-009
   8.988882021698e-011             -7.36897641458e-009
   9.438326122783e-011             -7.54427700848e-009
   9.887770223867e-011             -7.44267983687e-009
   1.033721432495e-010             -7.34304113880e-009
   1.078665842604e-010             -7.27103133868e-009
   1.123610252712e-010             -7.24006791856e-009
   1.168554662821e-010             -7.12852021275e-009
   1.213499072929e-010             -7.07900525671e-009
   1.258443483038e-010             -7.07119818884e-009
   1.303387893146e-010             -7.06265021942e-009
   1.348332303255e-010             -7.11213881437e-009
   1.393276713363e-010             -7.12391539642e-009
   1.438221123472e-010             -7.01199723984e-009
   1.483165533580e-010             -7.04870349982e-009
   1.528109943689e-010             -6.90021135387e-009
   1.573054353797e-010             -6.88682038797e-009
   1.617998763906e-010             -6.82851912729e-009
   1.662943174014e-010             -6.88197739149e-009
   1.707887584123e-010             -6.81364604816e-009
   1.752831994231e-010             -6.82248523004e-009
   1.797776404340e-010             -6.71151979407e-009
   1.842720814448e-010             -6.75084588069e-009
   1.887665224557e-010             -6.92061545380e-009
   1.932609634665e-010             -6.85273410969e-009
   1.977554044773e-010             -6.85003473461e-009
   2.022498454882e-010             -6.78641411714e-009
   2.067442864990e-010             -6.83698770333e-009
   2.112387275099e-010             -6.66269286235e-009
   2.157331685207e-010             -6.82325264774e-009
   2.202276095316e-010             -7.00665136690e-009
   2.247220505424e-010             -7.12478872366e-009
   2.292164915533e-010             -7.24424940688e-009
   2.337109325641e-010             -7.24898649382e-009
   2.382053735750e-010             -7.32840639489e-009
   2.426998145858e-010             -7.32263703887e-009
   2.471942555967e-010             -7.30350323311e-009
   2.516886966075e-010             -7.38694568066e-009
   2.561831376184e-010             -7.51397509653e-009
   2.606775786292e-010             -7.43712229993e-009
   2.651720196401e-010             -7.50450092264e-009
   2.696664606509e-010             -7.46975298113e-009
   2.741609016618e-010             -7.52898044628e-009
   2.786553426726e-010             -7.42902417467e-009
   2.831497836835e-010             -7.30405898680e-009
   2.876442246943e-010             -7.27854734916e-009
   2.921386657052e-010             -7.11891361317e-009
   2.966331067160e-010             -6.89626820078e-009
   3.011275477269e-010             -6.94017274264e-009
   3.056219887377e-010             -6.89110763076e-009
   3.101164297486e-010             -6.70545938067e-009
   3.146108707594e-010             -6.86562235420e-009
   3.191053117703e-010             -6.70265409605e-009
   3.235997527811e-010             -6.80766518321e-009
   3.280941937920e-010             -6.84659430290e-009
   3.325886348028e-010             -6.69654080541e-009
   3.370830758137e-010             -6.60248616043e-009
   3.415775168245e-010             -6.53891857526e-009
   3.460719578354e-010             -6.44462559506e-009
   3.505663988462e-010             -6.71686551195e-009
   3.550608398571e-010             -6.77132937400e-009
   3.595552808679e-010             -6.80660655306e-009
   3.640497218788e-010             -6.91931864349e-009
   3.685441628896e-010             -6.83063623254e-009
   3.730386039005e-010             -6.71736838841e-009
   3.775330449113e-010             -6.98174836019e-009
   3.820274859222e-010             -7.18211074757e-009
   3.865219269330e-010             -7.13722712401e-009
   3.910163679438e-010             -7.04986788445e-009
   3.955108089547e-010             -6.90219618850e-009
   4.000052499655e-010             -7.11224456884e-009
   4.044996909764e-010             -7.48044472701e-009
   4.089941319872e-010             -7.68993735366e-009
   4.134885729981e-010             -7.72719936733e-009
   4.179830140089e-010             -7.76927786134e-009
   4.224774550198e-010             -7.68149513871e-009
   4.269718960306e-010             -7.73360371536e-009
   4.314663370415e-010             -7.88122253408e-009
   4.359607780523e-010             -7.89564561398e-009
   4.404552190632e-010             -8.29454449596e-009
   4.449496600740e-010             -8.24725239963e-009
   4.494441010849e-010             -8.28509668316e-009
   4.539385420957e-010             -8.24389151638e-009
   4.584329831066e-010             -8.42477600831e-009
   4.629274241174e-010             -8.33868721798e-009
   4.674218651283e-010             -8.46000031013e-009
   4.719163061391e-010             -8.31145528695e-009
   4.764107471500e-010             -8.17148474934e-009
   4.809051881608e-010             -8.00663756610e-009
   4.853996291717e-010             -7.90448479586e-009
   4.898940701825e-010             -8.15849059530e-009
   4.943885111934e-010             -8.33805207090e-009
   4.988829522042e-010             -8.37970708183e-009
   5.033773932151e-010             -8.45116112825e-009
   5.078718342259e-010             -8.46381119261e-009
   5.123662752368e-010             -8.50160244383e-009
   5.168607162476e-010             -8.78514258246e-009
   5.213551572585e-010             -1.13897219681e-008
   5.258495982693e-010             -1.51041679976e-008
   5.303440392802e-010             -1.55836511653e-008
   5.348384802910e-010             -1.65454489913e-008
   5.393329213019e-010             -1.82606108018e-008
   5.438273623127e-010             -1.84801069950e-008
   5.483218033236e-010             -1.86886470561e-008
   5.528162443344e-010             -1.87350921863e-008
   5.573106853453e-010             -1.86453511452e-008
   5.618051263561e-010             -1.88312375754e-008
   5.662995673670e-010             -1.85914959140e-008
   5.707940083778e-010             -1.86791462110e-008
   5.752884493887e-010             -1.83023717223e-008
   5.797828903995e-010             -1.84121198964e-008
   5.842773314103e-010             -1.87639119850e-008
   5.887717724212e-010             -1.88587340477e-008
   5.932662134320e-010             -1.88492333576e-008
   5.977606544429e-010             -1.88481747275e-008
   6.022550954537e-010             -1.88579401138e-008
   6.067495364646e-010             -1.83368813286e-008
   6.112439774754e-010             -1.82605842857e-008
   6.157384184863e-010             -1.83434181023e-008
   6.202328594971e-010             -1.85082387694e-008
   6.247273005080e-010             -1.85883466948e-008
   6.292217415188e-010             -1.78347712013e-008
   6.337161825297e-010             -1.78272023136e-008
   6.382106235405e-010             -1.75869844470e-008
   6.427050645514e-010             -1.69147341407e-008
   6.471995055622e-010             -1.64846866908e-008
   6.516939465731e-010             -1.62565894959e-008
   6.561883875839e-010             -1.59720964816e-008
   6.606828285948e-010             -1.56492301013e-008
   6.651772696056e-010             -1.51740606925e-008
   6.696717106165e-010             -1.49718192250e-008
   6.741661516273e-010             -1.49551731303e-008
   6.786605926382e-010             -1.54733737537e-008
   6.831550336490e-010             -1.51401597172e-008
   6.876494746599e-010             -1.50948524555e-008
   6.921439156707e-010             -1.49647797299e-008
   6.966383566816e-010             -1.46445068151e-008
   7.011327976924e-010             -1.43276212998e-008
   7.056272387033e-010             -1.43425472561e-008
   7.101216797141e-010             -1.49678760719e-008
   7.146161207250e-010             -1.48858361891e-008
   7.191105617358e-010             -1.47715625921e-008
   7.236050027467e-010             -1.46413574408e-008
   7.280994437575e-010             -1.43181469708e-008
   7.325938847684e-010             -1.43713670548e-008
   7.370883257792e-010             -1.41156938393e-008
   7.415827667901e-010             -1.42948583479e-008
   7.460772078009e-010             -1.38410192436e-008
   7.505716488118e-010             -1.36284302749e-008
   7.550660898226e-010             -1.33831047155e-008
   7.595605308335e-010             -1.34231189815e-008
   7.640549718443e-010             -1.33610333545e-008
   7.685494128552e-010             -1.33502093380e-008
   7.730438538660e-010             -1.32261439935e-008
   7.775382948768e-010             -1.30081561196e-008
   7.820327358877e-010             -1.24767233172e-008
   7.865271768985e-010             -1.24250911008e-008
   7.910216179094e-010             -1.20536624851e-008
   7.955160589202e-010             -1.17866360154e-008
   8.000104999311e-010             -1.17862125324e-008
   8.045049409419e-010             -1.15176512273e-008
   8.089993819528e-010             -1.13588379414e-008
   8.134938229636e-010             -1.11680556374e-008
   8.179882639745e-010             -1.10611392641e-008
   8.224827049853e-010             -1.07672514692e-008
   8.269771459962e-010             -1.05385454884e-008
   8.314715870070e-010             -1.01900350447e-008
   8.359660280179e-010             -1.00964567601e-008
   8.404604690287e-010             -1.02230361767e-008
   8.449549100396e-010             -9.84022779079e-009
   8.494493510504e-010             -9.84708213804e-009
   8.539437920613e-010             -1.00587977795e-008
   8.584382330721e-010             -1.00217210687e-008
   8.629326740830e-010             -9.90054024717e-009
   8.674271150938e-010             -9.97689032238e-009
   8.719215561047e-010             -9.89178061375e-009
   8.764159971155e-010             -9.96516646250e-009
   8.809104381264e-010             -9.98260664609e-009
   8.854048791372e-010             -9.91099381290e-009
   8.898993201481e-010             -9.93856967855e-009
   8.943937611589e-010             -9.99409217076e-009
   8.988882021698e-010             -1.00569188544e-008
   9.033826431806e-010             -1.01584364775e-008
   9.078770841915e-010             -1.02422493759e-008
   9.123715252023e-010             -1.02141971499e-008
   9.168659662132e-010             -1.00711302703e-008
   9.213604072240e-010             -9.76393074788e-009
   9.258548482349e-010             -9.39633937571e-009
   9.303492892457e-010             -9.39546604847e-009
   9.348437302566e-010             -9.30464001613e-009
   9.393381712674e-010             -9.20923568360e-009
   9.438326122783e-010             -9.18070694227e-009
   9.483270532891e-010             -8.89298531533e-009
   9.528214943000e-010             -8.73663322427e-009
   9.573159353108e-010             -8.54198716060e-009
   9.618103763216e-010             -8.51938656205e-009
   9.663048173325e-010             -8.33376482811e-009
   9.707992583433e-010             -8.29189799811e-009
   9.752936993542e-010             -7.97204856642e-009
   9.797881403650e-010             -7.89167594473e-009
   9.842825813759e-010             -7.73982291554e-009
   9.887770223867e-010             -7.67532897083e-009
   9.932714633976e-010             -7.77639674983e-009
   9.977659044084e-010             -7.76731938780e-009
   1.002260345419e-009             -7.76483183179e-009
   1.006754786430e-009             -7.47896261378e-009
   1.011249227441e-009             -7.44770813627e-009
   1.015743668452e-009             -7.42698646281e-009
   1.020238109463e-009             -7.37186093752e-009
   1.024732550474e-009             -7.18528648297e-009
   1.029226991484e-009             -7.51733613484e-009
   1.033721432495e-009             -7.51640993038e-009
   1.038215873506e-009             -7.45900851308e-009
   1.042710314517e-009             -7.40541797826e-009
   1.047204755528e-009             -7.54025430694e-009
   1.051699196539e-009             -7.49423265983e-009
   1.056193637549e-009             -7.58624959295e-009
   1.060688078560e-009             -7.53369117214e-009
   1.065182519571e-009             -7.43418474469e-009
   1.069676960582e-009             -7.53183860813e-009
   1.074171401593e-009             -7.48700786181e-009
   1.078665842604e-009             -7.67744607607e-009
   1.083160283615e-009             -7.74622726356e-009
   1.087654724625e-009             -7.72865480935e-009
   1.092149165636e-009             -7.58667307603e-009
   1.096643606647e-009             -7.43243809022e-009
   1.101138047658e-009             -7.35688210392e-009
   1.105632488669e-009             -7.19764548993e-009
   1.110126929680e-009             -6.95430476515e-009
   1.114621370691e-009             -6.93747336755e-009
   1.119115811701e-009             -6.81880661818e-009
   1.123610252712e-009             -6.93014265999e-009
   1.128104693723e-009             -6.76902696584e-009
   1.132599134734e-009             -6.72840406891e-009
   1.137093575745e-009             -6.60621764952e-009
   1.141588016756e-009             -6.52280171812e-009
   1.146082457766e-009             -6.31921056304e-009
   1.150576898777e-009             -6.28160461474e-009
   1.155071339788e-009             -6.16603420738e-009
   1.159565780799e-009             -6.14840887593e-009
   1.164060221810e-009             -6.18916419855e-009
   1.168554662821e-009             -6.09468607049e-009
   1.173049103832e-009             -6.32214811828e-009
   1.177543544842e-009             -6.24889454015e-009
   1.182037985853e-009             -6.15118764440e-009
   1.186532426864e-009             -6.09420971018e-009
   1.191026867875e-009             -6.22396501729e-009
   1.195521308886e-009             -6.10206965529e-009
   1.200015749897e-009             -6.08179782599e-009
   1.204510190907e-009             -5.97673401665e-009
   1.209004631918e-009             -6.06022934144e-009
   1.213499072929e-009             -6.44200561336e-009
   1.217993513940e-009             -6.38553055560e-009
   1.222487954951e-009             -6.50689652499e-009
   1.226982395962e-009             -6.44301136628e-009
   1.231476836973e-009             -6.53473708695e-009
   1.235971277983e-009             -6.52327807843e-009
   1.240465718994e-009             -6.61796787049e-009
   1.244960160005e-009             -6.55945494580e-009
   1.249454601016e-009             -6.74028656050e-009
   1.253949042027e-009             -6.68349392920e-009
   1.258443483038e-009             -6.66081378220e-009
   1.262937924049e-009             -6.77437283878e-009
   1.267432365059e-009             -6.71850641195e-009
   1.271926806070e-009             -6.66531284405e-009
   1.276421247081e-009             -6.64398238459e-009
   1.280915688092e-009             -6.31092713486e-009
   1.285410129103e-009             -6.15849183582e-009
   1.289904570114e-009             -6.00650653600e-009
   1.294399011124e-009             -5.83237032672e-009
   1.298893452135e-009             -5.78970956287e-009
   1.303387893146e-009             -5.85018096109e-009
   1.307882334157e-009             -5.75377087565e-009
   1.312376775168e-009             -5.66765556917e-009
   1.316871216179e-009             -5.63391338058e-009
   1.321365657190e-009             -5.54340492177e-009
   1.325860098200e-009             -5.50505791685e-009
   1.330354539211e-009             -5.44487773109e-009
   1.334848980222e-009             -5.43625021321e-009
   1.339343421233e-009             -5.58638310410e-009
   1.343837862244e-009             -5.52244506815e-009
   1.348332303255e-009             -5.68919753756e-009
   1.352826744265e-009             -5.86510691746e-009
   1.357321185276e-009             -5.91525702058e-009
   1.361815626287e-009             -5.83895997767e-009
   1.366310067298e-009             -5.90599451069e-009
   1.370804508309e-009             -5.88836917924e-009
   1.375298949320e-009             -5.96106700368e-009
   1.379793390331e-009             -5.98295306176e-009
   1.384287831341e-009             -5.94947556948e-009
   1.388782272352e-009             -5.93735489773e-009
   1.393276713363e-009             -6.21660779358e-009
   1.397771154374e-009             -6.26368807083e-009
   1.402265595385e-009             -6.35623439656e-009
   1.406760036396e-009             -6.38203724666e-009
   1.411254477407e-009             -6.20991238816e-009
   1.415748918417e-009             -6.20387849091e-009
   1.420243359428e-009             -6.15695700042e-009
   1.424737800439e-009             -6.07724604196e-009
   1.429232241450e-009             -6.14298376467e-009
   1.433726682461e-009             -6.09166912187e-009
   1.438221123472e-009             -6.06554869823e-009
   1.442715564482e-009             -6.09688256912e-009
   1.447210005493e-009             -6.11995968305e-009
   1.451704446504e-009             -6.11112050117e-009
   1.456198887515e-009             -5.87376079641e-009
   1.460693328526e-009             -5.76763820186e-009
   1.465187769537e-009             -5.58728294748e-009
   1.469682210548e-009             -5.60297632154e-009
   1.474176651558e-009             -5.55549907736e-009
   1.478671092569e-009             -5.51651692537e-009
   1.483165533580e-009             -5.52228628138e-009
   1.487659974591e-009             -5.41065918219e-009
   1.492154415602e-009             -5.37194157143e-009
   1.496648856613e-009             -5.39417171921e-009
   1.501143297624e-009             -5.43635612275e-009
   1.505637738634e-009             -5.19963156507e-009
   1.510132179645e-009             -5.22911287196e-009
   1.514626620656e-009             -5.18274713517e-009
   1.519121061667e-009             -5.32189737785e-009
   1.523615502678e-009             -5.42672300702e-009
   1.528109943689e-009             -5.45178495557e-009
   1.532604384699e-009             -5.63499837182e-009
   1.537098825710e-009             -5.58818279086e-009
   1.541593266721e-009             -5.61472654251e-009
   1.546087707732e-009             -5.56830792848e-009
   1.550582148743e-009             -5.67982911814e-009
   1.555076589754e-009             -5.66995797733e-009
   1.559571030765e-009             -5.53096652142e-009
   1.564065471775e-009             -5.42508226209e-009
   1.568559912786e-009             -5.61340337112e-009
   1.573054353797e-009             -5.72513637985e-009
   1.577548794808e-009             -5.75546465289e-009
   1.582043235819e-009             -5.69724278559e-009
   1.586537676830e-009             -5.52038084014e-009
   1.591032117840e-009             -5.42457938563e-009
   1.595526558851e-009             -5.35288715905e-009
   1.600020999862e-009             -5.42971359457e-009
   1.604515440873e-009             -5.34743553164e-009
   1.609009881884e-009             -5.39115477058e-009
   1.613504322895e-009             -5.27124439827e-009
   1.617998763906e-009             -5.15387445921e-009
   1.622493204916e-009             -5.18811952426e-009
   1.626987645927e-009             -5.21752143776e-009
   1.631482086938e-009             -5.11888849261e-009
   1.635976527949e-009             -5.08294965033e-009
   1.640470968960e-009             -4.91034843152e-009
   1.644965409971e-009             -4.83648622246e-009
   1.649459850982e-009             -4.68458016096e-009
   1.653954291992e-009             -4.68598272574e-009
   1.658448733003e-009             -4.74433686365e-009
   1.662943174014e-009             -4.81822574393e-009
   1.667437615025e-009             -4.72755849835e-009
   1.671932056036e-009             -4.75627238754e-009
   1.676426497047e-009             -4.75457861031e-009
   1.680920938057e-009             -4.68278062925e-009
   1.685415379068e-009             -4.72602350789e-009
   1.689909820079e-009             -4.70678379258e-009
   1.694404261090e-009             -4.75410225000e-009
   1.698898702101e-009             -5.00048643955e-009
   1.703393143112e-009             -5.11648017491e-009
   1.707887584123e-009             -5.09260928220e-009
   1.712382025133e-009             -5.16197258447e-009
   1.716876466144e-009             -5.17351114143e-009
   1.721370907155e-009             -5.27902494999e-009
   1.725865348166e-009             -5.41994820822e-009
   1.730359789177e-009             -5.42275333778e-009
   1.734854230188e-009             -5.30900913334e-009
   1.739348671198e-009             -5.15554172029e-009
   1.743843112209e-009             -5.12010575447e-009
   1.748337553220e-009             -5.17282296206e-009
   1.752831994231e-009             -5.31734543876e-009
   1.757326435242e-009             -5.13963652716e-009
   1.761820876253e-009             -5.05124532866e-009
   1.766315317264e-009             -5.01985842547e-009
   1.770809758274e-009             -5.01993781885e-009
   1.775304199285e-009             -4.93564856022e-009
   1.779798640296e-009             -4.88224317325e-009
   1.784293081307e-009             -4.81721999101e-009
   1.788787522318e-009             -4.70527531827e-009
   1.793281963329e-009             -4.69302237591e-009
   1.797776404340e-009             -4.71549070384e-009
   1.802270845350e-009             -4.84011180201e-009
   1.806765286361e-009             -4.86250073656e-009
   1.811259727372e-009             -4.68577106173e-009
   1.815754168383e-009             -4.64827086790e-009
   1.820248609394e-009             -4.63212764968e-009
   1.824743050405e-009             -4.60796554451e-009
   1.829237491415e-009             -4.66467893749e-009
   1.833731932426e-009             -4.53058351037e-009
   1.838226373437e-009             -4.58245375180e-009
   1.842720814448e-009             -4.61032082991e-009
   1.847215255459e-009             -4.60388996573e-009
   1.851709696470e-009             -4.73809130239e-009
   1.856204137481e-009             -4.79467226969e-009
   1.860698578491e-009             -4.80105025663e-009
   1.865193019502e-009             -4.80097086325e-009
   1.869687460513e-009             -4.83968831894e-009
   1.874181901524e-009             -4.80943943928e-009
   1.878676342535e-009             -5.06230737025e-009
   1.883170783546e-009             -5.10631782164e-009
   1.887665224557e-009             -5.02721549412e-009
   1.892159665567e-009             -5.04026252539e-009
   1.896654106578e-009             -5.18491727271e-009
   1.901148547589e-009             -5.25589495883e-009
   1.905642988600e-009             -5.24028097815e-009
   1.910137429611e-009             -5.13164431143e-009
   1.914631870622e-009             -5.00540882941e-009
   1.919126311632e-009             -4.91233326614e-009
   1.923620752643e-009             -4.85903394377e-009
   1.928115193654e-009             -4.99072105320e-009
   1.932609634665e-009             -5.05254198390e-009
   1.937104075676e-009             -5.01774132023e-009
   1.941598516687e-009             -4.93316084914e-009
   1.946092957698e-009             -4.72274186295e-009
   1.950587398708e-009             -4.77617361100e-009
   1.955081839719e-009             -4.69368388407e-009
   1.959576280730e-009             -4.66748406705e-009
   1.964070721741e-009             -4.61558730946e-009
   1.968565162752e-009             -4.61865713533e-009
   1.973059603763e-009             -4.45849431686e-009
   1.977554044773e-009             -4.46317852657e-009
   1.982048485784e-009             -4.57451441331e-009
   1.986542926795e-009             -4.73356587945e-009
   1.991037367806e-009             -4.54556234397e-009
   1.995531808817e-009             -4.58332707904e-009
   2.000026249828e-009             -4.60042317294e-009
   2.004520690839e-009             -4.48530276481e-009
   2.009015131849e-009             -4.51835692909e-009
   2.013509572860e-009             -4.57430274931e-009
   2.018004013871e-009             -4.66796042736e-009
   2.022498454882e-009             -4.86639101242e-009
   2.026992895893e-009             -4.89267022283e-009
   2.031487336904e-009             -5.02134038363e-009
   2.035981777915e-009             -5.10793220549e-009
   2.040476218925e-009             -4.94250275241e-009
   2.044970659936e-009             -4.91947867078e-009
   2.049465100947e-009             -4.95983702647e-009
   2.053959541958e-009             -5.05328304052e-009
   2.058453982969e-009             -5.19695855107e-009
   2.062948423980e-009             -5.25732403976e-009
   2.067442864990e-009             -5.08848082619e-009
   2.071937306001e-009             -5.09702879561e-009
   2.076431747012e-009             -5.19457674952e-009
   2.080926188023e-009             -5.30630975825e-009
   2.085420629034e-009             -5.14773465242e-009
   2.089915070045e-009             -5.09919893315e-009
   2.094409511056e-009             -5.04743444618e-009
   2.098903952066e-009             -4.91130115213e-009
   2.103398393077e-009             -4.76254446495e-009
   2.107892834088e-009             -4.77019274605e-009
   2.112387275099e-009             -4.78829443781e-009
   2.116881716110e-009             -4.77680875808e-009
   2.121376157121e-009             -4.73856766270e-009
   2.125870598131e-009             -4.69246662221e-009
   2.130365039142e-009             -4.67113616276e-009
   2.134859480153e-009             -4.54693854766e-009
   2.139353921164e-009             -4.42686923351e-009
   2.143848362175e-009             -4.37200840453e-009
   2.148342803186e-009             -4.45955279195e-009
   2.152837244197e-009             -4.49485648715e-009
   2.157331685207e-009             -4.45656235947e-009
   2.161826126218e-009             -4.60796554451e-009
   2.166320567229e-009             -4.67465598784e-009
   2.170815008240e-009             -4.64345438757e-009
   2.175309449251e-009             -4.71504070462e-009
   2.179803890262e-009             -4.76961047621e-009
   2.184298331273e-009             -4.81179487975e-009
   2.188792772283e-009             -4.86916978089e-009
   2.193287213294e-009             -4.77620012715e-009
   2.197781654305e-009             -4.91564142722e-009
   2.202276095316e-009             -5.07246972352e-009
   2.206770536327e-009             -5.04100358201e-009
   2.211264977338e-009             -5.11947060739e-009
   2.215759418348e-009             -5.06246615702e-009
   2.220253859359e-009             -5.19653522306e-009
   2.224748300370e-009             -5.22561956303e-009
   2.229242741381e-009             -5.19640279738e-009
   2.233737182392e-009             -5.04071236955e-009
   2.238231623403e-009             -5.02734791980e-009
   2.242726064414e-009             -5.03433453767e-009
   2.247220505424e-009             -5.10941416366e-009
   2.251714946435e-009             -5.15204841136e-009
   2.256209387446e-009             -5.17544294376e-009
   2.260703828457e-009             -5.17602521360e-009
   2.265198269468e-009             -5.04042131216e-009
   2.269692710479e-009             -4.94017398316e-009
   2.274187151490e-009             -4.96002232939e-009
   2.278681592500e-009             -4.76754624820e-009
   2.283176033511e-009             -4.69656856208e-009
   2.287670474522e-009             -4.69741537316e-009
   2.292164915533e-009             -4.65123493929e-009
   2.296659356544e-009             -4.59700925739e-009
   2.301153797555e-009             -4.62527330242e-009
   2.305648238565e-009             -4.62484981935e-009
   2.310142679576e-009             -4.56922157267e-009
   2.314637120587e-009             -4.48217990665e-009
   2.319131561598e-009             -4.39934624510e-009
   2.323626002609e-009             -4.46907999814e-009
   2.328120443620e-009             -4.55265487137e-009
   2.332614884631e-009             -4.56244661880e-009
   2.337109325641e-009             -4.50867093613e-009
   2.341603766652e-009             -4.63231279753e-009
   2.346098207663e-009             -4.76484687311e-009
   2.350592648674e-009             -4.88364589310e-009
   2.355087089685e-009             -4.95089209012e-009
   2.359581530696e-009             -5.06828839027e-009
   2.364075971706e-009             -5.01991130270e-009
   2.368570412717e-009             -4.79888011909e-009
   2.373064853728e-009             -4.89653398254e-009
   2.377559294739e-009             -5.08374358418e-009
   2.382053735750e-009             -5.29559165129e-009
   2.386548176761e-009             -5.22699576672e-009
   2.391042617772e-009             -5.21810370761e-009
   2.395537058782e-009             -5.13849865869e-009
   2.400031499793e-009             -5.16424847648e-009
   2.404525940804e-009             -5.20328366078e-009
   2.409020381815e-009             -5.14866101196e-009
   2.413514822826e-009             -5.06929398812e-009
   2.418009263837e-009             -5.06376296733e-009
   2.422503704848e-009             -4.97894431608e-009
   2.426998145858e-009             -4.86975205074e-009
   2.431492586869e-009             -4.96690303773e-009
   2.435987027880e-009             -4.92265440618e-009
   2.440481468891e-009             -4.98828637442e-009
   2.444975909902e-009             -4.79268743507e-009
   2.449470350913e-009             -4.84937431190e-009
   2.453964791923e-009             -4.62815798043e-009
   2.458459232934e-009             -4.58512676581e-009
   2.462953673945e-009             -4.51324923630e-009
   2.467448114956e-009             -4.54572113074e-009
   2.471942555967e-009             -4.62672889950e-009
   2.476436996978e-009             -4.62207105088e-009
   2.480931437989e-009             -4.58155406348e-009
   2.485425878999e-009             -4.56456387911e-009
   2.489920320010e-009             -4.48056567787e-009
   2.494414761021e-009             -4.42755725783e-009
   2.498909202032e-009             -4.48310626618e-009
   2.503403643043e-009             -4.60439284219e-009
   2.507898084054e-009             -4.70466668734e-009
   2.512392525064e-009             -4.70014126440e-009
   2.516886966075e-009             -4.74423110918e-009
   2.521381407086e-009             -4.81888725209e-009
   2.525875848097e-009             -4.96285397510e-009
   2.530370289108e-009             -5.03316999798e-009
   2.534864730119e-009             -5.15413915551e-009
   2.539359171130e-009             -5.12873327234e-009
   2.543853612140e-009             -5.16123152786e-009
   2.548348053151e-009             -5.18645226318e-009
   2.552842494162e-009             -5.13667261083e-009
   2.557336935173e-009             -5.27389074106e-009
   2.561831376184e-009             -5.36098528431e-009
   2.566325817195e-009             -5.32226782862e-009
   2.570820258206e-009             -5.22516971887e-009
   2.575314699216e-009             -5.26462823117e-009
   2.579809140227e-009             -5.26359611717e-009
   2.584303581238e-009             -5.21625114361e-009
   2.588798022249e-009             -5.10390950395e-009
   2.593292463260e-009             -4.97836220131e-009
   2.597786904271e-009             -4.96499759649e-009
   2.602281345281e-009             -4.83092868551e-009
   2.606775786292e-009             -4.74698336150e-009
   2.611270227303e-009             -4.75981857371e-009
   2.615764668314e-009             -4.67058040906e-009
   2.620259109325e-009             -4.73615934500e-009
   2.624753550336e-009             -4.75627238754e-009
   2.629247991347e-009             -4.67907550125e-009
   2.633742432357e-009             -4.57329715145e-009
   2.638236873368e-009             -4.46897424367e-009
   2.642731314379e-009             -4.36279877188e-009
   2.647225755390e-009             -4.51523407093e-009
   2.651720196401e-009             -4.70008838717e-009
   2.656214637412e-009             -4.62604072012e-009
   2.660709078423e-009             -4.64951480097e-009
   2.665203519433e-009             -4.67783172324e-009
   2.669697960444e-009             -4.64715936051e-009
   2.674192401455e-009             -4.69500721053e-009
   2.678686842466e-009             -4.75984508986e-009
   2.683181283477e-009             -4.79271395122e-009
   2.687675724488e-009             -4.86588813596e-009
   2.692170165498e-009             -4.82354510071e-009
   2.696664606509e-009             -4.86461784180e-009
   2.701159047520e-009             -5.16390454186e-009
   2.705653488531e-009             -5.13632852114e-009
   2.710147929542e-009             -5.34746204779e-009
   2.714642370553e-009             -5.19976383569e-009
   2.719136811564e-009             -5.15662671153e-009
   2.723631252574e-009             -5.29485059468e-009
   2.728125693585e-009             -5.19253903767e-009
   2.732620134596e-009             -5.24710880925e-009
   2.737114575607e-009             -5.25311619036e-009
   2.741609016618e-009             -5.34767371180e-009
   2.746103457629e-009             -5.30551582440e-009
   2.750597898639e-009             -5.19767309153e-009
   2.755092339650e-009             -5.22363472840e-009
   2.759586780661e-009             -5.16387802571e-009
   2.764081221672e-009             -4.97492176960e-009
   2.768575662683e-009             -4.87401277737e-009
   2.773070103694e-009             -4.76386763634e-009
   2.777564544705e-009             -4.85360867745e-009
   2.782058985715e-009             -4.74068476794e-009
   2.786553426726e-009             -4.78945882243e-009
   2.791047867737e-009             -4.75510800292e-009
   2.795542308748e-009             -4.66888678689e-009
   2.800036749759e-009             -4.68696196251e-009
   2.804531190770e-009             -4.73822357301e-009
   2.809025631781e-009             -4.77122486005e-009
   2.813520072791e-009             -4.69844748717e-009
   2.818014513802e-009             -4.57406456915e-009
   2.822508954813e-009             -4.59931166556e-009
   2.827003395824e-009             -4.65983594101e-009
   2.831497836835e-009             -4.90108592163e-009
   2.835992277846e-009             -4.94723999442e-009
   2.840486718856e-009             -4.91492688676e-009
   2.844981159867e-009             -4.93398129914e-009
   2.849475600878e-009             -4.87695033261e-009
   2.853970041889e-009             -4.90037138117e-009
   2.858464482900e-009             -5.01456558483e-009
   2.862958923911e-009             -5.12521344725e-009
   2.867453364922e-009             -5.05889345470e-009
   2.871947805932e-009             -5.04444385864e-009
   2.876442246943e-009             -5.11878258308e-009
   2.880936687954e-009             -5.39255749042e-009
   2.885431128965e-009             -5.55200576843e-009
   2.889925569976e-009             -5.46877513995e-009
   2.894420010987e-009             -5.53295135605e-009
   2.898914451997e-009             -5.45702491898e-009
   2.903408893008e-009             -5.42770224379e-009
   2.907903334019e-009             -5.40880661818e-009
   2.912397775030e-009             -5.36312890570e-009
   2.916892216041e-009             -5.38604723286e-009
   2.921386657052e-009             -5.33595000698e-009
   2.925881098063e-009             -5.25883251407e-009
   2.930375539073e-009             -5.16660391695e-009
   2.934869980084e-009             -5.17041479942e-009
   2.939364421095e-009             -5.12436663617e-009
   2.943858862106e-009             -4.89523732730e-009
   2.948353303117e-009             -4.85826637101e-009
   2.952847744128e-009             -4.84371102048e-009
   2.957342185139e-009             -4.80380250896e-009
   2.961836626149e-009             -4.78609778412e-009
   2.966331067160e-009             -4.75931585232e-009
   2.970825508171e-009             -4.82510645226e-009
   2.975319949182e-009             -4.80533749942e-009
   2.979814390193e-009             -4.80782521050e-009
   2.984308831204e-009             -4.90187985548e-009
   2.988803272214e-009             -4.87165749198e-009
   2.993297713225e-009             -4.84278466095e-009
   2.997792154236e-009             -4.87994076509e-009
   3.002286595247e-009             -4.86175967995e-009
   3.006781036258e-009             -4.93969762285e-009
   3.011275477269e-009             -4.96184837724e-009
   3.015769918280e-009             -5.16644513018e-009
   3.020264359290e-009             -5.12283164571e-009
   3.024758800301e-009             -5.18004776008e-009
   3.029253241312e-009             -5.19759369815e-009
   3.033747682323e-009             -5.21950627239e-009
   3.038242123334e-009             -5.26976228504e-009
   3.042736564345e-009             -5.21236086774e-009
   3.047231005355e-009             -5.26171719208e-009
   3.051725446366e-009             -5.39721518398e-009
   3.056219887377e-009             -5.33925801299e-009
   3.060714328388e-009             -5.44733892602e-009
   3.065208769399e-009             -5.27367907705e-009
   3.069703210410e-009             -5.36371117555e-009
   3.074197651421e-009             -5.37204748097e-009
   3.078692092431e-009             -5.33407092682e-009
   3.083186533442e-009             -5.35439563336e-009
   3.087680974453e-009             -5.07069670797e-009
   3.092175415464e-009             -5.09559971468e-009
   3.096669856475e-009             -5.01755601731e-009
   3.101164297486e-009             -5.13413202252e-009
   3.105658738497e-009             -5.03171455597e-009
   3.110153179507e-009             -5.02777124781e-009
   3.114647620518e-009             -5.00522352649e-009
   3.119142061529e-009             -4.92667710772e-009
   3.123636502540e-009             -4.83561289522e-009
   3.128130943551e-009             -4.73835599870e-009
   3.132625384562e-009             -4.72546775419e-009
   3.137119825572e-009             -4.87737381569e-009
   3.141614266583e-009             -4.77257454760e-009
   3.146108707594e-009             -4.72702910574e-009
   3.150603148605e-009             -4.79604847338e-009
   3.155097589616e-009             -4.92133123478e-009
   3.159592030627e-009             -4.93408705361e-009
   3.164086471638e-009             -4.88925630728e-009
   3.168580912648e-009             -4.91161872567e-009
   3.173075353659e-009             -4.98757183396e-009
   3.177569794670e-009             -5.04748732342e-009
   3.182064235681e-009             -5.12746297818e-009
   3.186558676692e-009             -5.19325357813e-009
   3.191053117703e-009             -5.29564452852e-009
   3.195547558714e-009             -5.27831040953e-009
   3.200041999724e-009             -5.31970072415e-009
   3.204536440735e-009             -5.37358247143e-009
   3.209030881746e-009             -5.47203026873e-009
   3.213525322757e-009             -5.39216052350e-009
   3.218019763768e-009             -5.39771806044e-009
   3.222514204779e-009             -5.32123571462e-009
   3.227008645789e-009             -5.30593930748e-009
   3.231503086800e-009             -5.27952767139e-009
   3.235997527811e-009             -5.27661663229e-009
   3.240491968822e-009             -5.38988447642e-009
   3.244986409833e-009             -5.39705639722e-009
   3.249480850844e-009             -5.42352091054e-009
   3.253975291855e-009             -5.31702786522e-009
   3.258469732865e-009             -5.31091457458e-009
   3.262964173876e-009             -5.17366992820e-009
   3.267458614887e-009             -5.10250693917e-009
   3.271953055898e-009             -5.08953930128e-009
   3.276447496909e-009             -5.09305912636e-009
   3.280941937920e-009             -5.16083456093e-009
   3.285436378930e-009             -5.16512180372e-009
   3.289930819941e-009             -5.06823551303e-009
   3.294425260952e-009             -5.02737428089e-009
   3.298919701963e-009             -4.92201925910e-009
   3.303414142974e-009             -4.85117399867e-009
   3.307908583985e-009             -4.86969901844e-009
   3.312403024996e-009             -4.90161515917e-009
   3.316897466006e-009             -4.84889795159e-009
   3.321391907017e-009             -4.87133991844e-009
   3.325886348028e-009             -4.89240552652e-009
   3.330380789039e-009             -5.01488315837e-009
   3.334875230050e-009             -5.03369939059e-009
   3.339369671061e-009             -5.13582564468e-009
   3.343864112072e-009             -5.20259548140e-009
   3.348358553082e-009             -5.26198173332e-009
   3.352852994093e-009             -5.28378855309e-009
   3.357347435104e-009             -5.29410969313e-009
   3.361841876115e-009             -5.42219758408e-009
   3.366336317126e-009             -5.41608429345e-009
   3.370830758137e-009             -5.57775574129e-009
   3.375325199147e-009             -5.54790382856e-009
   3.379819640158e-009             -5.64902448480e-009
   3.384314081169e-009             -5.67596535843e-009
   3.388808522180e-009             -5.60776644079e-009
   3.393302963191e-009             -5.51654344152e-009
   3.397797404202e-009             -5.42190652669e-009
   3.402291845213e-009             -5.51474390981e-009
   3.406786286223e-009             -5.54544263363e-009
   3.411280727234e-009             -5.51040363473e-009
   3.415775168245e-009             -5.26505171425e-009
   3.420269609256e-009             -5.31237017166e-009
   3.424764050267e-009             -5.29111910558e-009
   3.429258491278e-009             -5.23504101475e-009
   3.433752932288e-009             -5.17284947821e-009
   3.438247373299e-009             -5.21500736560e-009
   3.442741814310e-009             -5.13333808867e-009
   3.447236255321e-009             -5.03184682659e-009
   3.451730696332e-009             -4.95433236676e-009
   3.456225137343e-009             -4.94080913024e-009
   3.460719578354e-009             -5.11962939416e-009
   3.465214019364e-009             -5.04656111895e-009
   3.469708460375e-009             -5.10629130549e-009
   3.474202901386e-009             -5.00191552048e-009
   3.478697342397e-009             -5.02115523578e-009
   3.483191783408e-009             -4.88912403666e-009
   3.487686224419e-009             -4.93848020593e-009
   3.492180665430e-009             -5.03523422599e-009
   3.496675106440e-009             -5.20521546310e-009
   3.501169547451e-009             -5.27045046442e-009
   3.505663988462e-009             -5.10335375025e-009
   3.510158429473e-009             -5.30604506195e-009
   3.514652870484e-009             -5.40507512909e-009
   3.519147311495e-009             -5.43955837430e-009
   3.523641752505e-009             -5.62832932748e-009
   3.528136193516e-009             -5.67318658996e-009
   3.532630634527e-009             -5.56857262479e-009
   3.537125075538e-009             -5.51585541720e-009
   3.541619516549e-009             -5.55878072229e-009
   3.546113957560e-009             -5.68581013816e-009
   3.550608398571e-009             -5.68408999984e-009
   3.555102839581e-009             -5.78899502241e-009
   3.559597280592e-009             -5.77536587635e-009
   3.564091721603e-009             -5.75271224550e-009
   3.568586162614e-009             -5.61451487851e-009
   3.573080603625e-009             -5.42000108546e-009
   3.577575044636e-009             -5.34161329839e-009
   3.582069485647e-009             -5.29646497852e-009
   3.586563926657e-009             -5.32367039340e-009
   3.591058367668e-009             -5.33557940114e-009
   3.595552808679e-009             -5.07074958520e-009
   3.600047249690e-009             -5.22935105212e-009
   3.604541690701e-009             -5.12306982586e-009
   3.609036131712e-009             -5.16538650002e-009
   3.613530572722e-009             -5.17486082898e-009
   3.618025013733e-009             -5.16083456093e-009
   3.622519454744e-009             -5.03086758982e-009
   3.627013895755e-009             -4.98431670517e-009
   3.631508336766e-009             -5.01202499651e-009
   3.636002777777e-009             -5.10155421855e-009
   3.640497218788e-009             -5.20873528819e-009
   3.644991659798e-009             -5.22268200778e-009
   3.649486100809e-009             -5.13040053342e-009
   3.653980541820e-009             -5.20256912032e-009
   3.658474982831e-009             -5.20473910279e-009
   3.662969423842e-009             -5.18766952504e-009
   3.667463864853e-009             -5.23620539937e-009
   3.671958305863e-009             -5.29347454605e-009
   3.676452746874e-009             -5.32033587123e-009
   3.680947187885e-009             -5.36630464110e-009
   3.685441628896e-009             -5.28924018050e-009
   3.689936069907e-009             -5.55073547427e-009
   3.694430510918e-009             -5.46287351331e-009
   3.698924951929e-009             -5.68962102064e-009
   3.703419392939e-009             -5.75504116981e-009
   3.707913833950e-009             -5.74887500194e-009
   3.712408274961e-009             -5.75919614198e-009
   3.716902715972e-009             -5.68054365861e-009
   3.721397156983e-009             -5.55819845245e-009
   3.725891597994e-009             -5.72532152770e-009
   3.730386039005e-009             -5.78925971871e-009
   3.734880480015e-009             -5.85481213850e-009
   3.739374921026e-009             -5.76695017755e-009
   3.743869362037e-009             -5.63277535704e-009
   3.748363803048e-009             -5.53004031695e-009
   3.752858244059e-009             -5.39541565228e-009
   3.757352685070e-009             -5.35831242537e-009
   3.761847126080e-009             -5.37411170897e-009
   3.766341567091e-009             -5.31295228644e-009
   3.770836008102e-009             -5.28587914218e-009
   3.775330449113e-009             -5.10933477027e-009
   3.779824890124e-009             -5.07519561476e-009
   3.784319331135e-009             -5.14527345749e-009
   3.788813772146e-009             -5.13180309820e-009
   3.793308213156e-009             -5.22638713579e-009
   3.797802654167e-009             -5.05857588116e-009
   3.802297095178e-009             -4.96838499589e-009
   3.806791536189e-009             -4.98781001411e-009
   3.811285977200e-009             -5.07612181922e-009
   3.815780418211e-009             -5.14434725302e-009
   3.820274859221e-009             -5.32261191831e-009
   3.824769300232e-009             -5.36773372203e-009
   3.829263741243e-009             -5.29537998728e-009
   3.833758182254e-009             -5.44876800695e-009
   3.838252623265e-009             -5.44501000171e-009
   3.842747064276e-009             -5.44225774938e-009
   3.847241505287e-009             -5.50632821101e-009
   3.851735946297e-009             -5.55409651258e-009
   3.856230387308e-009             -5.57076912342e-009
   3.860724828319e-009             -5.64060878599e-009
   3.865219269330e-009             -5.60729008048e-009
   3.869713710341e-009             -5.84716401247e-009
   3.874208151352e-009             -5.89522337143e-009
   3.878702592363e-009             -5.87971530028e-009
   3.883197033373e-009             -5.82062010575e-009
   3.887691474384e-009             -5.71375660965e-009
   3.892185915395e-009             -5.71314797873e-009
   3.896680356406e-009             -5.74921893656e-009
   3.901174797417e-009             -5.75731706182e-009
   3.905669238428e-009             -5.68115244460e-009
   3.910163679438e-009             -5.81667695266e-009
   3.914658120449e-009             -5.76938485633e-009
   3.919152561460e-009             -5.52884941618e-009
   3.923647002471e-009             -5.57285986757e-009
   3.928141443482e-009             -5.47734962552e-009
   3.932635884493e-009             -5.34132224100e-009
   3.937130325504e-009             -5.32938671711e-009
   3.941624766514e-009             -5.31213199150e-009
   3.946119207525e-009             -5.13574625130e-009
   3.950613648536e-009             -5.13998061685e-009
   3.955108089547e-009             -4.87266308983e-009
   3.959602530558e-009             -5.10269224209e-009
   3.964096971569e-009             -5.12386375971e-009
   3.968591412580e-009             -5.20352184093e-009
   3.973085853590e-009             -5.18989253981e-009
   3.977580294601e-009             -5.18743134488e-009
   3.982074735612e-009             -5.24642062987e-009
   3.986569176623e-009             -5.14897858550e-009
   3.991063617634e-009             -5.27201181597e-009
   3.995558058645e-009             -5.38522678286e-009
   4.000052499655e-009             -5.58447766286e-009
   4.004546940666e-009             -5.60771356355e-009
   4.009041381677e-009             -5.65505838205e-009
   4.013535822688e-009             -5.63642745274e-009
   4.018030263699e-009             -5.65013599218e-009
   4.022524704710e-009             -5.71436524058e-009
   4.027019145721e-009             -5.66117167269e-009
   4.031513586731e-009             -5.68821845586e-009
   4.036008027742e-009             -5.65987501744e-009
   4.040502468753e-009             -5.77650389989e-009
   4.044996909764e-009             -5.65384112019e-009
   4.049491350775e-009             -5.75586161981e-009
   4.053985791786e-009             -5.80926685171e-009
   4.058480232796e-009             -5.78576640978e-009
   4.062974673807e-009             -5.82615112655e-009
   4.067469114818e-009             -5.70391182992e-009
   4.071963555829e-009             -5.66453271100e-009
   4.076457996840e-009             -5.65720200344e-009
   4.080952437851e-009             -5.55930995984e-009
   4.085446878862e-009             -5.60882507094e-009
   4.089941319872e-009             -5.74429654670e-009
   4.094435760883e-009             -5.64582238831e-009
   4.098930201894e-009             -5.50773077579e-009
   4.103424642905e-009             -5.41447006466e-009
   4.107919083916e-009             -5.28304749647e-009
   4.112413524927e-009             -5.19693218999e-009
   4.116907965938e-009             -5.15757943215e-009
   4.121402406948e-009             -5.26433717378e-009
   4.125896847959e-009             -5.24610305634e-009
   4.130391288970e-009             -5.10166012808e-009
   4.134885729981e-009             -5.05995208485e-009
   4.139380170992e-009             -5.18957496627e-009
   4.143874612003e-009             -5.22863651165e-009
   4.148369053013e-009             -5.25136953589e-009
   4.152863494024e-009             -5.35013490673e-009
   4.157357935035e-009             -5.22673107042e-009
   4.161852376046e-009             -5.22612243949e-009
   4.166346817057e-009             -5.29818511684e-009
   4.170841258068e-009             -5.41370249190e-009
   4.175335699079e-009             -5.64280543969e-009
   4.179830140089e-009             -5.77533936020e-009
   4.184324581100e-009             -5.78375505900e-009
   4.188819022111e-009             -5.79293833057e-009
   4.193313463122e-009             -5.77073454388e-009
   4.197807904133e-009             -5.74125323699e-009
   4.202302345144e-009             -5.74554047977e-009
   4.206796786154e-009             -5.77999720883e-009
   4.211291227165e-009             -5.76173673030e-009
   4.215785668176e-009             -5.81453333127e-009
   4.220280109187e-009             -5.81929693436e-009
   4.224774550198e-009             -5.63393974166e-009
   4.229268991209e-009             -5.90686783793e-009
   4.233763432220e-009             -5.82440447208e-009
   4.238257873230e-009             -5.90649723209e-009
   4.242752314241e-009             -5.79931616245e-009
   4.247246755252e-009             -5.71280388904e-009
   4.251741196263e-009             -5.57344198235e-009
   4.256235637274e-009             -5.57966118253e-009
   4.260730078285e-009             -5.58172541054e-009
   4.265224519296e-009             -5.62544464948e-009
   4.269718960306e-009             -5.65863108437e-009
   4.274213401317e-009             -5.50778365303e-009
   4.278707842328e-009             -5.41751337437e-009
   4.283202283339e-009             -5.42206531346e-009
   4.287696724350e-009             -5.33290654220e-009
   4.292191165361e-009             -5.35569244367e-009
   4.296685606371e-009             -5.23167997643e-009
   4.301180047382e-009             -5.27442013367e-009
   4.305674488393e-009             -5.24753213726e-009
   4.310168929404e-009             -5.21217571989e-009
   4.314663370415e-009             -5.19227434136e-009
   4.319157811426e-009             -5.43556218890e-009
   4.323652252437e-009             -5.51585541720e-009
   4.328146693447e-009             -5.55110608011e-009
   4.332641134458e-009             -5.56330614523e-009
   4.337135575469e-009             -5.55092077719e-009
   4.341630016480e-009             -5.67797670921e-009
   4.346124457491e-009             -5.71087193165e-009
   4.350618898502e-009             -5.92311696568e-009
   4.355113339513e-009             -5.86608599916e-009
   4.359607780523e-009             -5.92039107445e-009
   4.364102221534e-009             -5.99023089209e-009
   4.368596662545e-009             -6.06994185055e-009
   4.373091103556e-009             -6.19011691916e-009
   4.377585544567e-009             -6.16481694553e-009
   4.382079985578e-009             -5.96209911768e-009
   4.386574426588e-009             -5.91292809626e-009
   4.391068867599e-009             -5.85388593404e-009
   4.395563308610e-009             -5.86807083379e-009
   4.400057749621e-009             -5.85669121866e-009
   4.404552190632e-009             -5.73114376095e-009
   4.409046631643e-009             -5.83125881933e-009
   4.413541072654e-009             -5.73267875141e-009
   4.418035513664e-009             -5.66471801392e-009
   4.422529954675e-009             -5.59506349920e-009
   4.427024395686e-009             -5.49455147389e-009
   4.431518836697e-009             -5.54414582332e-009
   4.436013277708e-009             -5.43619733598e-009
   4.440507718719e-009             -5.35630107460e-009
   4.445002159729e-009             -5.44313107662e-009
   4.449496600740e-009             -5.48923211711e-009
   4.453991041751e-009             -5.45276403728e-009
   4.458485482762e-009             -5.43593263967e-009
   4.462979923773e-009             -5.59654545736e-009
   4.467474364784e-009             -5.49203740173e-009
   4.471968805795e-009             -5.34957915303e-009
   4.476463246805e-009             -5.32192373893e-009
   4.480957687816e-009             -5.31461954752e-009
   4.485452128827e-009             -5.41902184869e-009
   4.489946569838e-009             -5.53345423250e-009
