# Atom Manipulation               
# 
# Sample                          Ag(111)
# Data set                        -
# Creation Comment                
# Gap voltage                     -1.000e-004 V
# Gap voltage range in Volt       -1;1
# Feedback loop enabled           No
# Regulator setpoint              1.000e-009 A
# Pre-amplifier range             0;3.33e-007
# Loop gain                       7.000e+000 %
# Z-axis offset                   -8.000e-010 m
# Parameter mode                  V before Z
# Raster time                     1.000e-002 seconds
# Channel name and data unit      I(r) [A]
# Manipulation vector: start      1.854e+001, -4.898e+000 [nm]
#                      end        1.370e+001, -4.774e+000 [nm]
# 
# 
#             Position                             I(r)
# --------------------             --------------------
   0.000000000000e+000             -2.087392423514e-008
   2.418794741188e-011             -2.082765324319e-008
   4.837589482377e-011             -2.079024112639e-008
   7.256384223565e-011             -2.086627176728e-008
   9.675178964753e-011             -2.100855246631e-008
   1.209397370594e-010             -2.081556249903e-008
   1.451276844713e-010             -2.084354479058e-008
   1.693156318832e-010             -2.088672455768e-008
   1.935035792951e-010             -2.065817410721e-008
   2.176915267069e-010             -2.039523345067e-008
   2.418794741188e-010             -2.094330133821e-008
   2.660674215307e-010             -2.145397494146e-008
   2.902553689426e-010             -2.135916125231e-008
   3.144433163545e-010             -2.123515901937e-008
   3.386312637664e-010             -2.124318798555e-008
   3.628192111782e-010             -2.132834902076e-008
   3.870071585901e-010             -2.123631921723e-008
   4.111951060020e-010             -2.110720510475e-008
   4.353830534139e-010             -2.118305649025e-008
   4.595710008258e-010             -2.119016095768e-008
   4.837589482377e-010             -2.096791328754e-008
   5.079468956495e-010             -2.095669323451e-008
   5.321348430614e-010             -2.102139108995e-008
   5.563227904733e-010             -2.093640434803e-008
   5.805107378852e-010             -2.085013196049e-008
   6.046986852971e-010             -2.128181426290e-008
   6.288866327089e-010             -2.156749972864e-008
   6.530745801208e-010             -2.144387399401e-008
   6.772625275327e-010             -2.125145001473e-008
   7.014504749446e-010             -2.127082975391e-008
   7.256384223565e-010             -2.122220254617e-008
   7.498263697684e-010             -2.118926452573e-008
   7.740143171802e-010             -2.123858316922e-008
   7.982022645921e-010             -2.130145249577e-008
   8.223902120040e-010             -2.113495696941e-008
   8.465781594159e-010             -2.108478546729e-008
   8.707661068278e-010             -2.114352881887e-008
   8.949540542397e-010             -2.125791173689e-008
   9.191420016515e-010             -2.115406255330e-008
   9.433299490634e-010             -2.121832002357e-008
   9.675178964753e-010             -2.167219401758e-008
   9.917058438872e-010             -2.152258354138e-008
   1.015893791299e-009             -2.122526818527e-008
   1.040081738711e-009             -2.124415357658e-008
   1.064269686123e-009             -2.124175130642e-008
   1.088457633535e-009             -2.116116190358e-008
   1.112645580947e-009             -2.120877234877e-008
   1.136833528358e-009             -2.132917365752e-008
   1.161021475770e-009             -2.132881514677e-008
   1.185209423182e-009             -2.126760021089e-008
   1.209397370594e-009             -2.123484408194e-008
   1.233585318006e-009             -2.142205104747e-008
   1.257773265418e-009             -2.140532990122e-008
   1.281961212830e-009             -2.128664438897e-008
   1.306149160242e-009             -2.133504365086e-008
   1.330337107654e-009             -2.142215354557e-008
   1.354525055065e-009             -2.132894571167e-008
   1.378713002477e-009             -2.116849416180e-008
   1.402900949889e-009             -2.125212361798e-008
   1.427088897301e-009             -2.125456698042e-008
   1.451276844713e-009             -2.108276481260e-008
   1.475464792125e-009             -2.105193955558e-008
   1.499652739537e-009             -2.109212547876e-008
   1.523840686949e-009             -2.104288622866e-008
   1.548028634360e-009             -2.083817162617e-008
   1.572216581772e-009             -2.100481586007e-008
   1.596404529184e-009             -2.148676440943e-008
   1.620592476596e-009             -2.138727162772e-008
   1.644780424008e-009             -2.125166524524e-008
   1.668968371420e-009             -2.139980554823e-008
   1.693156318832e-009             -2.137691218657e-008
   1.717344266244e-009             -2.118801981733e-008
   1.741532213656e-009             -2.110587588581e-008
   1.765720161067e-009             -2.120729457737e-008
   1.789908108479e-009             -2.117603141621e-008
   1.814096055891e-009             -2.100770984199e-008
   1.838284003303e-009             -2.111500364403e-008
   1.862471950715e-009             -2.160428445161e-008
   1.886659898127e-009             -2.149659383771e-008
   1.910847845539e-009             -2.139202251547e-008
   1.935035792951e-009             -2.142747290236e-008
   1.959223740362e-009             -2.136875513653e-008
   1.983411687774e-009             -2.171716649351e-008
   2.007599635186e-009             -2.167478841353e-008
   2.031787582598e-009             -2.172317232396e-008
   2.055975530010e-009             -2.180174618927e-008
   2.080163477422e-009             -2.170572113074e-008
   2.104351424834e-009             -2.172269084650e-008
   2.128539372246e-009             -2.200190202980e-008
   2.152727319658e-009             -2.188004341826e-008
   2.176915267069e-009             -2.180901952271e-008
   2.201103214481e-009             -2.187255733536e-008
   2.225291161893e-009             -2.188644606057e-008
   2.249479109305e-009             -2.173642590209e-008
   2.273667056717e-009             -2.167533129681e-008
   2.297855004129e-009             -2.175301911954e-008
   2.322042951541e-009             -2.182704445719e-008
   2.346230898953e-009             -2.170049651879e-008
   2.370418846365e-009             -2.179569166835e-008
   2.394606793776e-009             -2.184454434090e-008
   2.418794741188e-009             -2.180092651460e-008
   2.442982688600e-009             -2.162565414257e-008
   2.467170636012e-009             -2.138184729179e-008
   2.491358583424e-009             -2.143770177860e-008
   2.515546530836e-009             -2.130927150367e-008
   2.539734478248e-009             -2.123355068306e-008
   2.563922425660e-009             -2.126882693172e-008
   2.588110373071e-009             -2.128230333855e-008
   2.612298320483e-009             -2.163263827940e-008
   2.636486267895e-009             -2.195260121881e-008
   2.660674215307e-009             -2.198784940067e-008
   2.684862162719e-009             -2.159435268030e-008
   2.709050110131e-009             -2.138554296082e-008
   2.733238057543e-009             -2.144875808277e-008
   2.757426004955e-009             -2.146372234024e-008
   2.781613952367e-009             -2.137841802478e-008
   2.805801899778e-009             -2.132708896091e-008
   2.829989847190e-009             -2.136933383988e-008
   2.854177794602e-009             -2.134593077889e-008
   2.878365742014e-009             -2.127276078091e-008
   2.902553689426e-009             -2.134423017879e-008
   2.926741636838e-009             -2.146779450759e-008
   2.950929584250e-009             -2.143923599374e-008
   2.975117531662e-009             -2.146840143280e-008
   2.999305479073e-009             -2.145353192017e-008
   3.023493426485e-009             -2.150205911086e-008
   3.047681373897e-009             -2.132791359767e-008
   3.071869321309e-009             -2.131457039185e-008
   3.096057268721e-009             -2.137030454806e-008
   3.120245216133e-009             -2.136403247065e-008
   3.144433163545e-009             -2.124890942641e-008
   3.168621110957e-009             -2.135496875436e-008
   3.192809058369e-009             -2.145999085115e-008
   3.216997005780e-009             -2.147690164214e-008
   3.241184953192e-009             -2.133327141063e-008
   3.265372900604e-009             -2.146072586022e-008
   3.289560848016e-009             -2.149876304486e-008
   3.313748795428e-009             -2.140712772721e-008
   3.337936742840e-009             -2.128025198096e-008
   3.362124690252e-009             -2.137975995906e-008
   3.386312637664e-009             -2.130847245267e-008
   3.410500585075e-009             -2.125362449410e-008
   3.434688532487e-009             -2.123525128316e-008
   3.458876479899e-009             -2.138461070880e-008
   3.483064427311e-009             -2.134677076711e-008
   3.507252374723e-009             -2.135545023182e-008
   3.531440322135e-009             -2.143656732156e-008
   3.555628269547e-009             -2.158074307246e-008
   3.579816216959e-009             -2.138942300237e-008
   3.604004164371e-009             -2.141088480206e-008
   3.628192111782e-009             -2.137198716060e-008
   3.652380059194e-009             -2.134120563197e-008
   3.676568006606e-009             -2.114997767061e-008
   3.700755954018e-009             -2.124556730605e-008
   3.724943901430e-009             -2.136057498178e-008
   3.749131848842e-009             -2.152290886818e-008
   3.773319796254e-009             -2.138087410256e-008
   3.797507743666e-009             -2.158362945619e-008
   3.821695691077e-009             -2.160945029385e-008
   3.845883638489e-009             -2.154847090201e-008
   3.870071585901e-009             -2.140772193707e-008
   3.894259533313e-009             -2.154099520849e-008
   3.918447480725e-009             -2.139778489355e-008
   3.942635428137e-009             -2.158245390687e-008
   3.966823375549e-009             -2.192121772705e-008
   3.991011322961e-009             -2.211832855216e-008
   4.015199270373e-009             -2.179287707981e-008
   4.039387217784e-009             -2.160996247422e-008
   4.063575165196e-009             -2.158064072943e-008
   4.087763112608e-009             -2.172770534510e-008
   4.111951060020e-009             -2.150328583169e-008
   4.136139007432e-009             -2.150076834809e-008
   4.160326954844e-009             -2.147223790104e-008
   4.184514902256e-009             -2.151815549939e-008
   4.208702849668e-009             -2.141718510134e-008
   4.232890797079e-009             -2.210016281847e-008
   4.257078744491e-009             -2.213297787220e-008
   4.281266691903e-009             -2.205588689544e-008
   4.305454639315e-009             -2.153305586999e-008
   4.329642586727e-009             -2.171462854130e-008
   4.353830534139e-009             -2.161403200546e-008
   4.378018481551e-009             -2.158751973205e-008
   4.402206428963e-009             -2.141787141993e-008
   4.426394376375e-009             -2.163006683310e-008
   4.450582323786e-009             -2.151459303137e-008
   4.474770271198e-009             -2.144267797609e-008
   4.498958218610e-009             -2.142305509467e-008
   4.523146166022e-009             -2.166020825257e-008
   4.547334113434e-009             -2.180425855572e-008
   4.571522060846e-009             -2.159178387012e-008
   4.595710008258e-009             -2.152705531176e-008
   4.619897955670e-009             -2.172125153127e-008
   4.644085903081e-009             -2.147088309634e-008
   4.668273850493e-009             -2.149878351347e-008
   4.692461797905e-009             -2.146527702399e-008
   4.716649745317e-009             -2.157951123447e-008
   4.740837692729e-009             -2.136240102963e-008
   4.765025640141e-009             -2.153851866210e-008
   4.789213587553e-009             -2.159454992324e-008
   4.813401534965e-009             -2.168801888694e-008
