# Atom Manipulation               
# 
# Sample                          Ag(111)
# Data set                        -
# Creation Comment                
# Gap voltage                     1.800e+000 V
# Gap voltage range in Volt       -10;10
# Feedback loop enabled           No
# Regulator setpoint              1.000e-009 A
# Pre-amplifier range             0;3.33e-007
# Loop gain                       7.000e+000 %
# Z-axis offset                   -2.000e-010 m
# Parameter mode                  V before Z
# Raster time                     1.000e-003 seconds
# Channel name and data unit      I(r) [A]
# Manipulation vector: start      -4.550e+000, 1.475e+000 [nm]
#                      end        -1.125e+000, 5.050e+000 [nm]
# 
# 
#             Position                             I(r)
# --------------------             --------------------
   0.000000000000e+000              4.836908620075e-010
   4.950883759492e-012              4.719671571896e-010
   9.901767518984e-012              4.751163764363e-010
   1.485265127848e-011              4.800387663012e-010
   1.980353503797e-011              4.826587480035e-010
   2.475441879746e-011              4.727876071888e-010
   2.970530255695e-011              4.709615593357e-010
   3.465618631644e-011              4.702733799563e-010
   3.960707007593e-011              4.522510815798e-010
   4.455795383543e-011              4.549240955822e-010
   4.950883759492e-011              4.649540231667e-010
   5.445972135441e-011              4.862844826249e-010
   5.941060511390e-011              4.616725333003e-010
   6.436148887339e-011              4.398393524477e-010
   6.931237263289e-011              4.879517437082e-010
   7.426325639238e-011              4.931917071128e-010
   7.921414015187e-011              4.400245003024e-010
   8.416502391136e-011              4.374839119850e-010
   8.911590767085e-011              4.350227170525e-010
   9.406679143034e-011              4.343612088883e-010
   9.901767518984e-011              4.445764393928e-010
   1.039685589493e-010              4.395481399929e-010
   1.089194427088e-010              4.501868535719e-010
   1.138703264683e-010              4.565913566655e-010
   1.188212102278e-010              4.462965777109e-010
   1.237720939873e-010              4.357108964319e-010
   1.287229777468e-010              4.457144629317e-010
   1.336738615063e-010              4.392835987533e-010
   1.386247452658e-010              4.482020189490e-010
   1.435756290253e-010              4.510601808060e-010
   1.485265127848e-010              4.570940780598e-010
   1.534773965442e-010              4.564325698956e-010
   1.584282803037e-010              4.688708151778e-010
   1.633791640632e-010              4.613019274605e-010
   1.683300478227e-010              4.681033974786e-010
   1.732809315822e-010              4.500017057173e-010
   1.782318153417e-010              4.596083052924e-010
   1.831826991012e-010              4.560884802059e-010
   1.881335828607e-010              4.653509900913e-010
   1.930844666202e-010              4.702205027214e-010
   1.980353503797e-010              4.704851990262e-010
   2.029862341392e-010              4.737403278078e-010
   2.079371178987e-010              4.770748499744e-010
   2.128880016581e-010              4.710673138055e-010
   2.178388854176e-010              4.633132782335e-010
   2.227897691771e-010              4.697970196468e-010
   2.277406529366e-010              4.584967979035e-010
   2.326915366961e-010              4.545271286576e-010
   2.376424204556e-010              4.541036455830e-010
   2.425933042151e-010              4.548710632821e-010
   2.475441879746e-010              4.592376994526e-010
   2.524950717341e-010              4.446293166276e-010
   2.574459554936e-010              4.574116515995e-010
   2.623968392531e-010              4.538654654282e-010
   2.673477230126e-010              4.522510815798e-010
   2.722986067721e-010              4.376163376700e-010
   2.772494905315e-010              4.380396656794e-010
   2.822003742910e-010              4.548181860472e-010
   2.871512580505e-010              4.430150878444e-010
   2.921021418100e-010              4.406861635318e-010
   2.970530255695e-010              4.471435438602e-010
   3.020039093290e-010              4.598993626820e-010
   3.069547930885e-010              4.579410442091e-010
   3.119056768480e-010              4.550563662020e-010
   3.168565606075e-010              4.547916698972e-010
   3.218074443670e-010              4.700351998015e-010
   3.267583281265e-010              4.677858239390e-010
   3.317092118860e-010              4.741107785824e-010
   3.366600956454e-010              4.644247856224e-010
   3.416109794049e-010              4.729198778086e-010
   3.465618631644e-010              4.863638760099e-010
   3.515127469239e-010              4.949118454310e-010
   3.564636306834e-010              4.997019646761e-010
   3.614145144429e-010              4.972671308285e-010
   3.663653982024e-010              5.017925537689e-010
   3.713162819619e-010              4.962880491247e-010
   3.762671657214e-010              5.326237032672e-010
   3.812180494809e-010              5.121402099583e-010
   3.861689332404e-010              5.219849896882e-010
   3.911198169999e-010              5.251342089349e-010
   3.960707007593e-010              5.371226100575e-010
   4.010215845188e-010              5.634548527656e-010
   4.059724682783e-010              5.497197971747e-010
   4.109233520378e-010              5.567064150475e-010
   4.158742357973e-010              5.614169858425e-010
   4.208251195568e-010              5.563094481229e-010
   4.257760033163e-010              5.751785575835e-010
   4.307268870758e-010              5.655454418583e-010
   4.356777708353e-010              5.860819674673e-010
   4.406286545948e-010              5.867965079316e-010
   4.455795383543e-010              6.150605529625e-010
   4.505304221138e-010              6.060097070818e-010
   4.554813058732e-010              6.223647443750e-010
   4.604321896327e-010              6.889757943215e-010
   4.653830733922e-010              6.379787250539e-010
   4.703339571517e-010              6.491997084774e-010
   4.752848409112e-010              6.563451131201e-010
   4.802357246707e-010              6.845032486160e-010
   4.851866084302e-010              6.917545627937e-010
   4.901374921897e-010              7.138788010358e-010
   4.950883759492e-010              7.283283970910e-010
   5.000392597087e-010              7.535489773450e-010
   5.049901434682e-010              7.515377816372e-010
   5.099410272277e-010              7.681309990851e-010
   5.148919109872e-010              7.955480779668e-010
   5.198427947466e-010              8.103946409465e-010
   5.247936785061e-010              8.353241638109e-010
   5.297445622656e-010              8.766881173533e-010
   5.346954460251e-010              8.830926204469e-010
   5.396463297846e-010              9.022793034471e-010
   5.445972135441e-010              9.302257749384e-010
   5.495480973036e-010              9.452046085379e-010
   5.544989810631e-010              9.847425142272e-010
   5.594498648226e-010              9.970750050396e-010
   5.644007485821e-010              1.002314968444e-009
   5.693516323416e-010              1.069428894850e-009
   5.743025161011e-010              1.059240025431e-009
   5.792533998605e-010              1.084989998294e-009
   5.842042836200e-010              1.092982214021e-009
   5.891551673795e-010              1.132255423406e-009
   5.941060511390e-010              1.159434477198e-009
   5.990569348985e-010              1.182485074974e-009
   6.040078186580e-010              1.181558715440e-009
   6.089587024175e-010              1.250683992619e-009
   6.139095861770e-010              1.276566236102e-009
   6.188604699365e-010              1.292550667556e-009
   6.238113536960e-010              1.324890291368e-009
   6.287622374555e-010              1.344606366977e-009
   6.337131212150e-010              1.365804400751e-009
   6.386640049744e-010              1.393644962707e-009
   6.436148887339e-010              1.427731240987e-009
   6.485657724934e-010              1.456286343407e-009
   6.535166562529e-010              1.487038099521e-009
   6.584675400124e-010              1.527158119989e-009
   6.634184237719e-010              1.543963156507e-009
   6.683693075314e-010              1.575297027400e-009
   6.733201912909e-010              1.584586053435e-009
   6.782710750504e-010              1.592207818388e-009
   6.832219588099e-010              1.671786506226e-009
   6.881728425694e-010              1.726329761665e-009
   6.931237263289e-010              1.760548310565e-009
   6.980746100883e-010              1.793390655771e-009
   7.030254938478e-010              1.295276558793e-009
   7.079763776073e-010              1.314410364558e-009
   7.129272613668e-010              1.347623315604e-009
   7.178781451263e-010              1.391342554544e-009
   7.228290288858e-010              1.409338336771e-009
   7.277799126453e-010              1.417621764952e-009
   7.327307964048e-010              1.438925708260e-009
   7.376816801643e-010              1.506410085441e-009
   7.426325639238e-010              1.537452898944e-009
   7.475834476833e-010              1.533774287088e-009
   7.525343314428e-010              1.585697560824e-009
   7.574852152022e-010              1.590434647769e-009
   7.624360989617e-010              1.637329777171e-009
   7.673869827212e-010              1.625526523903e-009
   7.723378664807e-010              1.685045201507e-009
   7.772887502402e-010              1.647174556901e-009
   7.822396339997e-010              1.668795918684e-009
   7.871905177592e-010              1.722571756424e-009
   7.921414015187e-010              1.733501527392e-009
   7.970922852782e-010              1.725350524896e-009
   8.020431690377e-010              1.754673200081e-009
   8.069940527972e-010              1.770975205074e-009
   8.119449365567e-010              1.829673432678e-009
   8.168958203162e-010              1.859895796182e-009
   8.218467040756e-010              1.832690381305e-009
   8.267975878351e-010              1.821495914032e-009
   8.317484715946e-010              1.836130813007e-009
   8.366993553541e-010              1.847113461210e-009
   8.416502391136e-010              1.876145079006e-009
   8.466011228731e-010              1.888186357363e-009
   8.515520066326e-010              1.919361441486e-009
   8.565028903921e-010              1.931429235994e-009
   8.614537741516e-010              1.922669602568e-009
   8.664046579111e-010              2.061343329870e-009
   8.713555416706e-010              2.069706151437e-009
   8.763064254301e-010              2.053483384763e-009
   8.812573091895e-010              2.076825039929e-009
   8.862081929490e-010              2.128563010746e-009
   8.911590767085e-010              2.139651723550e-009
   8.961099604680e-010              2.121841089178e-009
   9.010608442275e-010              2.175299353378e-009
   9.060117279870e-010              2.201075687327e-009
   9.109626117465e-010              2.190198793593e-009
   9.159134955060e-010              2.212481818605e-009
   9.208643792655e-010              2.186282001582e-009
   9.258152630250e-010              2.176728434307e-009
   9.307661467845e-010              2.193903766534e-009
   9.357170305440e-010              2.193162864985e-009
   9.406679143034e-010              2.212217277365e-009
   9.456187980629e-010              2.208273969204e-009
   9.505696818224e-010              2.139228240475e-009
   9.555205655819e-010              2.150184527594e-009
   9.604714493414e-010              2.112578579293e-009
   9.654223331009e-010              2.089554497666e-009
   9.703732168604e-010              2.060840453411e-009
   9.753241006199e-010              2.055547612771e-009
   9.802749843794e-010              2.057982291554e-009
   9.852258681389e-010              1.986845818667e-009
   9.901767518984e-010              1.986237187737e-009
   9.951276356579e-010              1.967526865047e-009
   1.000078519417e-009              1.967262168742e-009
   1.005029403177e-009              1.946540495278e-009
   1.009980286936e-009              1.933070135992e-009
   1.014931170696e-009              1.882972910109e-009
   1.019882054455e-009              1.865585758812e-009
   1.024832938215e-009              1.847854517825e-009
   1.029783821974e-009              1.821760610337e-009
   1.034734705734e-009              1.798524709640e-009
   1.039685589493e-009              1.792782024841e-009
   1.044636473253e-009              1.771107630759e-009
   1.049587357012e-009              1.752264882383e-009
   1.054538240772e-009              1.725932794740e-009
   1.059489124531e-009              1.705396269131e-009
   1.064440008291e-009              1.597765355332e-009
   1.069390892050e-009              1.556983671634e-009
   1.074341775810e-009              1.592922358852e-009
   1.079292659569e-009              1.578949123106e-009
   1.084243543329e-009              1.546239048520e-009
   1.089194427088e-009              1.517869093954e-009
   1.094145310848e-009              1.510088542232e-009
   1.099096194607e-009              1.465072492983e-009
   1.104047078367e-009              1.449881995379e-009
   1.108997962126e-009              1.416430864178e-009
   1.113948845886e-009              1.348576036223e-009
   1.118899729645e-009              1.303189381135e-009
   1.123850613405e-009              1.251927770628e-009
   1.128801497164e-009              1.198363751958e-009
   1.133752380924e-009              1.171052427546e-009
   1.138703264683e-009              1.134002077874e-009
   1.143654148443e-009              1.112592380096e-009
   1.148605032202e-009              1.069137682395e-009
   1.153555915962e-009              1.005570097226e-009
   1.158506799721e-009              9.790527066632e-010
   1.163457683481e-009              9.531439470297e-010
   1.168408567240e-009              9.103245514739e-010
   1.173359451000e-009              8.840453410659e-010
   1.178310334759e-009              8.593803594411e-010
   1.183261218519e-009              8.279670951635e-010
   1.188212102278e-009              8.194191257424e-010
   1.193162986038e-009              8.083040518538e-010
   1.198113869797e-009              8.259293833057e-010
   1.203064753557e-009              8.119296314100e-010
   1.208015637316e-009              8.266702848548e-010
   1.212966521076e-009              8.002853199771e-010
   1.217917404835e-009              7.981945758191e-010
   1.222868288594e-009              7.963156507311e-010
   1.227819172354e-009              8.020848516801e-010
   1.232770056113e-009              8.153964241964e-010
   1.237720939873e-009              8.303223805610e-010
   1.242671823632e-009              8.431312316829e-010
   1.247622707392e-009              8.445603126115e-010
   1.252573591151e-009              8.529231341779e-010
   1.257524474911e-009              8.578190078928e-010
   1.262475358670e-009              8.716069407186e-010
   1.267426242430e-009              8.682989347020e-010
   1.272377126189e-009              8.886765184760e-010
   1.277328009949e-009              8.946575384949e-010
   1.282278893708e-009              8.957690458838e-010
   1.287229777468e-009              9.036024748407e-010
   1.292180661227e-009              9.067253330025e-010
   1.297131544987e-009              9.090542573152e-010
   1.302082428746e-009              9.304904712432e-010
   1.307033312506e-009              9.466336894664e-010
   1.311984196265e-009              9.219159856720e-010
   1.316935080025e-009              9.170729891920e-010
   1.321885963784e-009              9.023321806820e-010
   1.326836847544e-009              9.382445068151e-010
   1.331787731303e-009              9.072016933120e-010
   1.336738615063e-009              9.122828699468e-010
   1.341689498822e-009              9.167554156523e-010
   1.346640382582e-009              8.920640729427e-010
   1.351591266341e-009              8.863212330785e-010
   1.356542150101e-009              8.840453410659e-010
   1.361493033860e-009              8.925667943370e-010
   1.366443917620e-009              8.930431546465e-010
   1.371394801379e-009              8.829867109119e-010
   1.376345685139e-009              8.694104420909e-010
   1.381296568898e-009              8.744387414908e-010
   1.386247452658e-009              8.802873358247e-010
   1.391198336417e-009              8.925667943370e-010
   1.396149220177e-009              8.984419048210e-010
   1.401100103936e-009              8.897616647800e-010
   1.406050987696e-009              9.004003783591e-010
   1.411001871455e-009              9.050315557692e-010
   1.415952755215e-009              9.067518491526e-010
   1.420903638974e-009              8.867182000031e-010
   1.425854522734e-009              9.248535409140e-010
   1.430805406493e-009              9.352540743383e-010
   1.435756290253e-009              9.332956008001e-010
   1.440707174012e-009              9.167554156523e-010
   1.445658057772e-009              9.143470979547e-010
   1.450608941531e-009              9.167554156523e-010
   1.455559825291e-009              9.177610135062e-010
   1.460510709050e-009              9.036555071408e-010
   1.465461592810e-009              9.123357471817e-010
   1.470412476569e-009              9.017235497527e-010
   1.475363360329e-009              8.879884941618e-010
   1.480314244088e-009              9.056932189986e-010
   1.485265127848e-009              8.955308657290e-010
   1.490216011607e-009              8.918522538728e-010
   1.495166895367e-009              8.758147901192e-010
   1.500117779126e-009              8.754972165796e-010
   1.505068662886e-009              8.620797345284e-010
   1.510019546645e-009              8.579512785126e-010
   1.514970430405e-009              8.363562778148e-010
   1.519921314164e-009              8.184398889733e-010
   1.524872197923e-009              8.114797872505e-010
   1.529823081683e-009              7.987503295136e-010
   1.534773965442e-009              7.918959822605e-010
   1.539724849202e-009              7.816278745212e-010
   1.544675732961e-009              7.647699607685e-010
   1.549626616721e-009              7.544488207291e-010
   1.554577500480e-009              7.445775248492e-010
   1.559528384240e-009              7.215005659880e-010
   1.564479267999e-009              7.229296469165e-010
   1.569430151759e-009              7.085594442463e-010
   1.574381035518e-009              6.909606289445e-010
   1.579331919278e-009              6.840003721565e-010
   1.584282803037e-009              6.835770441471e-010
   1.589233686797e-009              6.729118144180e-010
   1.594184570556e-009              6.751348291957e-010
   1.599135454316e-009              6.716943974941e-010
   1.604086338075e-009              6.548101226566e-010
   1.609037221835e-009              6.540690660423e-010
   1.613988105594e-009              6.353322272015e-010
   1.618938989354e-009              6.291925754780e-010
   1.623889873113e-009              6.370260044349e-010
   1.628840756873e-009              6.151134301974e-010
   1.633791640632e-009              6.028868489200e-010
   1.638742524392e-009              6.006638341423e-010
   1.643693408151e-009              5.802068569834e-010
   1.648644291911e-009              5.695416272543e-010
   1.653595175670e-009              5.564682348928e-010
   1.658546059430e-009              5.458823985486e-010
   1.663496943189e-009              5.184122873668e-010
   1.668447826949e-009              5.061857060894e-010
   1.673398710708e-009              5.084881142520e-010
   1.678349594468e-009              4.926094372684e-010
   1.683300478227e-009              4.743489587371e-010
   1.688251361987e-009              4.745606227419e-010
   1.693202245746e-009              4.325086448852e-010
   1.698153129506e-009              4.422740312301e-010
   1.703104013265e-009              4.503456403418e-010
   1.708054897025e-009              4.301797205725e-010
   1.713005780784e-009              4.166828451364e-010
   1.717956664544e-009              4.155449766627e-010
   1.722907548303e-009              4.029477895455e-010
   1.727858432063e-009              3.902184868737e-010
   1.732809315822e-009              3.839727705500e-010
   1.737760199582e-009              3.807970351533e-010
   1.742711083341e-009              3.739692040503e-010
   1.747661967101e-009              3.643097272403e-010
   1.752612850860e-009              3.592020344555e-010
   1.757563734620e-009              3.555764548993e-010
   1.762514618379e-009              3.464196994836e-010
   1.767465502139e-009              3.444348648607e-010
   1.772416385898e-009              3.452818310099e-010
   1.777367269658e-009              3.334257005071e-010
   1.782318153417e-009              3.357281086697e-010
   1.787269037177e-009              3.417885220735e-010
   1.792219920936e-009              3.387979345315e-010
   1.797170804696e-009              3.422383662330e-010
   1.802121688455e-009              3.362309851292e-010
   1.807072572215e-009              3.429000294624e-010
   1.812023455974e-009              3.395655072958e-010
   1.816974339734e-009              3.111955527299e-010
   1.821925223493e-009              3.364426491340e-010
   1.826876107252e-009              3.288474003318e-010
   1.831826991012e-009              3.298264820357e-010
   1.836777874771e-009              3.368130999085e-010
   1.841728758531e-009              3.411797360790e-010
   1.846679642290e-009              2.975927677588e-010
   1.851630526050e-009              2.926703778939e-010
   1.856581409809e-009              2.807350090713e-010
   1.861532293569e-009              3.073317930190e-010
   1.866483177328e-009              3.226547163082e-010
   1.871434061088e-009              3.240307649367e-010
   1.876384944847e-009              3.345372078959e-010
   1.881335828607e-009              3.216226023043e-010
   1.886286712366e-009              3.263862053994e-010
   1.891237596126e-009              3.254863620152e-010
   1.896188479885e-009              3.302234489603e-010
   1.901139363645e-009              3.250100017057e-010
   1.906090247404e-009              3.314143497341e-010
   1.911041131164e-009              3.255657554001e-010
   1.915992014923e-009              3.269683201786e-010
   1.920942898683e-009              3.191083750717e-010
   1.925893782442e-009              3.268889267937e-010
   1.930844666202e-009              3.303822357301e-010
   1.935795549961e-009              3.317055621889e-010
   1.940746433721e-009              3.400682286902e-010
   1.945697317480e-009              3.215960861542e-010
   1.950648201240e-009              3.155356727504e-010
   1.955599084999e-009              3.274711966382e-010
   1.960549968759e-009              3.126246336585e-010
   1.965500852518e-009              3.151652219758e-010
   1.970451736278e-009              3.144771976616e-010
   1.975402620037e-009              3.280798275675e-010
   1.980353503797e-009              3.304087518802e-010
   1.985304387556e-009              3.491721068709e-010
   1.990255271316e-009              3.542796445906e-010
   1.995206155075e-009              3.553382747445e-010
   2.000157038835e-009              3.631982198514e-010
   2.005107922594e-009              3.703701406441e-010
   2.010058806354e-009              3.654477507792e-010
   2.015009690113e-009              3.652889640094e-010
   2.019960573873e-009              3.655006280141e-010
   2.024911457632e-009              3.658710787886e-010
   2.029862341392e-009              3.742073842051e-010
   2.034813225151e-009              3.756364651336e-010
   2.039764108911e-009              3.673001597172e-010
   2.044714992670e-009              3.694174200251e-010
   2.049665876430e-009              3.577729535270e-010
   2.054616760189e-009              3.311761695793e-010
   2.059567643949e-009              3.455994045496e-010
   2.064518527708e-009              3.572965932174e-010
   2.069469411468e-009              3.506011877995e-010
   2.074420295227e-009              3.478752965622e-010
   2.079371178987e-009              3.385862705268e-010
   2.084322062746e-009              3.270742297136e-010
   2.089272946506e-009              3.285033106421e-010
   2.094223830265e-009              3.421060956132e-010
   2.099174714025e-009              3.247983377010e-010
   2.104125597784e-009              3.605517219991e-010
   2.109076481544e-009              3.584081006063e-010
   2.114027365303e-009              3.579847725969e-010
   2.118978249063e-009              3.625630727721e-010
   2.123929132822e-009              3.690733303354e-010
   2.128880016582e-009              3.641774566205e-010
   2.133830900341e-009              3.666386515530e-010
   2.138781784100e-009              3.706611980338e-010
   2.143732667860e-009              3.782829629859e-010
   2.148683551619e-009              3.736252694258e-010
   2.153634435379e-009              3.706611980338e-010
   2.158585319138e-009              3.811146086930e-010
   2.163536202898e-009              3.797385600645e-010
   2.168487086657e-009              3.872809316318e-010
   2.173437970417e-009              3.668503155577e-010
   2.178388854176e-009              3.579053792120e-010
   2.183339737936e-009              3.714022546481e-010
   2.188290621695e-009              3.734928437408e-010
   2.193241505455e-009              3.945320907442e-010
   2.198192389214e-009              3.928119524260e-010
   2.203143272974e-009              4.039535424646e-010
   2.208094156733e-009              4.009629549225e-010
   2.213045040493e-009              3.931824032005e-010
   2.217995924252e-009              3.979725224457e-010
   2.222946808012e-009              3.973638915164e-010
   2.227897691771e-009              3.959348105879e-010
   2.232848575531e-009              3.972579819814e-010
   2.237799459290e-009              4.006984136830e-010
   2.242750343050e-009              3.948496642838e-010
   2.247701226809e-009              3.851636713238e-010
   2.252652110569e-009              3.886834964102e-010
   2.257602994328e-009              3.900331839539e-010
   2.262553878088e-009              3.833112623858e-010
   2.267504761847e-009              3.602077873746e-010
   2.272455645607e-009              3.607370249190e-010
   2.277406529366e-009              3.553382747445e-010
   2.282357413126e-009              3.612399013785e-010
   2.287308296885e-009              3.848460977841e-010
   2.292259180645e-009              3.866721456372e-010
   2.297210064404e-009              3.892127339546e-010
   2.302160948164e-009              3.988987269147e-010
   2.307111831923e-009              3.891863728698e-010
   2.312062715683e-009              3.906154537983e-010
   2.317013599442e-009              3.707405914187e-010
   2.321964483202e-009              3.652624478593e-010
   2.326915366961e-009              3.878366853262e-010
   2.331866250721e-009              3.807441579184e-010
   2.336817134480e-009              4.059383770876e-010
   2.341768018240e-009              4.081877529501e-010
   2.346718901999e-009              4.161270914420e-010
   2.351669785759e-009              4.099080463335e-010
   2.356620669518e-009              4.112312177271e-010
   2.361571553278e-009              4.107283412675e-010
   2.366522437037e-009              4.079760889454e-010
   2.371473320797e-009              4.110724309572e-010
   2.376424204556e-009              4.203085797578e-010
   2.381375088316e-009              4.117075780366e-010
   2.386325972075e-009              4.266864116361e-010
   2.391276855835e-009              4.256542976322e-010
   2.396227739594e-009              4.200173673030e-010
   2.401178623354e-009              4.200967606879e-010
   2.406129507113e-009              4.245958225434e-010
   2.411080390873e-009              4.125280280358e-010
   2.416031274632e-009              3.915945355022e-010
   2.420982158392e-009              4.068910977066e-010
   2.425933042151e-009              4.178737459102e-010
   2.430883925911e-009              4.137983221945e-010
   2.435834809670e-009              4.142481663540e-010
   2.440785693429e-009              4.116547008017e-010
   2.445736577189e-009              4.032124858503e-010
   2.450687460948e-009              4.119457581913e-010
   2.455638344708e-009              4.019156755416e-010
   2.460589228467e-009              4.127396920405e-010
   2.465540112227e-009              3.978137356759e-010
   2.470490995986e-009              4.019421916916e-010
   2.475441879746e-009              4.081348757152e-010
   2.480392763505e-009              4.091669897192e-010
   2.485343647265e-009              4.080819984804e-010
   2.490294531024e-009              4.081613918653e-010
   2.495245414784e-009              4.239606754640e-010
   2.500196298543e-009              4.060706477074e-010
   2.505147182303e-009              4.217376606863e-010
   2.510098066062e-009              4.169740575912e-010
   2.515048949822e-009              4.205202437625e-010
   2.519999833581e-009              4.429885716944e-010
   2.524950717341e-009              4.290947293337e-010
   2.529901601100e-009              4.509544263363e-010
   2.534852484860e-009              4.377486082898e-010
   2.539803368619e-009              4.443647753881e-010
   2.544754252379e-009              4.434649320039e-010
   2.549705136138e-009              4.518806308053e-010
   2.554656019898e-009              4.445235621579e-010
   2.559606903657e-009              4.544477352727e-010
   2.564557787417e-009              4.487314115586e-010
   2.569508671176e-009              4.427769076897e-010
   2.574459554936e-009              4.361607405914e-010
   2.579410438695e-009              4.371399773605e-010
   2.584361322455e-009              4.420887283103e-010
   2.589312206214e-009              4.446293166276e-010
   2.594263089974e-009              4.554798492766e-010
   2.599213973733e-009              4.456085533967e-010
   2.604164857493e-009              4.456614306316e-010
   2.609115741252e-009              4.461643070911e-010
   2.614066625012e-009              4.394423855231e-010
   2.619017508771e-009              4.333819721193e-010
   2.623968392531e-009              4.492606491029e-010
   2.628919276290e-009              4.382778458342e-010
   2.633870160050e-009              4.356843802819e-010
   2.638821043809e-009              4.372193707454e-010
   2.643771927569e-009              4.292006388686e-010
   2.648722811328e-009              4.222403820807e-010
   2.653673695088e-009              4.267923211711e-010
   2.658624578847e-009              4.256014203973e-010
   2.663575462607e-009              4.263159608615e-010
   2.668526346366e-009              4.329584890446e-010
   2.673477230126e-009              3.953790568934e-010
   2.678428113885e-009              4.180590488300e-010
   2.683378997645e-009              4.284595822543e-010
   2.688329881404e-009              4.248074865481e-010
   2.693280765164e-009              4.379339112097e-010
   2.698231648923e-009              4.481491417141e-010
   2.703182532683e-009              4.541036455830e-010
   2.708133416442e-009              4.433590224689e-010
   2.713084300202e-009              4.525951712695e-010
   2.718035183961e-009              4.395217789080e-010
   2.722986067721e-009              4.594230023725e-010
   2.727936951480e-009              4.325351610352e-010
   2.732887835240e-009              4.590260354479e-010
   2.737838718999e-009              4.602698134566e-010
   2.742789602758e-009              4.641866054676e-010
   2.747740486518e-009              4.488636821784e-010
   2.752691370277e-009              4.267129277861e-010
   2.757642254037e-009              4.175298112856e-010
   2.762593137796e-009              3.941616399696e-010
   2.767544021556e-009              4.141158957342e-010
   2.772494905315e-009              4.399451069175e-010
   2.777445789075e-009              4.403951061421e-010
   2.782396672834e-009              4.202291863729e-010
   2.787347556594e-009              4.272158042457e-010
   2.792298440353e-009              4.354462001272e-010
   2.797249324113e-009              4.344934795081e-010
   2.802200207872e-009              4.324292515003e-010
   2.807151091632e-009              4.065998852517e-010
   2.812101975391e-009              3.940822465847e-010
   2.817052859151e-009              4.035300593900e-010
   2.822003742910e-009              4.259718711718e-010
   2.826954626670e-009              4.278509513250e-010
   2.831905510429e-009              4.285654917893e-010
   2.836856394189e-009              4.363724045961e-010
   2.841807277948e-009              4.235637085394e-010
   2.846758161708e-009              4.208906945371e-010
   2.851709045467e-009              4.295182124083e-010
   2.856659929227e-009              4.235900696243e-010
   2.861610812986e-009              4.300209338027e-010
   2.866561696746e-009              4.218434151561e-010
   2.871512580505e-009              4.273215587154e-010
   2.876463464265e-009              4.368224038208e-010
   2.881414348024e-009              4.428297849246e-010
   2.886365231784e-009              4.362666501264e-010
   2.891316115543e-009              4.509279101862e-010
   2.896266999303e-009              4.297033602630e-010
   2.901217883062e-009              4.476462652545e-010
   2.906168766822e-009              4.483344446340e-010
   2.911119650581e-009              4.498429189474e-010
   2.916070534341e-009              4.552680302067e-010
   2.921021418100e-009              4.578086185241e-010
   2.925972301860e-009              4.559562095861e-010
   2.930923185619e-009              4.619901068399e-010
   2.935874069379e-009              4.247280931632e-010
   2.940824953138e-009              4.472758144800e-010
   2.945775836898e-009              4.451850703221e-010
   2.950726720657e-009              4.461114298563e-010
   2.955677604417e-009              4.380661818295e-010
   2.960628488176e-009              4.458732497015e-010
   2.965579371936e-009              4.362401339763e-010
   2.970530255695e-009              4.302062367225e-010
   2.975481139455e-009              3.954319341283e-010
   2.980432023214e-009              3.942675495046e-010
   2.985382906974e-009              4.160476980570e-010
   2.990333790733e-009              4.373251252152e-010
   2.995284674493e-009              4.336466684241e-010
   3.000235558252e-009              4.302856301075e-010
   3.005186442012e-009              4.233784056196e-010
   3.010137325771e-009              4.119986354262e-010
   3.015088209531e-009              4.343346927383e-010
   3.020039093290e-009              4.337524228938e-010
   3.024989977050e-009              4.396275333778e-010
   3.029940860809e-009              4.404479833770e-010
   3.034891744569e-009              4.365842236661e-010
   3.039842628328e-009              4.434120547690e-010
   3.044793512088e-009              4.376692149049e-010
   3.049744395847e-009              4.369017972057e-010
   3.054695279606e-009              4.156772472825e-010
   3.059646163366e-009              4.435178092388e-010
   3.064597047125e-009              4.157566406674e-010
   3.069547930885e-009              3.949820899688e-010
   3.074498814644e-009              4.377751244398e-010
   3.079449698404e-009              4.332231853494e-010
   3.084400582163e-009              4.446558327777e-010
   3.089351465923e-009              4.502398858720e-010
   3.094302349682e-009              4.367693715207e-010
   3.099253233442e-009              4.257336910171e-010
   3.104204117201e-009              4.418241870707e-010
   3.109155000961e-009              4.449734063174e-010
   3.114105884720e-009              4.230608320799e-010
   3.119056768480e-009              4.540771294329e-010
   3.124007652239e-009              4.388072384438e-010
   3.128958535999e-009              4.303915396424e-010
   3.133909419758e-009              4.450527997023e-010
   3.138860303518e-009              4.292535161035e-010
   3.143811187277e-009              4.370340678255e-010
   3.148762071037e-009              4.264482314813e-010
   3.153712954796e-009              4.231667416148e-010
   3.158663838556e-009              4.208113011521e-010
   3.163614722315e-009              4.149098295833e-010
   3.168565606075e-009              4.090610801842e-010
   3.173516489834e-009              4.091404735691e-010
   3.178467373594e-009              4.083730558700e-010
   3.183418257353e-009              4.012541673774e-010
   3.188369141113e-009              4.057530741677e-010
   3.193320024872e-009              4.102256198732e-010
   3.198270908632e-009              4.091935058692e-010
   3.203221792391e-009              4.159154274372e-010
   3.208172676151e-009              4.114165206469e-010
   3.213123559910e-009              4.056208035479e-010
   3.218074443670e-009              4.127662081905e-010
   3.223025327429e-009              4.098815301834e-010
   3.227976211189e-009              4.118134875715e-010
   3.232927094948e-009              4.113900044969e-010
   3.237877978708e-009              3.911712074928e-010
   3.242828862467e-009              3.980784319806e-010
   3.247779746227e-009              4.213141776117e-010
   3.252730629986e-009              4.055942873979e-010
   3.257681513746e-009              4.249927894680e-010
   3.262632397505e-009              4.274539844004e-010
   3.267583281265e-009              4.129249949604e-010
   3.272534165024e-009              4.199379739180e-010
   3.277485048784e-009              4.294651801082e-010
   3.282435932543e-009              4.320588007257e-010
   3.287386816303e-009              4.335672750392e-010
   3.292337700062e-009              4.262100513266e-010
   3.297288583822e-009              4.092728992541e-010
   3.302239467581e-009              4.270305013258e-010
   3.307190351341e-009              4.288300330289e-010
   3.312141235100e-009              4.188264665292e-010
   3.317092118860e-009              4.295182124083e-010
   3.322043002619e-009              4.306297197972e-010
   3.326993886379e-009              4.200173673030e-010
   3.331944770138e-009              4.221346276109e-010
   3.336895653898e-009              4.141687729690e-010
   3.341846537657e-009              4.013335607623e-010
   3.346797421417e-009              4.202555474577e-010
   3.351748305176e-009              3.844756470096e-010
   3.356699188935e-009              4.054883778629e-010
   3.361650072695e-009              4.082671463350e-010
   3.366600956454e-009              4.004602335282e-010
   3.371551840214e-009              3.992956938393e-010
   3.376502723973e-009              4.133219618850e-010
   3.381453607733e-009              3.986076695250e-010
   3.386404491492e-009              4.140893795841e-010
   3.391355375252e-009              4.070233683264e-010
   3.396306259011e-009              4.103313743429e-010
   3.401257142771e-009              4.158095179023e-010
   3.406208026530e-009              4.176620819054e-010
   3.411158910290e-009              4.085583587899e-010
   3.416109794049e-009              4.257867233172e-010
   3.421060677809e-009              4.230608320799e-010
   3.426011561568e-009              4.355784707469e-010
   3.430962445328e-009              4.317412271860e-010
   3.435913329087e-009              4.294916962583e-010
   3.440864212847e-009              4.264482314813e-010
   3.445815096606e-009              4.325880382701e-010
   3.450765980366e-009              4.283801888694e-010
   3.455716864125e-009              4.303121462575e-010
   3.460667747885e-009              4.214729643815e-010
   3.465618631644e-009              4.324292515003e-010
   3.470569515404e-009              4.236694630092e-010
   3.475520399163e-009              4.248074865481e-010
   3.480471282923e-009              4.200967606879e-010
   3.485422166682e-009              4.104638000279e-010
   3.490373050442e-009              4.069968521763e-010
   3.495323934201e-009              4.203614569927e-010
   3.500274817961e-009              4.177943525252e-010
   3.505225701720e-009              4.147245266635e-010
   3.510176585480e-009              4.108607669525e-010
   3.515127469239e-009              4.202291863729e-010
   3.520078352999e-009              4.149627068182e-010
   3.525029236758e-009              4.128984788103e-010
   3.529980120518e-009              4.192234334538e-010
   3.534931004277e-009              4.220815953108e-010
   3.539881888037e-009              4.086112360247e-010
   3.544832771796e-009              4.068117043217e-010
   3.549783655556e-009              3.959082944378e-010
   3.554734539315e-009              3.710052877235e-010
   3.559685423075e-009              3.782300857511e-010
   3.564636306834e-009              3.878630464110e-010
   3.569587190594e-009              3.902184868737e-010
   3.574538074353e-009              4.057530741677e-010
   3.579488958113e-009              3.965169253671e-010
   3.584439841872e-009              4.040329358495e-010
   3.589390725632e-009              4.087700227946e-010
   3.594341609391e-009              4.076056381709e-010
   3.599292493151e-009              4.072880646312e-010
   3.604243376910e-009              4.150686163532e-010
   3.609194260670e-009              4.114165206469e-010
   3.614145144429e-009              4.161801237420e-010
   3.619096028189e-009              4.131895362000e-010
   3.624046911948e-009              4.252838468576e-010
   3.628997795708e-009              4.229814386950e-010
   3.633948679467e-009              4.212347842268e-010
   3.638899563227e-009              4.201232768379e-010
   3.643850446986e-009              4.135865031246e-010
   3.648801330746e-009              4.149627068182e-010
   3.653752214505e-009              4.067323109367e-010
   3.658703098264e-009              4.142216502039e-010
   3.663653982024e-009              4.157566406674e-010
   3.668604865783e-009              4.113371272620e-010
   3.673555749543e-009              4.062029183272e-010
   3.678506633302e-009              4.106489478826e-010
   3.683457517062e-009              4.077907860255e-010
   3.688408400821e-009              3.996662996790e-010
   3.693359284581e-009              3.923355921165e-010
   3.698310168340e-009              3.768538820574e-010
   3.703261052100e-009              3.985547922902e-010
   3.708211935859e-009              3.973108592163e-010
   3.713162819619e-009              3.981047930655e-010
   3.718113703378e-009              3.901390934888e-010
   3.723064587138e-009              3.992163004543e-010
   3.728015470897e-009              3.789709873002e-010
   3.732966354657e-009              3.836023197755e-010
   3.737917238416e-009              3.922827148816e-010
   3.742868122176e-009              3.726195165067e-010
   3.747819005935e-009              3.955113275132e-010
   3.752769889695e-009              3.780447828312e-010
   3.757720773454e-009              3.946380002791e-010
   3.762671657214e-009              3.923090759664e-010
   3.767622540973e-009              4.083730558700e-010
   3.772573424733e-009              4.029214284607e-010
   3.777524308492e-009              3.863545720976e-010
   3.782475192252e-009              3.785740203756e-010
   3.787426076011e-009              4.016246181519e-010
   3.792376959771e-009              4.003543239932e-010
   3.797327843530e-009              3.949290576687e-010
   3.802278727290e-009              4.043768704740e-010
   3.807229611049e-009              3.760599482082e-010
   3.812180494809e-009              3.845285242444e-010
   3.817131378568e-009              4.196734326784e-010
   3.822082262328e-009              4.041386903193e-010
   3.827033146087e-009              4.268451984059e-010
   3.831984029847e-009              4.225315945355e-010
   3.836934913606e-009              4.317412271860e-010
   3.841885797366e-009              4.218699313061e-010
   3.846836681125e-009              4.040329358495e-010
   3.851787564885e-009              4.066529175518e-010
   3.856738448644e-009              4.172385988308e-010
   3.861689332404e-009              4.062823117121e-010
   3.866640216163e-009              4.145392237436e-010
   3.871591099923e-009              3.795532571446e-010
   3.876541983682e-009              3.968344989068e-010
   3.881492867442e-009              3.943998201244e-010
   3.886443751201e-009              3.865398750174e-010
   3.891394634961e-009              3.671413729473e-010
   3.896345518720e-009              3.581964366016e-010
   3.901296402480e-009              3.642303338554e-010
   3.906247286239e-009              3.650507838546e-010
   3.911198169999e-009              3.818027880724e-010
   3.916149053758e-009              4.003014467584e-010
   3.921099937518e-009              3.977078261409e-010
   3.926050821277e-009              3.817762719223e-010
   3.931001705037e-009              3.684910604909e-010
   3.935952588796e-009              3.677501589418e-010
   3.940903472556e-009              3.612662624634e-010
   3.945854356315e-009              3.573231093675e-010
   3.950805240075e-009              3.555235776644e-010
   3.955756123834e-009              3.697613546496e-010
   3.960707007593e-009              3.848197366993e-010
   3.965657891353e-009              3.692849943401e-010
   3.970608775112e-009              3.941616399696e-010
   3.975559658872e-009              3.974696459861e-010
   3.980510542631e-009              3.737046628107e-010
   3.985461426391e-009              3.848460977841e-010
   3.990412310150e-009              3.877572919413e-010
   3.995363193910e-009              4.052767138582e-010
   4.000314077669e-009              4.039270263146e-010
   4.005264961429e-009              4.054089844780e-010
   4.010215845188e-009              4.079232117105e-010
   4.015166728948e-009              4.090347190994e-010
   4.020117612707e-009              4.023656747662e-010
   4.025068496467e-009              4.136924126595e-010
   4.030019380226e-009              4.062559506272e-010
   4.034970263986e-009              4.019421916916e-010
   4.039921147745e-009              3.940293693498e-010
   4.044872031505e-009              3.909593884228e-010
   4.049822915264e-009              3.876778985563e-010
   4.054773799024e-009              3.921239281118e-010
   4.059724682783e-009              3.837611065453e-010
   4.064675566543e-009              3.826761153065e-010
   4.069626450302e-009              3.874132022515e-010
   4.074577334062e-009              3.845550403945e-010
   4.079528217821e-009              3.856400316333e-010
   4.084479101581e-009              3.841315573199e-010
   4.089429985340e-009              3.782035696010e-010
   4.094380869100e-009              3.780182666811e-010
   4.099331752859e-009              3.843168602397e-010
   4.104282636619e-009              3.740222363504e-010
   4.109233520378e-009              3.762716122129e-010
   4.114184404138e-009              3.799767402193e-010
   4.119135287897e-009              3.888687993301e-010
   4.124086171657e-009              3.892657662547e-010
   4.129037055416e-009              3.968081378220e-010
   4.133987939176e-009              3.913563553474e-010
   4.138938822935e-009              3.978402518259e-010
   4.143889706695e-009              3.949290576687e-010
   4.148840590454e-009              3.942939105894e-010
   4.153791474214e-009              3.996132673789e-010
   4.158742357973e-009              4.006984136830e-010
   4.163693241733e-009              4.033447564701e-010
   4.168644125492e-009              3.987664562949e-010
   4.173595009252e-009              3.988458496798e-010
   4.178545893011e-009              4.023391586162e-010
   4.183496776771e-009              3.850048845540e-010
   4.188447660530e-009              3.688616663307e-010
   4.193398544290e-009              3.917798384221e-010
   4.198349428049e-009              3.913563553474e-010
   4.203300311809e-009              4.080819984804e-010
   4.208251195568e-009              4.038211167796e-010
   4.213202079328e-009              4.057265580176e-010
   4.218152963087e-009              4.099609235684e-010
   4.223103846847e-009              4.029477895455e-010
   4.228054730606e-009              3.975490393711e-010
   4.233005614366e-009              3.908271178030e-010
   4.237956498125e-009              3.613192947634e-010
   4.242907381884e-009              3.831259594660e-010
   4.247858265644e-009              3.812733954628e-010
   4.252809149403e-009              3.827555086914e-010
   4.257760033163e-009              3.798443145343e-010
   4.262710916922e-009              3.536710136612e-010
   4.267661800682e-009              3.583817395215e-010
   4.272612684441e-009              3.775419063716e-010
   4.277563568201e-009              3.778066026764e-010
   4.282514451960e-009              3.780976600661e-010
   4.287465335720e-009              3.838139837802e-010
   4.292416219479e-009              3.835229263905e-010
   4.297367103239e-009              3.539620710509e-010
   4.302317986998e-009              3.497807378002e-010
   4.307268870758e-009              3.647066941649e-010
   4.312219754517e-009              3.928913458109e-010
   4.317170638277e-009              3.900860611887e-010
   4.322121522036e-009              3.916210516522e-010
   4.327072405796e-009              4.008835615376e-010
   4.332023289555e-009              4.021274946115e-010
   4.336974173315e-009              3.919386251919e-010
   4.341925057074e-009              3.874660794864e-010
   4.346875940834e-009              3.951408767387e-010
   4.351826824593e-009              4.010688644575e-010
   4.356777708353e-009              3.969138922917e-010
   4.361728592112e-009              4.024450681512e-010
   4.366679475872e-009              3.933942222705e-010
   4.371630359631e-009              3.958023849029e-010
   4.376581243391e-009              4.040064196995e-010
   4.381532127150e-009              3.989252430647e-010
   4.386483010910e-009              3.918857479570e-010
   4.391433894669e-009              4.051444432384e-010
   4.396384778429e-009              3.908799950379e-010
   4.401335662188e-009              3.923884693514e-010
   4.406286545948e-009              3.836817131604e-010
   4.411237429707e-009              3.886041030253e-010
   4.416188313467e-009              3.831788367008e-010
   4.421139197226e-009              3.916739288871e-010
   4.426090080986e-009              3.811411248430e-010
   4.431040964745e-009              3.759011614384e-010
   4.435991848505e-009              3.701848377243e-010
   4.440942732264e-009              3.722490657321e-010
   4.445893616024e-009              3.712963451131e-010
   4.450844499783e-009              3.674060692521e-010
   4.455795383543e-009              3.550472173549e-010
   4.460746267302e-009              3.716667958877e-010
   4.465697151062e-009              3.648389647847e-010
   4.470648034821e-009              3.689145435656e-010
   4.475598918581e-009              3.714286157329e-010
   4.480549802340e-009              3.775155452868e-010
   4.485500686100e-009              3.755835878987e-010
   4.490451569859e-009              3.449377413202e-010
   4.495402453619e-009              3.522419327327e-010
   4.500353337378e-009              3.586462807611e-010
   4.505304221138e-009              3.539357099660e-010
   4.510255104897e-009              3.490396811859e-010
   4.515205988657e-009              3.673266758672e-010
   4.520156872416e-009              3.606841476841e-010
   4.525107756176e-009              3.697878707997e-010
   4.530058639935e-009              3.800031013041e-010
   4.535009523694e-009              3.711640744933e-010
   4.539960407454e-009              3.765628246678e-010
   4.544911291213e-009              3.710316488083e-010
   4.549862174973e-009              3.934205833553e-010
   4.554813058732e-009              3.545708570454e-010
   4.559763942492e-009              3.658975949387e-010
   4.564714826251e-009              3.822261160818e-010
   4.569665710011e-009              3.919651413419e-010
   4.574616593770e-009              3.878630464110e-010
   4.579567477530e-009              3.935264928903e-010
   4.584518361289e-009              3.949820899688e-010
   4.589469245049e-009              3.721961884973e-010
   4.594420128808e-009              3.687557567957e-010
   4.599371012568e-009              3.688880274155e-010
   4.604321896327e-009              3.550207012049e-010
   4.609272780087e-009              3.457845524043e-010
   4.614223663846e-009              3.587256741460e-010
   4.619174547606e-009              3.836817131604e-010
   4.624125431365e-009              3.861429080929e-010
   4.629076315125e-009              3.829142954612e-010
   4.634027198884e-009              3.773037262169e-010
   4.638978082644e-009              3.763246445130e-010
   4.643928966403e-009              3.775684225217e-010
   4.648879850163e-009              3.545178247453e-010
   4.653830733922e-009              3.364955263688e-010
   4.658781617682e-009              3.475312068725e-010
   4.663732501441e-009              3.716667958877e-010
   4.668683385201e-009              3.510245158089e-010
   4.673634268960e-009              3.555499387492e-010
   4.678585152720e-009              3.601547550745e-010
   4.683536036479e-009              3.506805811844e-010
   4.688486920239e-009              3.901390934888e-010
   4.693437803998e-009              3.810088542232e-010
   4.698388687758e-009              3.886834964102e-010
   4.703339571517e-009              3.851636713238e-010
   4.708290455277e-009              3.936587635101e-010
   4.713241339036e-009              3.974961621362e-010
   4.718192222796e-009              4.050914109383e-010
   4.723143106555e-009              3.968344989068e-010
   4.728093990315e-009              4.019950689265e-010
   4.733044874074e-009              3.631453426166e-010
   4.737995757834e-009              3.784152336057e-010
   4.742946641593e-009              3.905889376483e-010
   4.747897525353e-009              3.896097008792e-010
   4.752848409112e-009              3.777006931415e-010
   4.757799292872e-009              3.786005365256e-010
   4.762750176631e-009              3.530358665819e-010
   4.767701060391e-009              3.678295523268e-010
   4.772651944150e-009              3.826761153065e-010
   4.777602827910e-009              3.770920622122e-010
   4.782553711669e-009              3.614250492332e-010
   4.787504595429e-009              3.447789545504e-010
   4.792455479188e-009              3.488545333313e-010
   4.797406362948e-009              3.663739552482e-010
   4.802357246707e-009              3.665062258680e-010
   4.807308130467e-009              3.642303338554e-010
   4.812259014226e-009              3.698407480345e-010
   4.817209897986e-009              3.705024112639e-010
   4.822160781745e-009              3.740751135853e-010
   4.827111665504e-009              3.697878707997e-010
   4.832062549264e-009              3.658447177038e-010
   4.837013433023e-009              3.726460326567e-010
   4.841964316783e-009              3.594402146102e-010
   4.846915200542e-009              3.643097272403e-010
   4.851866084302e-009              3.669562250927e-010
   4.856816968061e-009              3.744455643598e-010
   4.861767851821e-009              3.707140752687e-010
   4.866718735580e-009              3.751866209741e-010
   4.871669619340e-009              3.718520988075e-010
   4.876620503099e-009              3.489602878010e-010
   4.881571386859e-009              3.452024376250e-010
   4.886522270618e-009              3.627218595419e-010
   4.891473154378e-009              3.771185783622e-010
   4.896424038137e-009              3.723813363519e-010
   4.901374921897e-009              3.925208950364e-010
   4.906325805656e-009              3.898478810340e-010
   4.911276689416e-009              3.920445347269e-010
   4.916227573175e-009              3.940028531998e-010
   4.921178456935e-009              3.987135790600e-010
   4.926129340694e-009              3.932617965855e-010
   4.931080224454e-009              3.885247096404e-010
   4.936031108213e-009              3.805588549985e-010
   4.940981991973e-009              3.835494425406e-010
   4.945932875732e-009              3.774625129867e-010
