# Atom Manipulation               
# 
# Sample                          Ag(111)
# Data set                        -
# Creation Comment                
# Gap voltage                     -2.600e+000 V
# Gap voltage range in Volt       -10;10
# Feedback loop enabled           No
# Regulator setpoint              9.901e-012 A
# Pre-amplifier range             0;3.29703e-009
# Loop gain                       7.000e+000 %
# Z-axis offset                   0.000e+000 m
# Parameter mode                  Z before V
# Raster time                     1.000e-002 seconds
# Channel name and data unit      I(r) [A]
# Manipulation vector: start      1.451e+001, -7.821e+000 [nm]
#                      end        1.373e+001, -6.995e+000 [nm]
# 
# 
#             Position                              I(r)
# --------------------             ---------------------
   0.000000000000e+000             -5.7107436082813e-010
   1.137186189198e-012             -6.0448551130602e-010
   2.274372378396e-012             -5.6774095328868e-010
   3.411558567593e-012             -5.7103470098285e-010
   4.548744756791e-012             -5.9356431805317e-010
   5.685930945989e-012             -6.0497092373878e-010
   6.823117135187e-012             -5.4378727725306e-010
   7.960303324384e-012             -5.6552544458806e-010
   9.097489513582e-012             -5.9415283349421e-010
   1.023467570278e-011             -5.8744417998065e-010
   1.137186189198e-011             -5.4707187149424e-010
   1.250904808118e-011             -5.8327611631978e-010
   1.364623427037e-011             -5.9667283191592e-010
   1.478342045957e-011             -5.6881516058691e-010
   1.592060664877e-011             -5.4369758815265e-010
   1.705779283797e-011             -5.9728082109022e-010
   1.819497902716e-011             -5.9292247706992e-010
   1.933216521636e-011             -5.6293546109406e-010
   2.046935140556e-011             -5.4926625755041e-010
   2.160653759476e-011             -5.9983378391802e-010
   2.274372378396e-011             -5.7607581398869e-010
   2.388090997315e-011             -5.5196441514548e-010
   2.501809616235e-011             -5.6314397312981e-010
   2.615528235155e-011             -5.9209532395501e-010
   2.729246854075e-011             -5.6251016943714e-010
   2.842965472994e-011             -5.4897855478922e-010
   2.956684091914e-011             -5.6675798267231e-010
   3.070402710834e-011             -5.8767832844008e-010
   3.184121329754e-011             -5.5204817031502e-010
   3.297839948674e-011             -5.6278704526937e-010
   3.411558567593e-011             -5.8201348023279e-010
   3.525277186513e-011             -5.6838188230428e-010
   3.638995805433e-011             -5.4532478560700e-010
   3.752714424353e-011             -5.7388431736535e-010
   3.866433043272e-011             -5.8237350172084e-010
   3.980151662192e-011             -5.5879239824307e-010
   4.093870281112e-011             -5.4787769776993e-010
   4.207588900032e-011             -5.9321121922858e-010
   4.321307518952e-011             -5.8471463012573e-010
   4.435026137871e-011             -5.4682986230363e-010
   4.548744756791e-011             -5.7088273554673e-010
   4.662463375711e-011             -5.9361488005706e-010
   4.776181994631e-011             -5.7453115421173e-010
   4.889900613550e-011             -5.4799147571257e-010
   5.003619232470e-011             -5.7766606447120e-010
   5.117337851390e-011             -5.9449655010625e-010
   5.231056470310e-011             -5.5611460331941e-010
   5.344775089230e-011             -5.4717649444859e-010
   5.458493708149e-011             -5.8297697865121e-010
   5.572212327069e-011             -5.8196875083002e-010
   5.685930945989e-011             -5.5163532993346e-010
   5.799649564909e-011             -5.6070737368826e-010
   5.913368183828e-011             -5.9879434193167e-010
   6.027086802748e-011             -5.9350168552807e-010
   6.140805421668e-011             -6.0541170809850e-010
   6.254524040588e-011             -6.2960888870602e-010
   6.368242659508e-011             -6.4974554721052e-010
   6.481961278427e-011             -6.1542521412432e-010
   6.595679897347e-011             -6.1804380177508e-010
   6.709398516267e-011             -6.4353736894879e-010
   6.823117135187e-011             -6.3906359960997e-010
   6.936835754106e-011             -6.0970039560051e-010
   7.050554373026e-011             -6.3701790726763e-010
   7.164272991946e-011             -6.6023640227845e-010
   7.277991610866e-011             -6.2971257512794e-010
   7.391710229785e-011             -6.1351330620665e-010
   7.505428848705e-011             -6.5128931804933e-010
   7.619147467625e-011             -6.3978326183190e-010
   7.732866086545e-011             -6.0503609104262e-010
   7.846584705465e-011             -6.0797782997453e-010
   7.960303324384e-011             -6.6315357028423e-010
   8.074021943304e-011             -6.3324427421731e-010
   8.187740562224e-011             -6.0079925826632e-010
   8.301459181144e-011             -6.1406515563557e-010
   8.415177800063e-011             -6.5518207955950e-010
   8.528896418983e-011             -6.2113258704493e-010
   8.642615037903e-011             -6.0993566022235e-010
   8.756333656823e-011             -6.3780040467413e-010
   8.870052275743e-011             -6.5569858026290e-010
   8.983770894662e-011             -6.0408440982106e-010
   9.097489513582e-011             -6.1730575434693e-010
   9.211208132502e-011             -6.4637767988370e-010
   9.324926751422e-011             -6.4710337736622e-010
   9.438645370341e-011             -5.9927062547623e-010
   9.552363989261e-011             -6.3039448127542e-010
   9.666082608181e-011             -6.4183359384800e-010
   9.779801227101e-011             -6.3386960766507e-010
   9.893519846021e-011             -6.1533643852686e-010
   1.000723846494e-010             -6.5074654684374e-010
   1.012095708386e-010             -6.3484936029462e-010
   1.023467570278e-010             -6.1151044256684e-010
   1.034839432170e-010             -6.1335850046727e-010
   1.046211294062e-010             -6.6200605552655e-010
   1.057583155954e-010             -6.2015937785997e-010
   1.068955017846e-010             -6.0773143443452e-010
   1.080326879738e-010             -6.0741337881094e-010
   1.091698741630e-010             -6.2163166670991e-010
   1.103070603522e-010             -5.7883995106081e-010
   1.114442465414e-010             -5.8343026341587e-010
   1.125814327306e-010             -6.1496924105101e-010
   1.137186189198e-010             -6.3014526999692e-010
   1.148558051090e-010             -5.9304396221383e-010
   1.159929912982e-010             -6.1717275599538e-010
   1.171301774874e-010             -6.4669231179038e-010
   1.182673636766e-010             -6.3485212383292e-010
   1.194045498658e-010             -5.9496471959528e-010
   1.205417360550e-010             -6.3012549073915e-010
   1.216789222442e-010             -6.4823940501634e-010
   1.228161084334e-010             -6.2230982058649e-010
   1.239532946226e-010             -5.9649046295254e-010
   1.250904808118e-010             -6.5466065975792e-010
   1.262276670010e-010             -6.4431672359811e-010
   1.273648531901e-010             -6.0782824885785e-010
   1.285020393793e-010             -6.0455777783271e-010
   1.296392255685e-010             -6.5162905363091e-010
   1.307764117577e-010             -6.2921248063028e-010
   1.319135979469e-010             -6.1220571195732e-010
   1.330507841361e-010             -6.2768757401101e-010
   1.341879703253e-010             -6.5192799017531e-010
   1.353251565145e-010             -6.1159947302395e-010
   1.364623427037e-010             -6.1048804086475e-010
   1.375995288929e-010             -6.4803302244039e-010
   1.387367150821e-010             -6.4601859646338e-010
   1.398739012713e-010             -5.9761609355744e-010
   1.410110874605e-010             -6.2427604277896e-010
   1.421482736497e-010             -6.5015876834625e-010
   1.432854598389e-010             -6.3556762846500e-010
   1.444226460281e-010             -5.9588047021297e-010
   1.455598322173e-010             -6.3993469451924e-010
   1.466970184065e-010             -6.5234293545188e-010
   1.478342045957e-010             -6.1696076957786e-010
   1.489713907849e-010             -6.0629241397988e-010
   1.501085769741e-010             -6.5669189725963e-010
   1.512457631633e-010             -6.4411422072288e-010
   1.523829493525e-010             -6.0253049526138e-010
   1.535201355417e-010             -6.1590230984208e-010
   1.546573217309e-010             -6.6773952085466e-010
   1.557945079201e-010             -6.3545410384671e-010
   1.569316941093e-010             -6.0396008437390e-010
   1.580688802985e-010             -6.3011413106142e-010
   1.592060664877e-010             -6.6215789506814e-010
   1.603432526769e-010             -6.1767728750732e-010
   1.614804388661e-010             -6.0763979396901e-010
   1.626176250553e-010             -6.3933302002997e-010
   1.637548112445e-010             -6.4339252883560e-010
   1.648919974337e-010             -6.0969808804602e-010
   1.660291836229e-010             -6.3105424994577e-010
   1.671663698121e-010             -6.6298129437686e-010
   1.683035560013e-010             -6.2551872304878e-010
   1.694407421905e-010             -5.9546068106787e-010
   1.705779283797e-010             -6.3259688005737e-010
   1.717151145689e-010             -6.5202640130967e-010
   1.728523007581e-010             -6.2211609041008e-010
   1.739894869473e-010             -6.1455036540885e-010
   1.751266731365e-010             -6.4969526309576e-010
   1.762638593257e-010             -6.3411433126442e-010
   1.774010455149e-010             -6.0384970404808e-010
   1.785382317040e-010             -6.3197238334759e-010
   1.796754178932e-010             -6.5766657726108e-010
   1.808126040824e-010             -6.2578971561502e-010
   1.819497902716e-010             -5.9836032670550e-010
   1.830869764608e-010             -6.4528065190026e-010
   1.842241626500e-010             -6.6150238531738e-010
   1.853613488392e-010             -6.2925913683338e-010
   1.864985350284e-010             -6.1238316182252e-010
   1.876357212176e-010             -6.5529958367295e-010
   1.887729074068e-010             -6.4717932246945e-010
   1.899100935960e-010             -6.1355301671680e-010
   1.910472797852e-010             -6.2442780555560e-010
   1.921844659744e-010             -6.5755858125470e-010
   1.933216521636e-010             -6.2133263037107e-010
   1.944588383528e-010             -6.0738959395792e-010
   1.955960245420e-010             -6.3580172472426e-010
   1.967332107312e-010             -6.6630361859241e-010
   1.978703969204e-010             -6.1035953019235e-010
   1.990075831096e-010             -6.0924830222792e-010
   2.001447692988e-010             -6.3497092220348e-010
   2.012819554880e-010             -6.4884031953258e-010
   2.024191416772e-010             -6.1166509631161e-010
   2.035563278664e-010             -6.3623718466685e-010
   2.046935140556e-010             -6.3089581783001e-010
   2.058307002448e-010             -6.2341230041688e-010
   2.069678864340e-010             -6.0347368167324e-010
   2.081050726232e-010             -6.5081014353664e-010
   2.092422588124e-010             -6.5126036077378e-010
   2.103794450016e-010             -6.1664631576588e-010
   2.115166311908e-010             -5.9820970619135e-010
   2.126538173800e-010             -6.5664113259626e-010
   2.137910035692e-010             -6.3672069486407e-010
   2.149281897584e-010             -6.1519104110011e-010
   2.160653759476e-010             -6.2026876791790e-010
   2.172025621368e-010             -6.5395408135458e-010
   2.183397483260e-010             -6.1268843761673e-010
   2.194769345152e-010             -6.0808613150543e-010
   2.206141207044e-010             -6.4633698217625e-010
   2.217513068936e-010             -6.6909291153960e-010
   2.228884930828e-010             -6.0467064380770e-010
   2.240256792720e-010             -6.0839645229235e-010
   2.251628654612e-010             -6.4283806939828e-010
   2.263000516504e-010             -6.5218288052502e-010
   2.274372378396e-010             -6.0946830137122e-010
   2.285744240288e-010             -6.3097201625759e-010
   2.297116102179e-010             -6.4215223288522e-010
   2.308487964071e-010             -6.2812293262386e-010
   2.319859825963e-010             -6.0131040845250e-010
   2.331231687855e-010             -6.5700799998280e-010
   2.342603549747e-010             -6.4712026565587e-010
   2.353975411639e-010             -6.2296147520131e-010
   2.365347273531e-010             -6.0816811033396e-010
   2.376719135423e-010             -6.4829138717187e-010
   2.388090997315e-010             -6.3182503148515e-010
   2.399462859207e-010             -6.1750769990860e-010
   2.410834721099e-010             -6.3469011600566e-010
   2.422206582991e-010             -6.6076086504276e-010
   2.433578444883e-010             -6.1760656702678e-010
   2.444950306775e-010             -6.2205330589037e-010
   2.456322168667e-010             -6.4744656122949e-010
   2.467694030559e-010             -6.6158588716258e-010
   2.479065892451e-010             -6.0661054483311e-010
   2.490437754343e-010             -6.1962502469912e-010
   2.501809616235e-010             -6.4539551990523e-010
   2.513181478127e-010             -6.3981242330222e-010
   2.524553340019e-010             -6.0778823435849e-010
   2.535925201911e-010             -6.4556521036898e-010
   2.547297063803e-010             -6.5329172570531e-010
   2.558668925695e-010             -6.2214918224599e-010
   2.570040787587e-010             -5.9788969766737e-010
   2.581412649479e-010             -6.5097184583939e-010
   2.592784511371e-010             -6.5145923727264e-010
   2.604156373263e-010             -6.2227482651504e-010
   2.615528235155e-010             -6.1227006862326e-010
   2.626900097047e-010             -6.5193671220927e-010
   2.638271958939e-010             -6.3062771623190e-010
   2.649643820831e-010             -6.2105451248190e-010
   2.661015682723e-010             -6.3722233694318e-010
   2.672387544615e-010             -6.4901650124075e-010
   2.683759406507e-010             -5.9845807919656e-010
   2.695131268399e-010             -6.1292633834706e-010
   2.706503130291e-010             -6.3179189051967e-010
   2.717874992183e-010             -6.3715630680127e-010
   2.729246854075e-010             -5.2429423607280e-010
   2.740618715967e-010             -3.6083020375414e-010
   2.751990577859e-010             -3.7764367520503e-010
   2.763362439751e-010             -3.7099587941086e-010
   2.774734301643e-010             -3.5325228233720e-010
   2.786106163535e-010             -3.7823251920007e-010
   2.797478025427e-010             -3.7597296430476e-010
   2.808849887318e-010             -3.5661652328765e-010
   2.820221749210e-010             -3.4905221690275e-010
   2.831593611102e-010             -3.7938652520216e-010
   2.842965472994e-010             -3.7918820601687e-010
   2.854337334886e-010             -3.5321132977011e-010
   2.865709196778e-010             -3.6311212335084e-010
   2.877081058670e-010             -3.8338081603909e-010
   2.888452920562e-010             -3.6731629724557e-010
   2.899824782454e-010             -3.5372831255741e-010
   2.911196644346e-010             -3.7034873857526e-010
   2.922568506238e-010             -3.8238311269295e-010
   2.933940368130e-010             -3.5603561525344e-010
   2.945312230022e-010             -3.5836738601057e-010
   2.956684091914e-010             -3.8266528684223e-010
   2.968055953806e-010             -3.7782573864389e-010
   2.979427815698e-010             -3.5170934670108e-010
   2.990799677590e-010             -3.6110249057749e-010
   3.002171539482e-010             -3.8504191596725e-010
   3.013543401374e-010             -3.7077118992893e-010
   3.024915263266e-010             -3.5498965592259e-010
   3.036287125158e-010             -3.7168163915897e-010
   3.047658987050e-010             -3.7800952775890e-010
   3.059030848942e-010             -3.5785020056379e-010
   3.070402710834e-010             -3.6090881106594e-010
   3.081774572726e-010             -3.8586533984075e-010
   3.093146434618e-010             -3.7876502079025e-010
   3.104518296510e-010             -3.4990137852967e-010
   3.115890158402e-010             -3.6382793197213e-010
   3.127262020294e-010             -3.8499069378476e-010
   3.138633882186e-010             -3.6584218138975e-010
   3.150005744078e-010             -3.4970379628792e-010
   3.161377605970e-010             -3.7464772179276e-010
   3.172749467862e-010             -3.8526630145996e-010
   3.184121329754e-010             -3.6186391600440e-010
   3.195493191646e-010             -3.5546406333170e-010
   3.206865053538e-010             -3.8572463275263e-010
   3.218236915430e-010             -3.7065657524831e-010
   3.229608777322e-010             -3.4899219745665e-010
   3.240980639214e-010             -3.6401187308174e-010
   3.252352501106e-010             -3.8956457536929e-010
   3.263724362998e-010             -3.7075493571780e-010
   3.275096224890e-010             -3.5238963003745e-010
   3.286468086782e-010             -3.7515674251914e-010
   3.297839948674e-010             -3.9215762639081e-010
   3.309211810566e-010             -3.6394723852667e-010
   3.320583672457e-010             -3.6407288279573e-010
   3.331955534349e-010             -3.8225244646067e-010
   3.343327396241e-010             -3.7890146742349e-010
   3.354699258133e-010             -3.5017041973080e-010
   3.366071120025e-010             -3.6979988144421e-010
   3.377442981917e-010             -3.8539750044101e-010
   3.388814843809e-010             -3.6753634705374e-010
   3.400186705701e-010             -3.4743480851520e-010
   3.411558567593e-010             -3.7617452911226e-010
   3.422930429485e-010             -3.8150408028754e-010
   3.434302291377e-010             -3.5809827111508e-010
   3.445674153269e-010             -3.5078512890908e-010
   3.457046015161e-010             -3.8383311207115e-010
   3.468417877053e-010             -3.7098416507904e-010
   3.479789738945e-010             -3.5452683695078e-010
   3.491161600837e-010             -3.6676272367580e-010
   3.502533462729e-010             -3.9327831333274e-010
   3.513905324621e-010             -3.6114116015487e-010
   3.525277186513e-010             -3.5055453006108e-010
   3.536649048405e-010             -3.7156499634829e-010
   3.548020910297e-010             -3.8593760790274e-010
   3.559392772189e-010             -3.5021811533136e-010
   3.570764634081e-010             -3.5659294109411e-010
   3.582136495973e-010             -3.7956886960076e-010
   3.593508357865e-010             -3.7677389758235e-010
   3.604880219757e-010             -3.4787265124193e-010
   3.616252081649e-010             -3.7214377492270e-010
   3.627623943541e-010             -3.8432063093422e-010
   3.638995805433e-010             -3.6611499942657e-010
   3.650367667325e-010             -3.4173737512069e-010
   3.661739529217e-010             -3.7559369784301e-010
   3.673111391109e-010             -3.7798389133522e-010
   3.684483253001e-010             -3.5903466075802e-010
   3.695855114893e-010             -3.5442160448270e-010
   3.707226976785e-010             -3.8801659320517e-010
   3.718598838677e-010             -3.6911556794781e-010
   3.729970700569e-010             -3.4937704319518e-010
   3.741342562461e-010             -3.6480930587748e-010
   3.752714424353e-010             -3.8779753366489e-010
   3.764086286245e-010             -3.6205612316415e-010
   3.775458148137e-010             -3.5302021267270e-010
   3.786830010029e-010             -3.7287401074924e-010
   3.798201871921e-010             -3.8545298154310e-010
   3.809573733813e-010             -3.5119923591236e-010
   3.820945595705e-010             -3.6012535102694e-010
   3.832317457597e-010             -3.7966418710751e-010
   3.843689319488e-010             -3.7511748952811e-010
   3.855061181380e-010             -3.5041174417803e-010
   3.866433043272e-010             -3.7055676852711e-010
   3.877804905164e-010             -3.8110721469269e-010
   3.889176767056e-010             -3.5957243610047e-010
   3.900548628948e-010             -3.4471461477274e-010
   3.911920490840e-010             -3.7784939760238e-010
   3.923292352732e-010             -3.8228885914844e-010
   3.934664214624e-010             -3.6048027532211e-010
   3.946036076516e-010             -3.5767297945816e-010
   3.957407938408e-010             -3.8195490550311e-010
   3.968779800300e-010             -3.6657703232526e-010
   3.980151662192e-010             -3.5096209669037e-010
   3.991523524084e-010             -3.6621389264483e-010
   4.002895385976e-010             -3.9087838143860e-010
   4.014267247868e-010             -3.6124469304689e-010
   4.025639109760e-010             -3.5395244472578e-010
   4.037010971652e-010             -3.7394410958719e-010
   4.048382833544e-010             -3.8080533651529e-010
   4.059754695436e-010             -3.5632369723350e-010
   4.071126557328e-010             -3.6388529074496e-010
   4.082498419220e-010             -3.8523947364421e-010
   4.093870281112e-010             -3.7988294265858e-010
   4.105242143004e-010             -3.5551992518795e-010
   4.116614004896e-010             -3.7609143412132e-010
   4.127985866788e-010             -3.8620236254890e-010
   4.139357728680e-010             -3.6345961833387e-010
   4.150729590572e-010             -3.5178366899321e-010
   4.162101452464e-010             -3.8392226842278e-010
   4.173473314356e-010             -3.8277330894869e-010
   4.184845176248e-010             -3.6075707438938e-010
   4.196217038140e-010             -3.5668823250078e-010
   4.207588900032e-010             -3.8205144050202e-010
   4.218960761924e-010             -3.6890700371189e-010
   4.230332623816e-010             -3.5280944374733e-010
   4.241704485708e-010             -3.7252793591785e-010
   4.253076347600e-010             -3.8671835660361e-010
   4.264448209492e-010             -3.5869822146351e-010
   4.275820071384e-010             -3.5279141473049e-010
   4.287191933276e-010             -3.7528707866212e-010
   4.298563795168e-010             -3.8536983435198e-010
   4.309935657060e-010             -3.5904049335914e-010
   4.321307518952e-010             -3.6410102943337e-010
   4.332679380844e-010             -3.8414952031884e-010
   4.344051242736e-010             -3.6801047503842e-010
   4.355423104627e-010             -3.5016651393000e-010
   4.366794966519e-010             -3.7655174287917e-010
   4.378166828411e-010             -3.8827949781596e-010
   4.389538690303e-010             -3.6317962430925e-010
   4.400910552195e-010             -3.5411242288769e-010
   4.412282414087e-010             -3.7803815648044e-010
   4.423654275979e-010             -3.8522649115537e-010
   4.435026137871e-010             -3.5516953923679e-010
   4.446397999763e-010             -3.6128506220034e-010
   4.457769861655e-010             -3.8719030446362e-010
   4.469141723547e-010             -3.7255207542494e-010
   4.480513585439e-010             -3.5632740037483e-010
   4.491885447331e-010             -3.7482217936008e-010
   4.503257309223e-010             -3.8463622547341e-010
   4.514629171115e-010             -3.6394072118217e-010
   4.526001033007e-010             -3.5533101431528e-010
   4.537372894899e-010             -3.8869824602830e-010
   4.548744756791e-010             -3.8573903539310e-010
   4.560116618683e-010             -3.5977298607530e-010
   4.571488480575e-010             -3.6109980226883e-010
   4.582860342467e-010             -3.8705814285006e-010
   4.594232204359e-010             -3.6617616113516e-010
   4.605604066251e-010             -3.6063756517536e-010
   4.616975928143e-010             -3.8234515242372e-010
   4.628347790035e-010             -4.0037934322670e-010
   4.639719651927e-010             -3.6745583750640e-010
   4.651091513819e-010             -3.6186597023454e-010
   4.662463375711e-010             -3.8471432613652e-010
   4.673835237603e-010             -3.8272926275400e-010
   4.685207099495e-010             -3.5077622724514e-010
   4.696578961387e-010             -3.6596227248211e-010
   4.707950823279e-010             -3.8438242518603e-010
   4.719322685171e-010             -3.7387556923132e-010
   4.730694547063e-010             -3.5032953505464e-010
   4.742066408955e-010             -3.7851961398283e-010
   4.753438270847e-010             -3.8775551560025e-010
   4.764810132739e-010             -3.6332915629636e-010
   4.776181994631e-010             -3.5540718664278e-010
   4.787553856523e-010             -3.8696460014902e-010
   4.798925718415e-010             -3.7796654706175e-010
   4.810297580307e-010             -3.5474457920447e-010
   4.821669442199e-010             -3.6264950703850e-010
   4.833041304091e-010             -3.9216269901890e-010
   4.844413165983e-010             -3.7021898584592e-010
   4.855785027875e-010             -3.5682275233369e-010
   4.867156889766e-010             -3.7352832757264e-010
   4.878528751658e-010             -3.8936612875417e-010
   4.889900613550e-010             -3.5704257491760e-010
   4.901272475442e-010             -3.5891228667595e-010
   4.912644337334e-010             -3.8110074801305e-010
   4.924016199226e-010             -3.8247726337242e-010
   4.935388061118e-010             -3.5414675678053e-010
   4.946759923010e-010             -3.7015447718538e-010
   4.958131784902e-010             -3.8912630122353e-010
   4.969503646794e-010             -3.7147241781506e-010
   4.980875508686e-010             -3.5325491844568e-010
   4.992247370578e-010             -3.8450637141433e-010
   5.003619232470e-010             -3.8654559707704e-010
   5.014991094362e-010             -3.6751621314188e-010
   5.026362956254e-010             -3.5774877256679e-010
   5.037734818146e-010             -3.9007420407410e-010
   5.049106680038e-010             -3.7991950887625e-010
   5.060478541930e-010             -3.6288522764416e-010
   5.071850403822e-010             -3.7299055223018e-010
   5.083222265714e-010             -4.0133429463525e-010
   5.094594127606e-010             -3.7256059633472e-010
   5.105965989498e-010             -3.5904843085527e-010
   5.117337851390e-010             -3.8339481336060e-010
   5.128709713282e-010             -3.9829995107002e-010
   5.140081575174e-010             -3.6680461431061e-010
   5.151453437066e-010             -3.6284823154275e-010
   5.162825298958e-010             -3.8358801078824e-010
   5.174197160850e-010             -3.8470717471350e-010
   5.185569022742e-010             -3.5381937114458e-010
   5.196940884634e-010             -3.7508482911124e-010
   5.208312746526e-010             -3.8989771684142e-010
   5.219684608418e-010             -3.7580461876298e-010
   5.231056470310e-010             -3.5635296003356e-010
   5.242428332202e-010             -3.8224732470301e-010
   5.253800194094e-010             -3.8767640163976e-010
   5.265172055986e-010             -3.6594421890048e-010
   5.276543917878e-010             -3.6159337942199e-010
   5.287915779770e-010             -3.9020618759297e-010
   5.299287641662e-010             -3.7828987797290e-010
   5.310659503554e-010             -3.5999564896247e-010
   5.322031365446e-010             -3.7049449219139e-010
   5.333403227338e-010             -3.9442727434213e-010
   5.344775089230e-010             -3.6685185392735e-010
   5.356146951122e-010             -3.6042826706650e-010
   5.367518813014e-010             -3.8003779906282e-010
   5.378890674905e-010             -3.9289372091856e-010
   5.390262536797e-010             -3.5909620322078e-010
   5.401634398689e-010             -3.6083220731942e-010
   5.413006260581e-010             -3.8659664116484e-010
   5.424378122473e-010             -3.8063346592688e-010
   5.435749984365e-010             -3.5315688806549e-010
   5.447121846257e-010             -3.7361946138945e-010
   5.458493708149e-010             -3.9460753841050e-010
   5.469865570041e-010             -3.7420729208711e-010
   5.481237431933e-010             -3.5598865352584e-010
   5.492609293825e-010             -3.7921034349399e-010
   5.503981155717e-010             -3.8592541148702e-010
   5.515353017609e-010             -3.6250798931248e-010
   5.526724879501e-010             -3.5786599879111e-010
   5.538096741393e-010             -3.9012035362850e-010
   5.549468603285e-010             -3.8124127700649e-010
   5.560840465177e-010             -3.5902043621224e-010
   5.572212327069e-010             -3.7332328991866e-010
   5.583584188961e-010             -3.9062729555996e-010
   5.594956050853e-010             -3.7054107316483e-010
   5.606327912745e-010             -3.5709970493087e-010
   5.617699774637e-010             -3.8035689408386e-010
   5.629071636529e-010             -3.8686360203575e-010
   5.640443498421e-010             -3.5902847350281e-010
   5.651815360313e-010             -3.6460294940161e-010
   5.663187222205e-010             -3.9128838305220e-010
   5.674559084097e-010             -3.8207504726034e-010
   5.685930945989e-010             -3.5701077580350e-010
   5.697302807881e-010             -3.7281677940624e-010
   5.708674669773e-010             -3.9182189793977e-010
   5.720046531665e-010             -3.6752283028083e-010
   5.731418393557e-010             -3.5544306811707e-010
   5.742790255449e-010             -3.8096270313350e-010
   5.754162117341e-010             -3.8890008872493e-010
   5.765533979233e-010             -3.5549783991099e-010
   5.776905841125e-010             -3.6319854072895e-010
   5.788277703017e-010             -3.9277035810390e-010
   5.799649564909e-010             -3.8593905261915e-010
   5.811021426801e-010             -3.5814449743444e-010
   5.822393288693e-010             -3.6952637866401e-010
   5.833765150585e-010             -3.8914904667908e-010
   5.845137012477e-010             -3.7136685525769e-010
   5.856508874369e-010             -3.5620512762250e-010
   5.867880736261e-010             -3.8518695873991e-010
   5.879252598153e-010             -3.8967944337426e-010
   5.890624460045e-010             -3.6654807504972e-010
   5.901996321936e-010             -3.6737223433147e-010
   5.913368183828e-010             -3.9402622505734e-010
   5.924740045720e-010             -3.7757290252432e-010
   5.936111907612e-010             -3.6224576944506e-010
   5.947483769504e-010             -3.6901614198077e-010
   5.958855631396e-010             -3.8939518889475e-010
   5.970227493288e-010             -3.5980077805886e-010
   5.981599355180e-010             -3.6099677602551e-010
   5.992971217072e-010             -3.8328215158038e-010
   6.004343078964e-010             -3.8859040201652e-010
   6.015714940856e-010             -3.5871089996314e-010
   6.027086802748e-010             -3.7123991673152e-010
   6.038458664640e-010             -3.8990342354802e-010
   6.049830526532e-010             -3.8094533429525e-010
   6.061202388424e-010             -3.5067609196994e-010
   6.072574250316e-010             -3.7769824280417e-010
   6.083946112208e-010             -3.8704541368556e-010
   6.095317974100e-010             -3.7042988220111e-010
   6.106689835992e-010             -3.5715619933033e-010
   6.118061697884e-010             -3.9208094741463e-010
   6.129433559776e-010             -3.8828464413840e-010
   6.140805421668e-010             -3.6592157477467e-010
   6.152177283560e-010             -3.6042803984224e-010
   6.163549145452e-010             -3.8905276500452e-010
   6.174921007344e-010             -3.7276991900837e-010
   6.186292869236e-010             -3.6187159864089e-010
   6.197664731128e-010             -3.7039823508161e-010
   6.209036593020e-010             -3.9276196462395e-010
   6.220408454912e-010             -3.6449279783535e-010
   6.231780316804e-010             -3.6779460892018e-010
   6.243152178696e-010             -3.8146766606447e-010
   6.254524040588e-010             -3.9121613955500e-010
   6.265895902480e-010             -3.6357730207731e-010
   6.277267764372e-010             -3.7540897066028e-010
   6.288639626264e-010             -3.8585811318808e-010
   6.300011488156e-010             -3.8051580828352e-010
   6.311383350048e-010             -3.6254282985401e-010
   6.322755211940e-010             -3.8701199176036e-010
   6.334127073832e-010             -3.8704077247651e-010
   6.345498935724e-010             -3.7013089499184e-010
   6.356870797616e-010             -3.5962289677463e-010
   6.368242659508e-010             -3.9211368306115e-010
   6.379614521400e-010             -3.8046955586408e-010
   6.390986383292e-010             -3.6473107931984e-010
   6.402358245184e-010             -3.6840510984374e-010
   6.413730107075e-010             -3.9877316708706e-010
   6.425101968967e-010             -3.7075234873888e-010
   6.436473830859e-010             -3.6003401301534e-010
   6.447845692751e-010             -3.7144305368526e-010
   6.459217554643e-010             -3.9199752233438e-010
   6.470589416535e-010             -3.6753241668815e-010
   6.481961278427e-010             -3.6701890674732e-010
   6.493333140319e-010             -3.7989369435788e-010
   6.504705002211e-010             -3.8273671816623e-010
   6.516076864103e-010             -3.5404286923443e-010
   6.527448725995e-010             -3.6694780551261e-010
   6.538820587887e-010             -3.7920268542229e-010
   6.550192449779e-010             -3.7625612872193e-010
   6.561564311671e-010             -3.5647049024709e-010
   6.572936173563e-010             -3.7972724951634e-010
   6.584308035455e-010             -3.7995455207727e-010
   6.595679897347e-010             -3.7008530275099e-010
   6.607051759239e-010             -3.5996316510499e-010
   6.618423621131e-010             -3.8702682581986e-010
   6.629795483023e-010             -3.7832659464988e-010
   6.641167344915e-010             -3.6726089137314e-010
   6.652539206807e-010             -3.7205471990081e-010
   6.663911068699e-010             -3.8718414177320e-010
   6.675282930591e-010             -3.6226630867587e-010
   6.686654792483e-010             -3.6057057240094e-010
   6.698026654375e-010             -3.7673738356484e-010
   6.709398516267e-010             -3.9430271860010e-010
   6.720770378159e-010             -3.6011936643121e-010
   6.732142240051e-010             -3.6688763253661e-010
   6.743514101943e-010             -3.8287907416554e-010
   6.754885963835e-010             -3.7805162105319e-010
   6.766257825727e-010             -3.4872746737528e-010
   6.777629687619e-010             -3.6836816440719e-010
   6.789001549511e-010             -3.8455069549815e-010
   6.800373411403e-010             -3.7202363163017e-010
   6.811745273295e-010             -3.5295565334728e-010
   6.823117135187e-010             -3.8047914227140e-010
   6.834488997079e-010             -3.8797239655117e-010
   6.845860858971e-010             -3.6553208782709e-010
   6.857232720863e-010             -3.5794937320648e-010
   6.868604582755e-010             -3.8536613274595e-010
   6.879976444647e-010             -3.7320900532733e-010
   6.891348306539e-010             -3.5561458405141e-010
   6.902720168431e-010             -3.6577650590192e-010
   6.914092030323e-010             -3.9024110489946e-010
   6.925463892214e-010             -3.7034863724553e-010
   6.936835754106e-010             -3.6382412903636e-010
   6.948207615998e-010             -3.8260186824401e-010
   6.959579477890e-010             -3.8556871085083e-010
   6.970951339782e-010             -3.5817462153727e-010
   6.982323201674e-010             -3.5878610965812e-010
   6.993695063566e-010             -3.8485013869124e-010
   7.005066925458e-010             -3.7472414744459e-010
   7.016438787350e-010             -3.5704008926843e-010
   7.027810649242e-010             -3.7866511273931e-010
   7.039182511134e-010             -3.9581235974084e-010
   7.050554373026e-010             -3.6744513647197e-010
   7.061926234918e-010             -3.5549061325832e-010
   7.073298096810e-010             -3.8163702797422e-010
   7.084669958702e-010             -3.8757844648922e-010
   7.096041820594e-010             -3.5402078242218e-010
   7.107413682486e-010             -3.6609045306522e-010
   7.118785544378e-010             -3.8844076869967e-010
   7.130157406270e-010             -3.8279250479282e-010
   7.141529268162e-010             -3.5562135472025e-010
   7.152901130054e-010             -3.7576480692309e-010
   7.164272991946e-010             -3.9459313577003e-010
   7.175644853838e-010             -3.7180624403057e-010
   7.187016715730e-010             -3.5304065057376e-010
   7.198388577622e-010             -3.7872941874038e-010
   7.209760439514e-010             -3.8191329429273e-010
   7.221132301406e-010             -3.6354996607757e-010
   7.232504163298e-010             -3.6667148852924e-010
   7.243876025190e-010             -3.9318837244329e-010
   7.255247887082e-010             -3.7747076368385e-010
   7.266619748974e-010             -3.6161178919300e-010
   7.277991610866e-010             -3.7025537396891e-010
   7.289363472758e-010             -3.9057133083868e-010
   7.300735334650e-010             -3.6498690773728e-010
   7.312107196542e-010             -3.6357081083289e-010
   7.323479058434e-010             -3.8336910170727e-010
   7.334850920326e-010             -3.8743657410912e-010
   7.346222782218e-010             -3.5725697021934e-010
   7.357594644110e-010             -3.7052426164014e-010
   7.368966506002e-010             -3.8946869901368e-010
   7.380338367894e-010             -3.7830861629791e-010
   7.391710229786e-010             -3.5573097353774e-010
   7.403082091678e-010             -3.8094903590128e-010
   7.414453953570e-010             -3.8966810826131e-010
   7.425825815462e-010             -3.6708151470763e-010
   7.437197677353e-010             -3.5282067753055e-010
   7.448569539245e-010             -3.8964792368458e-010
   7.459941401137e-010             -3.8498219897507e-010
   7.471313263029e-010             -3.6657264597585e-010
   7.482685124921e-010             -3.6336501167058e-010
   7.494056986813e-010             -3.9297557385257e-010
   7.505428848705e-010             -3.7383172723140e-010
   7.516800710597e-010             -3.5612025782584e-010
   7.528172572489e-010             -3.7344327968128e-010
   7.539544434381e-010             -3.9842260457651e-010
   7.550916296273e-010             -3.7206648643279e-010
   7.562288158165e-010             -3.6771732043027e-010
   7.573660020057e-010             -3.7960097116877e-010
   7.585031881949e-010             -3.8824262760907e-010
   7.596403743841e-010             -3.5982590783385e-010
   7.607775605733e-010             -3.6924722137738e-010
   7.619147467625e-010             -3.8241572090965e-010
   7.630519329517e-010             -3.7981561979486e-010
   7.641891191409e-010             -3.5732355767481e-010
   7.653263053301e-010             -3.8147953392619e-010
   7.664634915193e-010             -3.8476356931852e-010
   7.676006777085e-010             -3.7244240594259e-010
   7.687378638977e-010             -3.6248671467342e-010
   7.698750500869e-010             -3.9230817321060e-010
   7.710122362761e-010             -3.8177121771784e-010
   7.721494224653e-010             -3.6345109895939e-010
   7.732866086545e-010             -3.6561918994858e-010
   7.744237948437e-010             -3.9725148306051e-010
   7.755609810329e-010             -3.7317794162148e-010
   7.766981672221e-010             -3.6495262604460e-010
   7.778353534113e-010             -3.7803217188471e-010
   7.789725396005e-010             -3.9929651522426e-010
   7.801097257897e-010             -3.6460477487219e-010
   7.812469119789e-010             -3.6206317325742e-010
   7.823840981681e-010             -3.8562733778069e-010
   7.835212843573e-010             -3.9679041279432e-010
   7.846584705465e-010             -3.6372308025822e-010
   7.857956567357e-010             -3.7349226953895e-010
   7.869328429249e-010             -3.8623238532199e-010
   7.880700291141e-010             -3.8209332960153e-010
   7.892072153033e-010             -3.5647538478049e-010
   7.903444014925e-010             -3.8138208542435e-010
   7.914815876817e-010             -3.9059463514309e-010
   7.926187738709e-010             -3.7996758523098e-010
   7.937559600601e-010             -3.6569642777362e-010
   7.948931462493e-010             -3.8854379494300e-010
   7.960303324384e-010             -3.7953552444050e-010
   7.971675186276e-010             -3.6690933859470e-010
   7.983047048168e-010             -3.7264097845223e-010
   7.994418910060e-010             -3.9156107365920e-010
   8.005790771952e-010             -3.7508860748222e-010
   8.017162633844e-010             -3.6365481932677e-010
   8.028534495736e-010             -3.8008075519518e-010
   8.039906357628e-010             -3.8943431445596e-010
   8.051278219520e-010             -3.6433959034229e-010
   8.062650081412e-010             -3.7273127553106e-010
   8.074021943304e-010             -3.9450501881586e-010
   8.085393805196e-010             -3.8946372925063e-010
   8.096765667088e-010             -3.5975173753633e-010
   8.108137528980e-010             -3.7201800322382e-010
   8.119509390872e-010             -3.8909587159618e-010
   8.130881252764e-010             -3.7424266537742e-010
   8.142253114656e-010             -3.6005660647629e-010
   8.153624976548e-010             -3.8858243995561e-010
   8.164996838440e-010             -3.9974741720478e-010
   8.176368700332e-010             -3.7034006567088e-010
   8.187740562224e-010             -3.6269154966792e-010
   8.199112424116e-010             -3.8592929118774e-010
   8.210484286008e-010             -3.8259910470571e-010
   8.221856147900e-010             -3.6736059522930e-010
   8.233228009792e-010             -3.7616474158077e-010
   8.244599871684e-010             -3.9384514881577e-010
   8.255971733576e-010             -3.7523385291436e-010
   8.267343595468e-010             -3.6507398529398e-010
   8.278715457360e-010             -3.8404165020698e-010
   8.290087319252e-010             -3.8864291692082e-010
   8.301459181144e-010             -3.7142664747952e-010
   8.312831043036e-010             -3.6775393577752e-010
   8.324202904928e-010             -3.8835726838977e-010
   8.335574766820e-010             -3.7677493697981e-010
   8.346946628712e-010             -3.6379935545075e-010
   8.358318490604e-010             -3.7813819042591e-010
   8.369690352496e-010             -3.9578844745800e-010
   8.381062214388e-010             -3.7089049494818e-010
   8.392434076280e-010             -3.6934299640325e-010
   8.403805938172e-010             -3.9037357050224e-010
   8.415177800064e-010             -3.9132966417329e-010
   8.426549661956e-010             -3.6007874395342e-010
   8.437921523848e-010             -3.6665328141771e-010
   8.449293385740e-010             -3.9016855741305e-010
   8.460665247632e-010             -3.8685685746698e-010
   8.472037109523e-010             -3.6126335614225e-010
   8.483408971415e-010             -3.8359379118920e-010
   8.494780833307e-010             -3.9061043183510e-010
   8.506152695199e-010             -3.7576348963650e-010
   8.517524557091e-010             -3.6115132844054e-010
   8.528896418983e-010             -3.9051012000051e-010
   8.540268280875e-010             -3.8896513013425e-010
   8.551640142767e-010             -3.6907557954853e-010
   8.563012004659e-010             -3.6486970761304e-010
   8.574383866551e-010             -3.9267067881252e-010
   8.585755728443e-010             -3.8110995213091e-010
   8.597127590335e-010             -3.7336221282039e-010
   8.608499452227e-010             -3.7789374778629e-010
   8.619871314119e-010             -3.9648389494317e-010
   8.631243176011e-010             -3.6877393013069e-010
   8.642615037903e-010             -3.7237348483255e-010
   8.653986899795e-010             -3.8386278019016e-010
   8.665358761687e-010             -3.9236545521847e-010
   8.676730623579e-010             -3.6377222211049e-010
   8.688102485471e-010             -3.8466214132151e-010
   8.699474347363e-010             -3.9192117191220e-010
   8.710846209255e-010             -3.8276047845446e-010
   8.722218071147e-010             -3.5776568542121e-010
   8.733589933039e-010             -3.8748381372585e-010
   8.744961794931e-010             -3.9102641650913e-010
   8.756333656823e-010             -3.7596274535422e-010
   8.767705518715e-010             -3.6336465701649e-010
   8.779077380607e-010             -4.0248444703671e-010
   8.790449242499e-010             -3.8505385905863e-010
   8.801821104391e-010             -3.6528295331355e-010
   8.813192966283e-010             -3.6358549136248e-010
   8.824564828175e-010             -4.0311343296094e-010
   8.835936690067e-010             -3.8011879069406e-010
   8.847308551959e-010             -3.6879086754990e-010
   8.858680413851e-010             -3.8006077327794e-010
   8.870052275743e-010             -4.0586085983810e-010
   8.881424137635e-010             -3.7025017544630e-010
   8.892795999527e-010             -3.6781273926676e-010
   8.904167861419e-010             -3.8838465351908e-010
   8.915539723311e-010             -3.9988175894300e-010
   8.926911585203e-010             -3.6375999959468e-010
   8.938283447095e-010             -3.7671063097874e-010
   8.949655308987e-010             -3.9103055106950e-010
   8.961027170879e-010             -3.9090455061106e-010
   8.972399032771e-010             -3.6419021034979e-010
   8.983770894662e-010             -3.9669585526060e-010
   8.995142756554e-010             -3.9917954232428e-010
   9.006514618446e-010             -3.8101182042098e-010
   9.017886480338e-010             -3.6795306713602e-010
   9.029258342230e-010             -4.0028382306047e-010
   9.040630204122e-010             -3.8827736682087e-010
   9.052002066014e-010             -3.7082946066940e-010
   9.063373927906e-010             -3.7583659443648e-010
   9.074745789798e-010             -4.0912493941326e-010
   9.086117651690e-010             -3.8158910207881e-010
   9.097489513582e-010             -3.6895941728645e-010
   9.108861375474e-010             -3.8473793289484e-010
   9.120233237366e-010             -4.0100231845511e-010
   9.131605099258e-010             -3.6141955593317e-010
   9.142976961150e-010             -3.7091993430762e-010
   9.154348823042e-010             -3.9874552863340e-010
   9.165720684934e-010             -4.0847559235292e-010
   9.177092546826e-010             -3.6384791388937e-010
   9.188464408718e-010             -3.7674417879847e-010
   9.199836270610e-010             -4.0101253740564e-010
   9.211208132502e-010             -3.9338694341763e-010
   9.222579994394e-010             -3.6684125422265e-010
   9.233951856286e-010             -3.9103448143509e-010
   9.245323718178e-010             -3.9613749002248e-010
   9.256695580070e-010             -3.7409118202521e-010
   9.268067441962e-010             -3.5967457494094e-010
   9.279439303854e-010             -3.9769845314014e-010
   9.290811165746e-010             -3.9089585314189e-010
   9.302183027638e-010             -3.6986456819944e-010
   9.313554889530e-010             -3.7281835155247e-010
   9.324926751422e-010             -3.9740796227586e-010
   9.336298613314e-010             -3.7774028543359e-010
   9.347670475206e-010             -3.6883207344134e-010
   9.359042337098e-010             -3.8265856683825e-010
   9.370414198990e-010             -3.9388001545739e-010
   9.381786060882e-010             -3.6727542144343e-010
   9.393157922774e-010             -3.7203925176279e-010
   9.404529784666e-010             -3.9891869194363e-010
   9.415901646558e-010             -3.9051143728710e-010
   9.427273508450e-010             -3.5921211062321e-010
   9.438645370342e-010             -3.7849250674265e-010
   9.450017232234e-010             -4.0065066588223e-010
   9.461389094126e-010             -3.8174953775984e-010
   9.472760956018e-010             -3.6117858767533e-010
   9.484132817910e-010             -3.8824143621700e-010
   9.495504679801e-010             -4.0022055645686e-010
   9.506876541693e-010             -3.7028410248490e-010
   9.518248403585e-010             -3.6872549758659e-010
   9.529620265477e-010             -3.9853075257750e-010
   9.540992127369e-010             -3.9367147732156e-010
   9.552363989261e-010             -3.6232975337417e-010
   9.563735851153e-010             -3.7393657894531e-010
   9.575107713045e-010             -4.0035390946249e-010
   9.586479574937e-010             -3.8782702368920e-010
   9.597851436829e-010             -3.6744244816331e-010
   9.609223298721e-010             -3.8711983730743e-010
   9.620595160613e-010             -3.9518890242852e-010
   9.631967022505e-010             -3.7448997442038e-010
   9.643338884397e-010             -3.6860789060810e-010
   9.654710746289e-010             -3.9669471453340e-010
   9.666082608181e-010             -3.8661104380531e-010
   9.677454470073e-010             -3.7292257072317e-010
   9.688826331965e-010             -3.7941304902870e-010
   9.700198193857e-010             -4.0252499274955e-010
   9.711570055749e-010             -3.7633040034919e-010
   9.722941917641e-010             -3.6868208547041e-010
   9.734313779533e-010             -3.8822870705250e-010
   9.745685641425e-010             -3.9945540332383e-010
   9.757057503317e-010             -3.6767814420419e-010
   9.768429365209e-010             -3.7365866371562e-010
   9.779801227101e-010             -4.0009531750675e-010
   9.791173088993e-010             -3.9457021221978e-010
   9.802544950885e-010             -3.6587537455540e-010
   9.813916812777e-010             -3.8548533643546e-010
   9.825288674669e-010             -4.0245467758797e-010
   9.836660536561e-010             -3.8725798198142e-010
   9.848032398453e-010             -3.6142346173398e-010
   9.859404260345e-010             -3.9421571934365e-010
   9.870776122237e-010             -3.9796069757234e-010
   9.882147984129e-010             -3.7606333814854e-010
   9.893519846021e-010             -3.6890446893315e-010
   9.904891707913e-010             -4.0153545412381e-010
   9.916263569805e-010             -3.9578352835981e-010
   9.927635431697e-010             -3.7281147955389e-010
   9.939007293589e-010             -3.7518602988398e-010
   9.950379155481e-010             -4.0003991163433e-010
   9.961751017373e-010             -3.7910691193171e-010
   9.973122879265e-010             -3.7314348183411e-010
   9.984494741156e-010             -3.8647680339682e-010
   9.995866603048e-010             -4.0185115152803e-010
   1.000723846494e-009             -3.7178311935614e-010
   1.001861032683e-009             -3.8241493483653e-010
   1.002998218872e-009             -3.9371382394019e-010
   1.004135405062e-009             -3.9223679255147e-010
   1.005272591251e-009             -3.6494545005680e-010
   1.006409777440e-009             -3.8669969350825e-010
   1.007546963629e-009             -3.9791556131532e-010
   1.008684149818e-009             -3.8254943010467e-010
   1.009821336008e-009             -3.6891301440771e-010
   1.010958522197e-009             -3.9994783974978e-010
   1.012095708386e-009             -3.9413089867656e-010
   1.013232894575e-009             -3.7230360109000e-010
   1.014370080764e-009             -3.6980153035540e-010
   1.015507266954e-009             -4.0716989880383e-010
   1.016644453143e-009             -3.8545480701368e-010
   1.017781639332e-009             -3.6950558610886e-010
   1.018918825521e-009             -3.7639457892044e-010
   1.020056011710e-009             -4.0981183988857e-010
   1.021193197900e-009             -3.8015535537644e-010
   1.022330384089e-009             -3.7086840813592e-010
   1.023467570278e-009             -3.8489420945072e-010
   1.024604756467e-009             -3.9938607689484e-010
   1.025741942656e-009             -3.7054137715404e-010
   1.026879128846e-009             -3.7965414471637e-010
   1.028016315035e-009             -3.9603362704116e-010
   1.029153501224e-009             -3.9421064671556e-010
   1.030290687413e-009             -3.6700458087180e-010
   1.031427873602e-009             -3.8576251625690e-010
   1.032565059792e-009             -3.9723515208442e-010
   1.033702245981e-009             -3.8816001470202e-010
   1.034839432170e-009             -3.7400141769515e-010
   1.035976618359e-009             -4.0044925306933e-010
   1.037113804548e-009             -3.9066132392830e-010
   1.038250990738e-009             -3.7493004793664e-010
   1.039388176927e-009             -3.7896863829260e-010
   1.040525363116e-009             -4.0619970801683e-010
   1.041662549305e-009             -3.8783009121672e-010
   1.042799735494e-009             -3.7295071582551e-010
   1.043936921684e-009             -3.9358807680610e-010
   1.045074107873e-009             -4.1499644962093e-010
   1.046211294062e-009             -3.8197171702780e-010
   1.047348480251e-009             -3.7956334098885e-010
   1.048485666440e-009             -3.9833644052274e-010
   1.049622852630e-009             -4.0417369360252e-010
   1.050760038819e-009             -3.7456918971061e-010
   1.051897225008e-009             -3.8733245626816e-010
   1.053034411197e-009             -4.1286345249762e-010
   1.054171597386e-009             -3.9533980390239e-010
   1.055308783576e-009             -3.7246583614152e-010
   1.056445969765e-009             -3.9342586785466e-010
   1.057583155954e-009             -4.0884073559863e-010
   1.058720342143e-009             -3.8588101063824e-010
   1.059857528332e-009             -3.7723768072197e-010
   1.060994714522e-009             -4.0515917443285e-010
   1.062131900711e-009             -4.0570983246970e-010
   1.063269086900e-009             -3.7845720868199e-010
   1.064406273089e-009             -3.8473245648310e-010
   1.065543459278e-009             -4.0570666207715e-010
   1.066680645468e-009             -3.8717151393844e-010
   1.067817831657e-009             -3.7395473539197e-010
   1.068955017846e-009             -3.9516187195330e-010
   1.070092204035e-009             -4.0474519332409e-010
   1.071229390224e-009             -3.7986932609123e-010
   1.072366576413e-009             -3.7507288601986e-010
   1.073503762603e-009             -4.0601084780903e-010
   1.074640948792e-009             -3.9614119162851e-010
   1.075778134981e-009             -3.7393815109154e-010
   1.076915321170e-009             -3.8464182931497e-010
   1.078052507359e-009             -4.0891832807775e-010
   1.079189693549e-009             -3.8630625163030e-010
   1.080326879738e-009             -3.7114383925173e-010
   1.081464065927e-009             -3.9557377426713e-010
   1.082601252116e-009             -4.0603303441572e-010
   1.083738438305e-009             -3.7440730931317e-010
   1.084875624495e-009             -3.7364733013797e-010
   1.086012810684e-009             -4.0570514059578e-010
   1.087149996873e-009             -4.0443550661568e-010
   1.088287183062e-009             -3.6489252829825e-010
   1.089424369251e-009             -3.8333699860395e-010
   1.090561555441e-009             -4.0674514143098e-010
   1.091698741630e-009             -3.9235944452266e-010
   1.092835927819e-009             -3.7002487645065e-010
   1.093973114008e-009             -3.9404027150843e-010
   1.095110300197e-009             -4.0471121408532e-010
   1.096247486387e-009             -3.8204712938226e-010
   1.097384672576e-009             -3.7248244500674e-010
   1.098521858765e-009             -4.0730769035904e-010
   1.099659044954e-009             -3.9755193955098e-010
   1.100796231143e-009             -3.7441156976806e-010
   1.101933417333e-009             -3.8109078238687e-010
   1.103070603522e-009             -4.1112747296377e-010
   1.104207789711e-009             -3.8571177615831e-010
   1.105344975900e-009             -3.7308133139292e-010
   1.106482162089e-009             -3.8711801030155e-010
   1.107619348279e-009             -4.0801622166279e-010
   1.108756534468e-009             -3.7071555529694e-010
   1.109893720657e-009             -3.8141969103949e-010
   1.111030906846e-009             -4.0463260677352e-010
   1.112168093035e-009             -4.0186796305272e-010
   1.113305279225e-009             -3.6641588733607e-010
   1.114442465414e-009             -3.9065848362504e-010
   1.115579651603e-009             -4.1226093973506e-010
   1.116716837792e-009             -3.9613660261962e-010
   1.117854023981e-009             -3.6282926445818e-010
   1.118991210171e-009             -4.0303269465404e-010
   1.120128396360e-009             -4.0608466191717e-010
   1.121265582549e-009             -3.8706826047085e-010
   1.122402768738e-009             -3.7236965579670e-010
   1.123539954927e-009             -4.0989518973917e-010
   1.124677141117e-009             -3.9291867259886e-010
   1.125814327306e-009             -3.7172066492574e-010
   1.126951513495e-009             -3.7732536625711e-010
   1.128088699684e-009             -4.1556414640673e-010
   1.129225885873e-009             -3.8666089650104e-010
   1.130363072063e-009             -3.7071606348093e-010
   1.131500258252e-009             -3.8412218431910e-010
   1.132637444441e-009             -4.0767935094925e-010
   1.133774630630e-009             -3.7229708374550e-010
   1.134911816819e-009             -3.7813682093915e-010
   1.136049003009e-009             -3.9620902267621e-010
