# Atom Manipulation               
# 
# Sample                          Ag(111)
# Data set                        -
# Creation Comment                
# Gap voltage                     -1.000e-004 V
# Gap voltage range in Volt       -1;1
# Feedback loop enabled           No
# Regulator setpoint              9.901e-012 A
# Pre-amplifier range             0;3.29703e-009
# Loop gain                       7.000e+000 %
# Z-axis offset                   -4.000e-010 m
# Parameter mode                  V before Z
# Raster time                     1.000e-002 seconds
# Channel name and data unit      I(r) [A]
# Manipulation vector: start      -7.780e+000, -1.005e-001 [nm]
#                      end        -7.900e+000, -2.332e+000 [nm]
# 
# 
#             Position                               I(r)
# --------------------             ----------------------
   0.000000000000e+000             -2.42098345423558e-011
   2.234623878136e-012             -2.50874206960463e-011
   4.469247756271e-012             -2.67133499933752e-011
   6.703871634407e-012             -2.62329840886211e-011
   8.938495512543e-012             -2.47941140932931e-011
   1.117311939068e-011             -2.71274846320402e-011
   1.340774326881e-011             -2.70001653517086e-011
   1.564236714695e-011             -2.59619654223017e-011
   1.787699102509e-011             -2.55301840562570e-011
   2.011161490322e-011             -2.79790290430988e-011
   2.234623878136e-011             -2.69975277079259e-011
   2.458086265949e-011             -2.60797504954794e-011
   2.681548653763e-011             -2.64503962530105e-011
   2.905011041576e-011             -2.83989947475884e-011
   3.128473429390e-011             -2.64602851142470e-011
   3.351935817204e-011             -2.62961739272750e-011
   3.575398205017e-011             -2.75289392357803e-011
   3.798860592831e-011             -2.85881098150287e-011
   4.022322980644e-011             -2.65602944949242e-011
   4.245785368458e-011             -2.70820689505878e-011
   4.469247756271e-011             -2.79000931772999e-011
   4.692710144085e-011             -2.77631383600765e-011
   4.916172531899e-011             -2.55399961525406e-011
   5.139634919712e-011             -2.73744881504851e-011
   5.363097307526e-011             -2.82285182107195e-011
   5.586559695339e-011             -2.76586658650359e-011
   5.810022083153e-011             -2.61675880252201e-011
   6.033484470966e-011             -2.79559795983320e-011
   6.256946858780e-011             -2.80181054747383e-011
   6.480409246594e-011             -2.68779939291205e-011
   6.703871634407e-011             -2.67989306334997e-011
   6.927334022221e-011             -2.90229848086764e-011
   7.150796410034e-011             -2.77253561855433e-011
   7.374258797848e-011             -2.65840793479401e-011
   7.597721185661e-011             -2.73673382627692e-011
   7.821183573475e-011             -2.91205085401778e-011
   8.044645961289e-011             -2.72425552964824e-011
   8.268108349102e-011             -2.70484704659894e-011
   8.491570736916e-011             -2.84680171873659e-011
   8.715033124729e-011             -2.89718393911372e-011
   8.938495512543e-011             -2.65000447539676e-011
   9.161957900356e-011             -2.73129211229362e-011
   9.385420288170e-011             -2.91174410126587e-011
   9.608882675984e-011             -2.82591750623216e-011
   9.832345063797e-011             -2.65999282401220e-011
   1.005580745161e-010             -2.79331834779099e-011
   1.027926983942e-010             -2.92657294075327e-011
   1.050273222724e-010             -2.77373499417891e-011
   1.072619461505e-010             -2.69031237041116e-011
   1.094965700286e-010             -2.91699052520892e-011
   1.117311939068e-010             -2.91648326239996e-011
   1.139658177849e-010             -2.76175367385550e-011
   1.162004416631e-010             -2.75448126927472e-011
   1.184350655412e-010             -2.97476689938218e-011
   1.206696894193e-010             -2.86273628060599e-011
   1.229043132975e-010             -2.76765428872742e-011
   1.251389371756e-010             -2.87086568912129e-011
   1.273735610537e-010             -3.00916128301258e-011
   1.296081849319e-010             -2.86098911027731e-011
   1.318428088100e-010             -2.77917916464071e-011
   1.340774326881e-010             -2.95328422730471e-011
   1.363120565663e-010             -2.95331216974758e-011
   1.385466804444e-010             -2.78485915703791e-011
   1.407813043225e-010             -2.90887877263280e-011
   1.430159282007e-010             -3.06325079002651e-011
   1.452505520788e-010             -3.00393527854701e-011
   1.474851759570e-010             -2.80301498958530e-011
   1.497197998351e-010             -2.98329702095177e-011
   1.519544237132e-010             -3.07333785837143e-011
   1.541890475914e-010             -2.89372521739451e-011
   1.564236714695e-010             -2.85143709365432e-011
   1.586582953476e-010             -3.04100753079541e-011
   1.608929192258e-010             -3.06241144203118e-011
   1.631275431039e-010             -2.83981580096015e-011
   1.653621669820e-010             -2.91183284155146e-011
   1.675967908602e-010             -3.13109657660551e-011
   1.698314147383e-010             -2.99965747478003e-011
   1.720660386164e-010             -2.86023343608066e-011
   1.743006624946e-010             -3.02089925843520e-011
   1.765352863727e-010             -3.19094207332005e-011
   1.787699102509e-010             -2.99760861818632e-011
   1.810045341290e-010             -2.92528221483470e-011
   1.832391580071e-010             -3.10921319147375e-011
   1.854737818853e-010             -3.12422979803601e-011
   1.877084057634e-010             -2.97377540325014e-011
   1.899430296415e-010             -2.99316607683036e-011
   1.921776535197e-010             -3.21212797208949e-011
   1.944122773978e-010             -3.05220769095781e-011
   1.966469012759e-010             -2.93501693204567e-011
   1.988815251541e-010             -3.09347146316610e-011
   2.011161490322e-010             -3.24558167798668e-011
   2.033507729103e-010             -3.06061867332045e-011
   2.055853967885e-010             -3.04339860554928e-011
   2.078200206666e-010             -3.23280937158828e-011
   2.100546445448e-010             -3.20331382019407e-011
   2.122892684229e-010             -2.94848672480640e-011
   2.145238923010e-010             -3.05775088820889e-011
   2.167585161792e-010             -3.24722229856070e-011
   2.189931400573e-010             -3.15681882350340e-011
   2.212277639354e-010             -2.97081120135770e-011
   2.234623878136e-010             -3.22606679871262e-011
   2.256970116917e-010             -3.28538737667902e-011
   2.279316355698e-010             -3.15268057842085e-011
   2.301662594480e-010             -3.01578471668129e-011
   2.324008833261e-010             -3.31006500609744e-011
   2.346355072042e-010             -3.27157797576653e-011
   2.368701310824e-010             -3.07925628271243e-011
   2.391047549605e-010             -3.15244721296394e-011
   2.413393788387e-010             -3.37247921166692e-011
   2.435740027168e-010             -3.19859738148604e-011
   2.458086265949e-010             -3.10571148138089e-011
   2.480432504731e-010             -3.22135036000460e-011
   2.502778743512e-010             -3.38233567809323e-011
   2.525124982293e-010             -3.15512999453894e-011
   2.547471221075e-010             -3.17010852568456e-011
   2.569817459856e-010             -3.32678303107645e-011
   2.592163698637e-010             -3.34123664347393e-011
   2.614509937419e-010             -3.08194413077432e-011
   2.636856176200e-010             -3.25764928211719e-011
   2.659202414981e-010             -3.35867226723293e-011
   2.681548653763e-010             -3.26234791135613e-011
   2.703894892544e-010             -3.15102721486464e-011
   2.726241131326e-010             -3.37753049909962e-011
   2.748587370107e-010             -3.38450367389388e-011
   2.770933608888e-010             -3.19763121778847e-011
   2.793279847670e-010             -3.19352843811417e-011
   2.815626086451e-010             -3.50034551905314e-011
   2.837972325232e-010             -3.33665715344193e-011
   2.860318564014e-010             -3.22827547993832e-011
   2.882664802795e-010             -3.31120112740081e-011
   2.905011041576e-010             -3.55653700400821e-011
   2.927357280358e-010             -3.28950044285701e-011
   2.949703519139e-010             -3.23351422738608e-011
   2.972049757920e-010             -3.44361376235935e-011
   2.994395996702e-010             -3.53438494154119e-011
   3.016742235483e-010             -3.27616253228542e-011
   3.039088474265e-010             -3.32897651284147e-011
   3.061434713046e-010             -3.53816576900290e-011
   3.083780951827e-010             -3.51196926822580e-011
   3.106127190609e-010             -3.25549894225571e-011
   3.128473429390e-010             -3.44146864251467e-011
   3.150819668171e-010             -3.55924511801767e-011
   3.173165906953e-010             -3.46716049049120e-011
   3.195512145734e-010             -3.29684377825430e-011
   3.217858384515e-010             -3.55871774279104e-011
   3.240204623297e-010             -3.58796227278917e-011
   3.262550862078e-010             -3.45459852006383e-011
   3.284897100859e-010             -3.43736325283197e-011
   3.307243339641e-010             -3.72239090894157e-011
   3.329589578422e-010             -3.53984446499357e-011
   3.351935817204e-010             -3.42921603484760e-011
   3.374282055985e-010             -3.53531809630900e-011
   3.396628294766e-010             -3.74170543168848e-011
   3.418974533548e-010             -3.51940395391708e-011
   3.441320772329e-010             -3.50922814528658e-011
   3.463667011110e-010             -3.66800984863640e-011
   3.486013249892e-010             -3.76732128236161e-011
   3.508359488673e-010             -3.45559262620427e-011
   3.530705727454e-010             -3.60981003898278e-011
   3.553051966236e-010             -3.73198852394660e-011
   3.575398205017e-010             -3.71873183069520e-011
   3.597744443798e-010             -3.48483700267249e-011
   3.620090682580e-010             -3.74493339795919e-011
   3.642436921361e-010             -3.86884892027791e-011
   3.664783160143e-010             -3.64556868935665e-011
   3.687129398924e-010             -3.55920719613092e-011
   3.709475637705e-010             -3.84762248961332e-011
   3.731821876487e-010             -3.87786342870048e-011
   3.754168115268e-010             -3.73485139610117e-011
   3.776514354049e-010             -3.72205867022529e-011
   3.798860592831e-010             -3.99246536634001e-011
   3.821206831612e-010             -3.80139878026631e-011
   3.843553070393e-010             -3.72057526427487e-011
   3.865899309175e-010             -3.82602313480739e-011
   3.888245547956e-010             -4.06002696906326e-011
   3.910591786737e-010             -3.84552281462078e-011
   3.932938025519e-010             -3.84398122083603e-011
   3.955284264300e-010             -4.06158145936010e-011
   3.977630503082e-010             -4.05712617502194e-011
   3.999976741863e-010             -3.80966022450064e-011
   4.022322980644e-010             -3.93347933003848e-011
   4.044669219426e-010             -4.12841026384268e-011
   4.067015458207e-010             -4.05715657394330e-011
   4.089361696988e-010             -3.96474477418745e-011
   4.111707935770e-010             -4.15754072112076e-011
   4.134054174551e-010             -4.26441104623108e-011
   4.156400413332e-010             -4.05422522745072e-011
   4.178746652114e-010             -4.05910901375613e-011
   4.201092890895e-010             -4.40429920583586e-011
   4.223439129676e-010             -4.30644323561820e-011
   4.245785368458e-010             -4.11883030477682e-011
   4.268131607239e-010             -4.25752922173081e-011
   4.290477846021e-010             -4.52408139602901e-011
   4.312824084802e-010             -4.38243869666006e-011
   4.335170323583e-010             -4.21896343055819e-011
   4.357516562365e-010             -4.54255411430209e-011
   4.379862801146e-010             -4.68803598249698e-011
   4.402209039927e-010             -4.37680691265331e-011
   4.424555278709e-010             -4.40471496482093e-011
   4.446901517490e-010             -4.74117959176091e-011
   4.469247756271e-010             -4.80410351661785e-011
   4.491593995053e-010             -4.51750632428065e-011
   4.513940233834e-010             -4.72234684585858e-011
   4.536286472615e-010             -5.09581525070896e-011
   4.558632711397e-010             -4.89364998774064e-011
   4.580978950178e-010             -4.78962718179430e-011
   4.603325188960e-010             -5.05867713413094e-011
   4.625671427741e-010             -5.24137833622405e-011
   4.648017666522e-010             -4.94915688284547e-011
   4.670363905304e-010             -5.04586659878598e-011
   4.692710144085e-010             -5.42747224217685e-011
   4.715056382866e-010             -5.44065539460333e-011
   4.737402621648e-010             -5.17043892204197e-011
   4.759748860429e-010             -5.45672429514036e-011
   4.782095099210e-010             -5.77178485731468e-011
   4.804441337992e-010             -5.61874655421318e-011
   4.826787576773e-010             -5.48485557979110e-011
   4.849133815554e-010             -5.99556974103650e-011
   4.871480054336e-010             -6.01554106472069e-011
   4.893826293117e-010             -5.69680115835243e-011
   4.916172531899e-010             -5.79957392380526e-011
   4.938518770680e-010             -6.46730496213262e-011
   4.960865009461e-010             -6.25986778925687e-011
   4.983211248243e-010             -6.10957828558988e-011
   5.005557487024e-010             -6.39104819319098e-011
   5.027903725805e-010             -6.93136952207215e-011
   5.050249964587e-010             -6.38970680240348e-011
   5.072596203368e-010             -6.33852591945606e-011
   5.094942442149e-010             -6.88793514405481e-011
   5.117288680931e-010             -7.25835060672716e-011
   5.139634919712e-010             -6.75798712467504e-011
   5.161981158493e-010             -7.00631268913925e-011
   5.184327397275e-010             -7.47560847356115e-011
   5.206673636056e-010             -7.44405147612096e-011
   5.229019874838e-010             -6.81219577089592e-011
   5.251366113619e-010             -7.54198605365041e-011
   5.273712352400e-010             -7.74646654759911e-011
   5.296058591182e-010             -7.55958656852830e-011
   5.318404829963e-010             -7.28536864603051e-011
   5.340751068744e-010             -8.04556230251256e-011
   5.363097307526e-010             -8.07787743062790e-011
   5.385443546307e-010             -7.70211682428303e-011
   5.407789785088e-010             -7.85872792182380e-011
   5.430136023870e-010             -8.63297954413593e-011
   5.452482262651e-010             -8.15325938616594e-011
   5.474828501432e-010             -7.97992013067237e-011
   5.497174740214e-010             -8.39561325141182e-011
   5.519520978995e-010             -8.99681210503472e-011
   5.541867217777e-010             -8.20055304542689e-011
   5.564213456558e-010             -8.25335689300915e-011
   5.586559695339e-010             -9.03100889567628e-011
   5.608905934121e-010             -9.30840642252443e-011
   5.631252172902e-010             -8.32213061433917e-011
   5.653598411683e-010             -8.80417613626332e-011
   5.675944650465e-010             -9.30882740152630e-011
   5.698290889246e-010             -9.19930715024084e-011
   5.720637128027e-010             -8.54364601899257e-011
   5.742983366809e-010             -9.30932698783997e-011
   5.765329605590e-010             -9.83541010678159e-011
   5.787675844371e-010             -9.16596245057680e-011
   5.810022083153e-010             -8.83832456498453e-011
   5.832368321934e-010             -9.81490634138388e-011
   5.854714560716e-010             -9.73313953765083e-011
   5.877060799497e-010             -9.29571778992472e-011
   5.899407038278e-010             -9.22944169310324e-011
   5.921753277060e-010             -1.02320575356393e-010
   5.944099515841e-010             -9.74820926556052e-011
   5.966445754622e-010             -9.40410713992362e-011
   5.988791993404e-010             -9.79809711964079e-011
   6.011138232185e-010             -1.03042647997840e-010
   6.033484470966e-010             -9.71245568167355e-011
   6.055830709748e-010             -9.66947774806633e-011
   6.078176948529e-010             -1.03479957975794e-010
   6.100523187310e-010             -1.04547394605174e-010
   6.122869426092e-010             -9.61663843507581e-011
   6.145215664873e-010             -1.02053539255831e-010
   6.167561903655e-010             -1.07475668964344e-010
   6.189908142436e-010             -1.05117423510249e-010
   6.212254381217e-010             -9.92393207284257e-011
   6.234600619999e-010             -1.06812831231176e-010
   6.256946858780e-010             -1.09379716150839e-010
   6.279293097561e-010             -1.02283629919847e-010
   6.301639336343e-010             -9.94138550607065e-011
   6.323985575124e-010             -1.10826648001524e-010
   6.346331813905e-010             -1.09522552698756e-010
   6.368678052687e-010             -1.02378846096863e-010
   6.391024291468e-010             -1.05064705946474e-010
   6.413370530249e-010             -1.13774294764216e-010
   6.435716769031e-010             -1.09736085162425e-010
   6.458063007812e-010             -1.02569152556373e-010
   6.480409246594e-010             -1.08951178871706e-010
   6.502755485375e-010             -1.15531092953300e-010
   6.525101724156e-010             -1.06284083447189e-010
   6.547447962938e-010             -1.06055842818539e-010
   6.569794201719e-010             -1.11273644181240e-010
   6.592140440500e-010             -1.12739873205792e-010
   6.614486679282e-010             -1.05818144747688e-010
   6.636832918063e-010             -1.07854454877484e-010
   6.659179156844e-010             -1.16002052080722e-010
   6.681525395626e-010             -1.10653255931743e-010
   6.703871634407e-010             -1.06030789808501e-010
   6.726217873188e-010             -1.12002512056320e-010
   6.748564111970e-010             -1.14650462301576e-010
   6.770910350751e-010             -1.08221575588376e-010
   6.793256589533e-010             -1.08431837865050e-010
   6.815602828314e-010             -1.15702963541714e-010
   6.837949067095e-010             -1.14650208977231e-010
   6.860295305877e-010             -1.07252956947604e-010
   6.882641544658e-010             -1.11471886601583e-010
   6.904987783439e-010             -1.17476573255490e-010
   6.927334022221e-010             -1.10770634150670e-010
   6.949680261002e-010             -1.06579063525916e-010
   6.972026499783e-010             -1.14893840978944e-010
   6.994372738565e-010             -1.16701859815221e-010
   7.016718977346e-010             -1.10038014004691e-010
   7.039065216127e-010             -1.07843626413224e-010
   7.061411454909e-010             -1.17670301896601e-010
   7.083757693690e-010             -1.15382296374437e-010
   7.106103932472e-010             -1.09320505807345e-010
   7.128450171253e-010             -1.11809087404422e-010
   7.150796410034e-010             -1.18166770017882e-010
   7.173142648816e-010             -1.11142497400355e-010
   7.195488887597e-010             -1.07232924365488e-010
   7.217835126378e-010             -1.10600562932753e-010
   7.240181365160e-010             -1.17408057464401e-010
   7.262527603941e-010             -1.09870428435949e-010
   7.284873842722e-010             -1.11134889993520e-010
   7.307220081504e-010             -1.14209552047329e-010
   7.329566320285e-010             -1.13894590051354e-010
   7.351912559066e-010             -1.06462319385500e-010
   7.374258797848e-010             -1.11855998467157e-010
   7.396605036629e-010             -1.14435915005230e-010
   7.418951275411e-010             -1.12004311426816e-010
   7.441297514192e-010             -1.07040006362279e-010
   7.463643752973e-010             -1.12970751478224e-010
   7.485989991755e-010             -1.11601082017365e-010
   7.508336230536e-010             -1.08068240665497e-010
   7.530682469317e-010             -1.07509115454336e-010
   7.553028708099e-010             -1.12594222454701e-010
   7.575374946880e-010             -1.07525572324945e-010
   7.597721185661e-010             -1.06502383014434e-010
   7.620067424443e-010             -1.06596889883285e-010
   7.642413663224e-010             -1.13379179410289e-010
   7.664759902005e-010             -1.05843173192941e-010
   7.687106140787e-010             -1.04247874647131e-010
   7.709452379568e-010             -1.07523112775853e-010
   7.731798618350e-010             -1.10500376992684e-010
   7.754144857131e-010             -1.04127554795207e-010
   7.776491095912e-010             -1.05563787146753e-010
   7.798837334694e-010             -1.05982966778124e-010
   7.821183573475e-010             -1.05943993211522e-010
   7.843529812256e-010             -1.00259061757251e-010
   7.865876051038e-010             -1.03662503498563e-010
   7.888222289819e-010             -1.05441210405213e-010
   7.910568528600e-010             -1.03054439094610e-010
   7.932914767382e-010             -9.91706790428147e-011
   7.955261006163e-010             -1.04589842553546e-010
   7.977607244944e-010             -1.02538418939818e-010
   7.999953483726e-010             -1.01776334869605e-010
   8.022299722507e-010             -9.94444351473557e-011
   8.044645961289e-010             -1.03311179479684e-010
   8.066992200070e-010             -9.88960109706330e-011
   8.089338438851e-010             -9.75322493405507e-011
   8.111684677633e-010             -9.93042608080064e-011
   8.134030916414e-010             -1.01579993149496e-010
   8.156377155195e-010             -9.56962112964541e-011
   8.178723393977e-010             -9.69407677017295e-011
   8.201069632758e-010             -9.85768146198546e-011
   8.223415871539e-010             -9.96216316882041e-011
   8.245762110321e-010             -9.16677892261617e-011
   8.268108349102e-010             -9.55058035072065e-011
   8.290454587883e-010             -9.67001525626674e-011
   8.312800826665e-010             -9.50793465582971e-011
   8.335147065446e-010             -9.04906831144278e-011
   8.357493304228e-010             -9.53538135063022e-011
   8.379839543009e-010             -9.43025036582338e-011
   8.402185781790e-010             -9.06947059357272e-011
   8.424532020572e-010             -8.82752496434652e-011
   8.446878259353e-010             -9.39275467809461e-011
   8.469224498134e-010             -9.12167352510344e-011
   8.491570736916e-010             -8.85065071347650e-011
   8.513916975697e-010             -8.73404306114682e-011
   8.536263214478e-010             -9.20179970826247e-011
   8.558609453260e-010             -8.65874232292897e-011
   8.580955692041e-010             -8.66525153034772e-011
   8.603301930822e-010             -8.78023130508557e-011
   8.625648169604e-010             -9.02862780036629e-011
   8.647994408385e-010             -8.46081678831097e-011
   8.670340647167e-010             -8.54320999405993e-011
   8.692686885948e-010             -8.57905231823249e-011
   8.715033124729e-010             -8.48711983884273e-011
   8.737379363511e-010             -8.06888073167440e-011
   8.759725602292e-010             -8.38952502299494e-011
   8.782071841073e-010             -8.40681617511253e-011
   8.804418079855e-010             -8.20455434183341e-011
   8.826764318636e-010             -7.90486028087682e-011
   8.849110557417e-010             -8.29451165898429e-011
   8.871456796199e-010             -8.05869479007012e-011
   8.893803034980e-010             -7.83740000789144e-011
   8.916149273761e-010             -7.71162569900247e-011
   8.938495512543e-010             -8.19593808998664e-011
   8.960841751324e-010             -7.81931771616896e-011
   8.983187990106e-010             -7.61834921881681e-011
   9.005534228887e-010             -7.73140940914169e-011
   9.027880467668e-010             -7.95361953661911e-011
   9.050226706450e-010             -7.44687627285888e-011
   9.072572945231e-010             -7.31296487895933e-011
   9.094919184012e-010             -7.54637793013744e-011
   9.117265422794e-010             -7.62776444029368e-011
   9.139611661575e-010             -7.19627877284774e-011
   9.161957900356e-010             -7.20361704175814e-011
   9.184304139138e-010             -7.34476537483022e-011
   9.206650377919e-010             -7.25303325196760e-011
   9.228996616700e-010             -6.87480265649726e-011
   9.251342855482e-010             -7.19519346994322e-011
   9.273689094263e-010             -7.19065696828487e-011
   9.296035333045e-010             -6.97454274571963e-011
   9.318381571826e-010             -6.78100141109336e-011
   9.340727810607e-010             -6.97937832363459e-011
   9.363074049389e-010             -6.94682722005395e-011
   9.385420288170e-010             -6.61269041354662e-011
   9.407766526951e-010             -6.64600471428929e-011
   9.430112765733e-010             -6.80469000085823e-011
   9.452459004514e-010             -6.53315255698685e-011
   9.474805243295e-010             -6.37782450886935e-011
   9.497151482077e-010             -6.57718278456883e-011
   9.519497720858e-010             -6.65910419291708e-011
   9.541843959639e-010             -6.31724606038423e-011
   9.564190198421e-010             -6.23419881723631e-011
   9.586536437202e-010             -6.47244990280789e-011
   9.608882675984e-010             -6.34707891698162e-011
   9.631228914765e-010             -5.98436942734420e-011
   9.653575153546e-010             -6.02590970691294e-011
   9.675921392328e-010             -6.28874461513046e-011
   9.698267631109e-010             -6.02884857637092e-011
   9.720613869890e-010             -5.87565305864581e-011
   9.742960108672e-010             -6.01688245550819e-011
   9.765306347453e-010             -6.11666814311260e-011
   9.787652586234e-010             -5.73875965338474e-011
   9.809998825016e-010             -5.64365754908850e-011
   9.832345063797e-010             -5.89272604476717e-011
   9.854691302578e-010             -5.85151293742781e-011
   9.877037541360e-010             -5.53953586988279e-011
   9.899383780141e-010             -5.57641283209094e-011
   9.921730018922e-010             -5.74110773976497e-011
   9.944076257704e-010             -5.55902280671399e-011
   9.966422496485e-010             -5.34432597223964e-011
   9.988768735267e-010             -5.53185000926553e-011
   1.001111497405e-009             -5.50682755167855e-011
   1.003346121283e-009             -5.33912775668703e-011
   1.005580745161e-009             -5.25589274646424e-011
   1.007815369039e-009             -5.48778677275378e-011
   1.010049992917e-009             -5.36464473410079e-011
   1.012284616795e-009             -5.09958840167538e-011
   1.014519240674e-009             -5.18334572063791e-011
   1.016753864552e-009             -5.31244441257846e-011
   1.018988488430e-009             -5.07678721476638e-011
   1.021223112308e-009             -4.99624266261389e-011
   1.023457736186e-009             -5.13710942183862e-011
   1.025692360064e-009             -5.17291889061132e-011
   1.027926983942e-009             -4.81980977951724e-011
   1.030161607821e-009             -4.89375899397380e-011
   1.032396231699e-009             -5.06404269728094e-011
   1.034630855577e-009             -4.97470671565908e-011
   1.036865479455e-009             -4.66616549387730e-011
   1.039100103333e-009             -4.81383562382041e-011
   1.041334727211e-009             -4.92853136823242e-011
   1.043569351089e-009             -4.75626467266119e-011
   1.045803974968e-009             -4.52447197610952e-011
   1.048038598846e-009             -4.71269595597622e-011
   1.050273222724e-009             -4.72726870758065e-011
   1.052507846602e-009             -4.51140535288158e-011
   1.054742470480e-009             -4.48024139200039e-011
   1.056977094358e-009             -4.68973494443522e-011
   1.059211718236e-009             -4.53329380450024e-011
   1.061446342114e-009             -4.37869348813651e-011
   1.063680965993e-009             -4.39397616202564e-011
   1.065915589871e-009             -4.56604511107812e-011
   1.068150213749e-009             -4.28100486551625e-011
   1.070384837627e-009             -4.25799825559321e-011
   1.072619461505e-009             -4.38089694934542e-011
   1.074854085383e-009             -4.40480877159341e-011
   1.077088709261e-009             -4.17186751781599e-011
   1.079323333140e-009             -4.17944667514868e-011
   1.081557957018e-009             -4.36438189090196e-011
   1.083792580896e-009             -4.20220226367564e-011
   1.086027204774e-009             -3.95605482798586e-011
   1.088261828652e-009             -4.17766158293325e-011
   1.090496452530e-009             -4.24786804534475e-011
   1.092731076408e-009             -4.07903734906667e-011
   1.094965700286e-009             -3.94227828247323e-011
   1.097200324165e-009             -4.15964530907029e-011
   1.099434948043e-009             -4.10790388843657e-011
   1.101669571921e-009             -3.86009817623360e-011
   1.103904195799e-009             -3.84871531548323e-011
   1.106138819677e-009             -4.10616439460318e-011
   1.108373443555e-009             -3.94181170508932e-011
   1.110608067433e-009             -3.76383722820793e-011
   1.112842691312e-009             -3.88351808866321e-011
   1.115077315190e-009             -4.01828403001878e-011
   1.117311939068e-009             -3.80837717507737e-011
   1.119546562946e-009             -3.70663382764334e-011
   1.121781186824e-009             -3.84498023993347e-011
   1.124015810702e-009             -3.87472926920225e-011
   1.126250434580e-009             -3.62740272383547e-011
   1.128485058459e-009             -3.70460539052711e-011
   1.130719682337e-009             -3.83361012216528e-011
   1.132954306215e-009             -3.73687737673890e-011
   1.135188930093e-009             -3.58825382608040e-011
   1.137423553971e-009             -3.71112718739814e-011
   1.139658177849e-009             -3.75325809651473e-011
   1.141892801727e-009             -3.59907123618749e-011
   1.144127425605e-009             -3.54862806443773e-011
   1.146362049484e-009             -3.73966425159007e-011
   1.148596673362e-009             -3.68851868052100e-011
   1.150831297240e-009             -3.47895158726126e-011
   1.153065921118e-009             -3.52557585613265e-011
   1.155300544996e-009             -3.71337640051899e-011
   1.157535168874e-009             -3.53610171294851e-011
   1.159769792752e-009             -3.40979741882452e-011
   1.162004416631e-009             -3.57939407580293e-011
   1.164239040509e-009             -3.63601912921215e-011
   1.166473664387e-009             -3.45525025451420e-011
   1.168708288265e-009             -3.39736226409938e-011
   1.170942912143e-009             -3.60179961614453e-011
   1.173177536021e-009             -3.57044036522308e-011
   1.175412159899e-009             -3.31604177180267e-011
   1.177646783778e-009             -3.39588653464425e-011
   1.179881407656e-009             -3.60933839511198e-011
   1.182116031534e-009             -3.48982979521106e-011
   1.184350655412e-009             -3.36199404027611e-011
   1.186585279290e-009             -3.45653084745898e-011
   1.188819903168e-009             -3.50808450101783e-011
   1.191054527046e-009             -3.31395744980071e-011
   1.193289150924e-009             -3.26610325285347e-011
   1.195523774803e-009             -3.48170790966116e-011
   1.197758398681e-009             -3.46414301372143e-011
   1.199993022559e-009             -3.23387179853683e-011
   1.202227646437e-009             -3.35521861200060e-011
   1.204462270315e-009             -3.40367879148628e-011
   1.206696894193e-009             -3.30697659851116e-011
   1.208931518071e-009             -3.18984663744174e-011
   1.211166141950e-009             -3.35045903138904e-011
   1.213400765828e-009             -3.39407595646445e-011
   1.215635389706e-009             -3.19797358947853e-011
   1.217870013584e-009             -3.18297233590685e-011
   1.220104637462e-009             -3.37693710601347e-011
   1.222339261340e-009             -3.27927381582767e-011
   1.224573885218e-009             -3.12622031326549e-011
   1.226808509096e-009             -3.23407461154247e-011
   1.229043132975e-009             -3.40898862328045e-011
   1.231277756853e-009             -3.23899140677764e-011
   1.233512380731e-009             -3.14036717291106e-011
   1.235747004609e-009             -3.24609646376103e-011
   1.237981628487e-009             -3.32746270796969e-011
   1.240216252365e-009             -3.05737550758906e-011
   1.242450876243e-009             -3.12574866939469e-011
   1.244685500122e-009             -3.31323478453383e-011
   1.246920124000e-009             -3.32077340997137e-011
   1.249154747878e-009             -3.08121885549903e-011
   1.251389371756e-009             -3.15316987823083e-011
   1.253623995634e-009             -3.26882165336663e-011
   1.255858619512e-009             -3.14380040866590e-011
   1.258093243390e-009             -3.02720810932680e-011
   1.260327867269e-009             -3.20826101435059e-011
   1.262562491147e-009             -3.21983655513282e-011
   1.264797115025e-009             -3.12855059017664e-011
   1.267031738903e-009             -3.05557014942605e-011
   1.269266362781e-009             -3.28099058723500e-011
   1.271500986659e-009             -3.13810015032113e-011
   1.273735610537e-009             -3.02551928036234e-011
   1.275970234415e-009             -3.09274879789922e-011
   1.278204858294e-009             -3.25272742039513e-011
   1.280439482172e-009             -3.11292047811055e-011
   1.282674106050e-009             -3.05123661430325e-011
   1.284908729928e-009             -3.19015845668054e-011
   1.287143353806e-009             -3.22287429785017e-011
   1.289377977684e-009             -3.00045629088022e-011
   1.291612601562e-009             -3.04837619862717e-011
   1.293847225441e-009             -3.21034026986566e-011
   1.296081849319e-009             -3.12804348089758e-011
   1.298316473197e-009             -2.92933939612696e-011
   1.300551097075e-009             -3.11261111535024e-011
   1.302785720953e-009             -3.20832687868021e-011
   1.305020344831e-009             -3.11713733050490e-011
   1.307254968709e-009             -2.94892781622593e-011
   1.309489592588e-009             -3.20862365198824e-011
   1.311724216466e-009             -3.18452160618689e-011
   1.313958840344e-009             -3.00866691671571e-011
   1.316193464222e-009             -2.99964734180624e-011
   1.318428088100e-009             -3.23035212544499e-011
   1.320662711978e-009             -3.14776639319408e-011
   1.322897335856e-009             -3.00476188356016e-011
   1.325131959734e-009             -3.08107177384922e-011
   1.327366583613e-009             -3.25835413791499e-011
   1.329601207491e-009             -3.06177506057139e-011
   1.331835831369e-009             -3.04302844494625e-011
   1.334070455247e-009             -3.11884135893004e-011
   1.336305079125e-009             -3.21784849638184e-011
   1.338539703003e-009             -2.97880872768385e-011
   1.340774326881e-009             -3.07214861572063e-011
   1.343008950760e-009             -3.18388261471870e-011
   1.345243574638e-009             -3.12411572531596e-011
   1.347478198516e-009             -2.95532801741152e-011
   1.349712822394e-009             -3.13982198821535e-011
   1.351947446272e-009             -3.19789498216673e-011
   1.354182070150e-009             -3.03461991906210e-011
   1.356416694028e-009             -2.96595013747835e-011
   1.358651317906e-009             -3.21450645739108e-011
   1.360885941785e-009             -3.14320455910126e-011
   1.363120565663e-009             -2.99434257649896e-011
   1.365355189541e-009             -3.02005484395297e-011
   1.367589813419e-009             -3.31234216166116e-011
   1.369824437297e-009             -3.09563193600137e-011
   1.372059061175e-009             -2.98745307550340e-011
   1.374293685053e-009             -3.08616604965556e-011
   1.376528308932e-009             -3.23600171892083e-011
   1.378762932810e-009             -3.00049175628847e-011
   1.380997556688e-009             -2.97338743317803e-011
   1.383232180566e-009             -3.17232227339715e-011
   1.385466804444e-009             -3.20576077983366e-011
   1.387701428322e-009             -2.96345496944832e-011
   1.389936052200e-009             -3.05729444379877e-011
   1.392170676079e-009             -3.18869025019080e-011
   1.394405299957e-009             -3.16278791271334e-011
   1.396639923835e-009             -2.98481850231884e-011
   1.398874547713e-009             -3.15823129863731e-011
   1.401109171591e-009             -3.18742240022821e-011
   1.403343795469e-009             -3.06423721967166e-011
   1.405578419347e-009             -3.00918922545544e-011
   1.407813043225e-009             -3.22840475211906e-011
   1.410047667104e-009             -3.16449961763377e-011
   1.412282290982e-009             -3.03181554180166e-011
   1.414516914860e-009             -3.10922839093443e-011
   1.416751538738e-009             -3.24514810953253e-011
   1.418986162616e-009             -3.07676357116088e-011
   1.421220786494e-009             -2.99093973966548e-011
   1.423455410372e-009             -3.14257324412836e-011
   1.425690034251e-009             -3.28515155474362e-011
   1.427924658129e-009             -3.03161011878762e-011
   1.430159282007e-009             -3.09679323620929e-011
   1.432393905885e-009             -3.24473987351285e-011
   1.434628529763e-009             -3.19711136552722e-011
   1.436863153641e-009             -2.97958973431496e-011
   1.439097777519e-009             -3.08416801146070e-011
   1.441332401398e-009             -3.25584883691117e-011
   1.443567025276e-009             -3.15832003892290e-011
   1.445801649154e-009             -3.00596386919313e-011
   1.448036273032e-009             -3.18971475525260e-011
   1.450270896910e-009             -3.25738551773892e-011
   1.452505520788e-009             -3.09825130972524e-011
   1.454740144666e-009             -3.06414847938608e-011
   1.456974768544e-009             -3.23863137914840e-011
   1.459209392423e-009             -3.17501012145904e-011
   1.461444016301e-009             -3.04033292038906e-011
   1.463678640179e-009             -3.07886831264032e-011
   1.465913264057e-009             -3.26457685852941e-011
   1.468147887935e-009             -3.12314449513149e-011
   1.470382511813e-009             -3.05782688551229e-011
   1.472617135691e-009             -3.22165726628641e-011
   1.474851759570e-009             -3.26594603822987e-011
   1.477086383448e-009             -3.06974725446308e-011
   1.479321007326e-009             -3.07136515261103e-011
   1.481555631204e-009             -3.21954239183319e-011
   1.483790255082e-009             -3.14337697318554e-011
   1.486024878960e-009             -3.02279596689220e-011
   1.488259502838e-009             -3.18728545155218e-011
   1.490494126716e-009             -3.30165402373480e-011
   1.492728750595e-009             -3.18190223246301e-011
   1.494963374473e-009             -3.04644909124881e-011
   1.497197998351e-009             -3.23904468165497e-011
   1.499432622229e-009             -3.28703813022683e-011
   1.501667246107e-009             -3.07813290439125e-011
   1.503901869985e-009             -3.12610363053704e-011
   1.506136493863e-009             -3.30193298757375e-011
   1.508371117742e-009             -3.27739737331825e-011
   1.510605741620e-009             -3.06180545949275e-011
   1.512840365498e-009             -3.19946206191585e-011
   1.515074989376e-009             -3.31544592223802e-011
   1.517309613254e-009             -3.17962001041240e-011
   1.519544237132e-009             -3.08231690138575e-011
   1.521778861010e-009             -3.23552255208464e-011
   1.524013484889e-009             -3.28233950098789e-011
   1.526248108767e-009             -3.11599629624455e-011
   1.528482732645e-009             -3.14254269167710e-011
   1.530717356523e-009             -3.38307860930769e-011
   1.532951980401e-009             -3.29205134224288e-011
   1.535186604279e-009             -3.18290631804733e-011
   1.537421228157e-009             -3.20892027176636e-011
   1.539655852035e-009             -3.35797754440891e-011
   1.541890475914e-009             -3.09634953478136e-011
   1.544125099792e-009             -3.14552470303862e-011
   1.546359723670e-009             -3.30492006542216e-011
   1.548594347548e-009             -3.35416877450433e-011
   1.550828971426e-009             -3.16497878446996e-011
   1.553063595304e-009             -3.27572896383127e-011
   1.555298219182e-009             -3.38147606415032e-011
   1.557532843061e-009             -3.28971338883644e-011
   1.559767466939e-009             -3.09497774507250e-011
   1.562002090817e-009             -3.30166676671699e-011
   1.564236714695e-009             -3.35547224340508e-011
   1.566471338573e-009             -3.21565762462521e-011
   1.568705962451e-009             -3.14692443519034e-011
   1.570940586329e-009             -3.43526879785623e-011
   1.573175210208e-009             -3.32387210406134e-011
   1.575409834086e-009             -3.18492984220657e-011
   1.577644457964e-009             -3.18006125536184e-011
   1.579879081842e-009             -3.47548534257665e-011
   1.582113705720e-009             -3.29515003633285e-011
   1.584348329598e-009             -3.14169321070797e-011
   1.586582953476e-009             -3.32488125613256e-011
   1.588817577354e-009             -3.43709948845371e-011
   1.591052201233e-009             -3.25673639329695e-011
   1.593286825111e-009             -3.23572536509028e-011
   1.595521448989e-009             -3.42670812383538e-011
   1.597756072867e-009             -3.43311093502937e-011
   1.599990696745e-009             -3.15740454009426e-011
   1.602225320623e-009             -3.31463451668555e-011
   1.604459944501e-009             -3.39727859030069e-011
   1.606694568380e-009             -3.33815330237454e-011
   1.608929192258e-009             -3.15601509444622e-011
   1.611163816136e-009             -3.38906028796990e-011
   1.613398440014e-009             -3.42100786549061e-011
   1.615633063892e-009             -3.28618112629232e-011
   1.617867687770e-009             -3.21365190993506e-011
   1.620102311648e-009             -3.44294698197820e-011
   1.622336935526e-009             -3.35742729322631e-011
   1.624571559405e-009             -3.17351903901333e-011
   1.626806183283e-009             -3.24428097262424e-011
   1.629040807161e-009             -3.50153215169553e-011
   1.631275431039e-009             -3.31442648366311e-011
   1.633510054917e-009             -3.21693821756999e-011
   1.635744678795e-009             -3.35484077490228e-011
   1.637979302673e-009             -3.56613983903003e-011
   1.640213926552e-009             -3.24305872104368e-011
   1.642448550430e-009             -3.28896032464820e-011
   1.644683174308e-009             -3.42104839738575e-011
   1.646917798186e-009             -3.43361297782153e-011
   1.649152422064e-009             -3.18953220819454e-011
   1.651387045942e-009             -3.32566993925896e-011
   1.653621669820e-009             -3.52205372656232e-011
   1.655856293699e-009             -3.41922277327517e-011
   1.658090917577e-009             -3.17942994038894e-011
   1.660325541455e-009             -3.46600671324866e-011
   1.662560165333e-009             -3.41908075811225e-011
   1.664794789211e-009             -3.33624385093536e-011
   1.667029413089e-009             -3.22820439559191e-011
   1.669264036967e-009             -3.49919926477599e-011
   1.671498660845e-009             -3.44754412794937e-011
   1.673733284724e-009             -3.29665616470934e-011
   1.675967908602e-009             -3.33753703333242e-011
   1.678202532480e-009             -3.57244101342634e-011
   1.680437156358e-009             -3.31555492847118e-011
   1.682671780236e-009             -3.25985028684760e-011
   1.684906404114e-009             -3.42639876107507e-011
   1.687141027992e-009             -3.53214094843714e-011
   1.689375651871e-009             -3.29362855496578e-011
   1.691610275749e-009             -3.30234890008873e-011
   1.693844899627e-009             -3.52307055512883e-011
   1.696079523505e-009             -3.51355400391409e-011
   1.698314147383e-009             -3.22309753033329e-011
   1.700548771261e-009             -3.45850616322778e-011
   1.702783395139e-009             -3.53056358218433e-011
   1.705018019018e-009             -3.41270588936113e-011
   1.707252642896e-009             -3.20827114732438e-011
   1.709487266774e-009             -3.49898631879656e-011
   1.711721890652e-009             -3.58452120700913e-011
   1.713956514530e-009             -3.35662847712612e-011
   1.716191138408e-009             -3.33051319366922e-011
   1.718425762286e-009             -3.64063669466080e-011
   1.720660386164e-009             -3.51036150305164e-011
   1.722895010043e-009             -3.34717272375410e-011
   1.725129633921e-009             -3.39189015119472e-011
   1.727364257799e-009             -3.63104414614266e-011
   1.729598881677e-009             -3.42428404015176e-011
   1.731833505555e-009             -3.35656261279650e-011
   1.734068129433e-009             -3.50930920907687e-011
   1.736302753311e-009             -3.63564390212223e-011
   1.738537377190e-009             -3.37388401030554e-011
   1.740772001068e-009             -3.40156652704145e-011
   1.743006624946e-009             -3.57725386891524e-011
   1.745241248824e-009             -3.54782172537215e-011
   1.747475872702e-009             -3.35501073250807e-011
   1.749710496580e-009             -3.52986379287342e-011
   1.751945120458e-009             -3.65629474916975e-011
   1.754179744336e-009             -3.48319392561998e-011
   1.756414368215e-009             -3.37771043614929e-011
   1.758648992093e-009             -3.65255460713309e-011
   1.760883615971e-009             -3.61117676220474e-011
   1.763118239849e-009             -3.44294943845669e-011
   1.765352863727e-009             -3.39000111923301e-011
   1.767587487605e-009             -3.67496275748309e-011
   1.769822111483e-009             -3.55133372196870e-011
   1.772056735362e-009             -3.36689809252910e-011
   1.774291359240e-009             -3.56991805648335e-011
   1.776525983118e-009             -3.72169603258764e-011
   1.778760606996e-009             -3.51047066281470e-011
   1.780995230874e-009             -3.39574190947293e-011
   1.783229854752e-009             -3.59507991922485e-011
   1.785464478630e-009             -3.61598946416374e-011
   1.787699102509e-009             -3.41799791168622e-011
   1.789933726387e-009             -3.48403327361532e-011
   1.792168350265e-009             -3.71313290208830e-011
   1.794402974143e-009             -3.64947878899909e-011
   1.796637598021e-009             -3.40373452284210e-011
   1.798872221899e-009             -3.53723000422668e-011
   1.801106845777e-009             -3.67302551713094e-011
   1.803341469655e-009             -3.49475426694153e-011
   1.805576093534e-009             -3.45610219196182e-011
   1.807810717412e-009             -3.64453159484256e-011
   1.810045341290e-009             -3.69051687224577e-011
   1.812279965168e-009             -3.47530264198868e-011
   1.814514589046e-009             -3.54084594056949e-011
   1.816749212924e-009             -3.70549785986988e-011
   1.818983836802e-009             -3.56072606748960e-011
   1.821218460681e-009             -3.40290530782055e-011
   1.823453084559e-009             -3.60192136535988e-011
   1.825687708437e-009             -3.68388852562007e-011
   1.827922332315e-009             -3.46461726760063e-011
   1.830156956193e-009             -3.43561362602479e-011
   1.832391580071e-009             -3.68037146253663e-011
   1.834626203949e-009             -3.67965125374824e-011
   1.836860827828e-009             -3.50111132622357e-011
   1.839095451706e-009             -3.52899911244361e-011
   1.841330075584e-009             -3.78457942554943e-011
   1.843564699462e-009             -3.55699605842673e-011
   1.845799323340e-009             -3.44895905956177e-011
   1.848033947218e-009             -3.56010227548209e-011
   1.850268571096e-009             -3.74184483684300e-011
   1.852503194974e-009             -3.53617771025191e-011
   1.854737818853e-009             -3.52461736893037e-011
   1.856972442731e-009             -3.73754185417146e-011
   1.859207066609e-009             -3.72927027696334e-011
   1.861441690487e-009             -3.48535685493374e-011
   1.863676314365e-009             -3.58204384844817e-011
   1.865910938243e-009             -3.69792376902408e-011
   1.868145562121e-009             -3.61683387864597e-011
   1.870380186000e-009             -3.47001061966359e-011
   1.872614809878e-009             -3.72879095659725e-011
   1.874849433756e-009             -3.72435348172818e-011
   1.877084057634e-009             -3.59778051026892e-011
   1.879318681512e-009             -3.53612197889609e-011
   1.881553305390e-009             -3.79883007141137e-011
   1.883787929268e-009             -3.70442268993914e-011
   1.886022553146e-009             -3.50352021044651e-011
   1.888257177025e-009             -3.60677720922242e-011
   1.890491800903e-009             -3.80597827029830e-011
   1.892726424781e-009             -3.63394755019238e-011
   1.894961048659e-009             -3.62144898761612e-011
   1.897195672537e-009             -3.75975471448120e-011
   1.899430296415e-009             -3.90996822084479e-011
   1.901664920293e-009             -3.59393381847760e-011
   1.903899544172e-009             -3.57665540934220e-011
   1.906134168050e-009             -3.76870827153115e-011
   1.908368791928e-009             -3.76032262160298e-011
   1.910603415806e-009             -3.51693411832151e-011
   1.912838039684e-009             -3.73497821180341e-011
   1.915072663562e-009             -3.83757840964205e-011
   1.917307287440e-009             -3.76832536794593e-011
   1.919541911319e-009             -3.57163221788227e-011
   1.921776535197e-009             -3.79949961533082e-011
   1.924011159075e-009             -3.83653118215418e-011
   1.926245782953e-009             -3.60987083682550e-011
   1.928480406831e-009             -3.58238361012984e-011
   1.930715030709e-009             -3.87221890171154e-011
   1.932949654587e-009             -3.72513448835929e-011
   1.935184278465e-009             -3.66062321780566e-011
   1.937418902344e-009             -3.72197499642659e-011
   1.939653526222e-009             -3.94729901745466e-011
   1.941888150100e-009             -3.70879184400011e-011
   1.944122773978e-009             -3.64408528340623e-011
   1.946357397856e-009             -3.83391180843030e-011
   1.948592021734e-009             -3.90204653829212e-011
   1.950826645612e-009             -3.61422463789588e-011
   1.953061269491e-009             -3.67049995017955e-011
   1.955295893369e-009             -3.87883204887655e-011
   1.957530517247e-009             -3.88682466224572e-011
   1.959765141125e-009             -3.67078137049699e-011
   1.961999765003e-009             -3.81815733714047e-011
   1.964234388881e-009             -3.87772909003285e-011
   1.966469012759e-009             -3.73009688197650e-011
   1.968703636638e-009             -3.58377566578628e-011
   1.970938260516e-009             -3.91086069018755e-011
   1.973172884394e-009             -3.90280221248877e-011
   1.975407508272e-009             -3.70992520176516e-011
   1.977642132150e-009             -3.72746476527043e-011
   1.979876756028e-009             -3.96768118716693e-011
   1.982111379906e-009             -3.80686076019719e-011
   1.984346003784e-009             -3.63158933083837e-011
   1.986580627663e-009             -3.80136577133655e-011
   1.988815251541e-009             -3.95180496666175e-011
   1.991049875419e-009             -3.75496719142677e-011
   1.993284499297e-009             -3.66711215927684e-011
   1.995519123175e-009             -3.89101372572711e-011
   1.997753747053e-009             -3.93383951119763e-011
   1.999988370931e-009             -3.66872483740799e-011
   2.002222994810e-009             -3.78397835596799e-011
   2.004457618688e-009             -3.94867341717192e-011
   2.006692242566e-009             -3.85022666387652e-011
   2.008926866444e-009             -3.65794550271756e-011
   2.011161490322e-009             -3.76974536604523e-011
   2.013396114200e-009             -3.97123110565022e-011
   2.015630738078e-009             -3.72024563556698e-011
   2.017865361956e-009             -3.71245583520346e-011
   2.020099985835e-009             -3.90615699446172e-011
   2.022334609713e-009             -3.91282341650407e-011
   2.024569233591e-009             -3.68873423650883e-011
   2.026803857469e-009             -3.76821129522588e-011
   2.029038481347e-009             -3.99921530865115e-011
   2.031273105225e-009             -3.83341483212503e-011
   2.033507729103e-009             -3.69026324084129e-011
   2.035742352982e-009             -3.87551534232026e-011
   2.037976976860e-009             -3.98015948379561e-011
   2.040211600738e-009             -3.78457681554103e-011
   2.042446224616e-009             -3.73095403944091e-011
   2.044680848494e-009             -3.98707431722564e-011
   2.046915472372e-009             -3.90801823751046e-011
   2.049150096250e-009             -3.71985259900798e-011
   2.051384720129e-009             -3.79439259654229e-011
   2.053619344007e-009             -4.05465388294788e-011
   2.055853967885e-009             -3.85340642175678e-011
   2.058088591763e-009             -3.72174424097808e-011
   2.060323215641e-009             -3.91589662462967e-011
   2.062557839519e-009             -4.05355338058267e-011
   2.064792463397e-009             -3.81703656882769e-011
   2.067027087275e-009             -3.75674982716371e-011
   2.069261711154e-009             -3.98123204371795e-011
   2.071496335032e-009             -3.93093610714791e-011
   2.073730958910e-009             -3.70553332527813e-011
   2.075965582788e-009             -3.86727431756341e-011
   2.078200206666e-009             -4.02004117979135e-011
   2.080434830544e-009             -3.94335099592547e-011
   2.082669454422e-009             -3.74184744685140e-011
   2.084904078301e-009             -4.03757828681812e-011
   2.087138702179e-009             -4.03963481990712e-011
   2.089373326057e-009             -3.84263983004854e-011
   2.091607949935e-009             -3.82722251043197e-011
   2.093842573813e-009             -4.07950899293747e-011
   2.096077197691e-009             -3.93683411201143e-011
   2.098311821569e-009             -3.80104120911556e-011
   2.100546445448e-009             -3.90028938851956e-011
   2.102781069326e-009             -4.22056336570716e-011
   2.105015693204e-009             -3.91795576772706e-011
   2.107250317082e-009             -3.87909581325482e-011
   2.109484940960e-009             -4.00578546744253e-011
   2.111719564838e-009             -4.11572915420835e-011
   2.113954188716e-009             -3.77781658672620e-011
   2.116188812594e-009             -3.88525005953122e-011
   2.118423436473e-009             -4.08210303422688e-011
   2.120658060351e-009             -4.11552879768121e-011
   2.122892684229e-009             -3.75210953928899e-011
   2.125127308107e-009             -4.02681415158837e-011
   2.127361931985e-009             -4.13574361979608e-011
   2.129596555863e-009             -3.97787726174500e-011
   2.131831179741e-009             -3.75190150626655e-011
   2.134065803620e-009             -4.06313333964853e-011
   2.136300427498e-009             -4.10269308343168e-011
   2.138535051376e-009             -3.96097162322103e-011
   2.140769675254e-009             -3.88193319944502e-011
   2.143004299132e-009             -4.23162934073184e-011
   2.145238923010e-009             -3.97301880787406e-011
   2.147473546888e-009             -3.84034993150263e-011
   2.149708170766e-009             -3.86394486802493e-011
   2.151942794645e-009             -4.14875435813829e-011
   2.154177418523e-009             -3.92731756079669e-011
   2.156412042401e-009             -3.89170599207264e-011
   2.158646666279e-009             -4.10393805743830e-011
   2.160881290157e-009             -4.19475237852368e-011
   2.163115914035e-009             -3.89150809202398e-011
   2.165350537913e-009             -3.97513613880577e-011
   2.167585161792e-009             -4.10166105540449e-011
   2.169819785670e-009             -4.08048513607893e-011
   2.172054409548e-009             -3.77127452390760e-011
   2.174289033426e-009             -4.06913789426672e-011
   2.176523657304e-009             -4.17764131698567e-011
   2.178758281182e-009             -4.01098613947363e-011
   2.180992905060e-009             -3.85034580308346e-011
   2.183227528939e-009             -4.16461783566128e-011
   2.185462152817e-009             -4.11684992252113e-011
   2.187696776695e-009             -3.92052693306050e-011
   2.189931400573e-009             -3.90460004768639e-011
   2.192166024451e-009             -4.21775131195143e-011
   2.194400648329e-009             -4.02989764621766e-011
   2.196635272207e-009             -3.84644076992791e-011
   2.198869896085e-009             -3.98840050855246e-011
   2.201104519964e-009             -4.22110855040287e-011
   2.203339143842e-009             -3.93007142671810e-011
   2.205573767720e-009             -3.94379715383190e-011
   2.207808391598e-009             -4.07387198891391e-011
   2.210043015476e-009             -4.20764904414584e-011
   2.212277639354e-009             -3.82420257718371e-011
   2.214512263232e-009             -3.98483523707858e-011
   2.216746887111e-009             -4.13204400965457e-011
   2.218981510989e-009             -4.07705190032409e-011
   2.221216134867e-009             -3.87057828113752e-011
   2.223450758745e-009             -4.11732156639193e-011
   2.225685382623e-009             -4.18640219400377e-011
   2.227920006501e-009             -3.98413038128077e-011
   2.230154630379e-009             -3.85980662294237e-011
   2.232389254258e-009             -4.17291720178236e-011
