# Atom Manipulation               
# 
# Sample                          Ag(111)
# Data set                        -
# Creation Comment                
# Gap voltage                     -1.000e-004 V
# Gap voltage range in Volt       -1;1
# Feedback loop enabled           No
# Regulator setpoint              1.000e-009 A
# Pre-amplifier range             0;3.33e-007
# Loop gain                       7.000e+000 %
# Z-axis offset                   -8.000e-010 m
# Parameter mode                  V before Z
# Raster time                     1.000e-003 seconds
# Channel name and data unit      I(r) [A]
# Manipulation vector: start      4.464e+000, 7.316e+000 [nm]
#                      end        -7.812e+000, 7.068e+000 [nm]
# 
# 
#            Position                             I(r)
# -------------------             --------------------
   0.00000000000e+000             -2.304570298811e-008
   1.22785047950e-011             -2.319975267100e-008
   2.45570095899e-011             -2.291303664191e-008
   3.68355143849e-011             -2.276647645335e-008
   4.91140191799e-011             -2.308293848563e-008
   6.13925239748e-011             -2.295328908806e-008
   7.36710287698e-011             -2.295784102715e-008
   8.59495335648e-011             -2.303617578192e-008
   9.82280383597e-011             -2.305671230753e-008
   1.10506543155e-010             -2.290094248632e-008
   1.22785047950e-010             -2.247952239917e-008
   1.35063552745e-010             -2.248121602134e-008
   1.47342057540e-010             -2.233817565786e-008
   1.59620562335e-010             -2.221733892602e-008
   1.71899067130e-010             -2.219923723426e-008
   1.84177571924e-010             -2.224356525919e-008
   1.96456076719e-010             -2.223641985455e-008
   2.08734581514e-010             -2.217192590985e-008
   2.21013086309e-010             -2.217094667308e-008
   2.33291591104e-010             -2.284465257641e-008
   2.45570095899e-010             -2.315743599684e-008
   2.57848600694e-010             -2.322174463862e-008
   2.70127105489e-010             -2.297779528292e-008
   2.82405610284e-010             -2.306391058940e-008
   2.94684115079e-010             -2.317233543705e-008
   3.06962619874e-010             -2.285140101413e-008
   3.19241124669e-010             -2.300013118516e-008
   3.31519629464e-010             -2.300738249934e-008
   3.43798134259e-010             -2.313210950705e-008
   3.56076639054e-010             -2.293852191847e-008
   3.68355143849e-010             -2.296067267286e-008
   3.80633648644e-010             -2.300095163516e-008
   3.92912153439e-010             -2.303958969747e-008
   4.05190658234e-010             -2.304178635116e-008
   4.17469163029e-010             -2.305059901689e-008
   4.29747667824e-010             -2.307753973546e-008
   4.42026172619e-010             -2.283009707082e-008
   4.54304677414e-010             -2.290864364465e-008
   4.66583182209e-010             -2.307150583820e-008
   4.78861687004e-010             -2.301905332692e-008
   4.91140191799e-010             -2.310384546202e-008
   5.03418696594e-010             -2.339675417513e-008
   5.15697201389e-010             -2.305131355735e-008
   5.27975706184e-010             -2.307444339345e-008
   5.40254210978e-010             -2.325516925367e-008
   5.52532715773e-010             -2.310411015832e-008
   5.64811220568e-010             -2.318601761541e-008
   5.77089725363e-010             -2.325501046690e-008
   5.89368230158e-010             -2.325363426321e-008
   6.01646734953e-010             -2.316953030749e-008
   6.13925239748e-010             -2.290123354371e-008
   6.26203744543e-010             -2.302799826327e-008
   6.38482249338e-010             -2.316442261471e-008
   6.50760754133e-010             -2.310254865171e-008
   6.63039258928e-010             -2.295164834313e-008
   6.75317763723e-010             -2.314163671324e-008
   6.87596268518e-010             -2.307955108623e-008
   6.99874773313e-010             -2.287389570314e-008
   7.12153278108e-010             -2.284475833088e-008
   7.24431782903e-010             -2.283017646420e-008
   7.36710287698e-010             -2.289482919568e-008
   7.48988792493e-010             -2.301394563414e-008
   7.61267297288e-010             -2.293166772628e-008
   7.73545802083e-010             -2.296617733257e-008
   7.85824306878e-010             -2.302124982555e-008
   7.98102811673e-010             -2.277081672843e-008
   8.10381316468e-010             -2.289959279877e-008
   8.22659821263e-010             -2.299634681884e-008
   8.34938326058e-010             -2.309807626107e-008
   8.47216830853e-010             -2.300513296841e-008
   8.59495335648e-010             -2.283232008560e-008
   8.71773840443e-010             -2.267340104514e-008
   8.84052345238e-010             -2.297655134984e-008
   8.96330850033e-010             -2.251757819163e-008
   9.08609354827e-010             -2.253570639954e-008
   9.20887859622e-010             -2.296249872071e-008
   9.33166364417e-010             -2.267625920700e-008
   9.45444869212e-010             -2.250754826405e-008
   9.57723374007e-010             -2.267453891361e-008
   9.70001878802e-010             -2.290602366295e-008
   9.82280383597e-010             -2.291200452790e-008
   9.94558888392e-010             -2.292100249655e-008
   1.00683739319e-009             -2.294055978539e-008
   1.01911589798e-009             -2.295569740576e-008
   1.03139440278e-009             -2.287289010529e-008
   1.04367290757e-009             -2.274673401665e-008
   1.05595141237e-009             -2.308357363271e-008
   1.06822991716e-009             -2.308693467103e-008
   1.08050842196e-009             -2.302543131387e-008
   1.09278692675e-009             -2.277147823660e-008
   1.10506543155e-009             -2.273413698460e-008
   1.11734393634e-009             -2.279225294236e-008
   1.12962244114e-009             -2.282173424925e-008
   1.14190094593e-009             -2.267797934531e-008
   1.15417945073e-009             -2.265479647692e-008
   1.16645795552e-009             -2.288381987626e-008
   1.17873646032e-009             -2.268062584317e-008
   1.19101496511e-009             -2.272566825350e-008
   1.20329346991e-009             -2.272405402472e-008
   1.21557197470e-009             -2.282049047124e-008
   1.22785047950e-009             -2.280283862364e-008
   1.24012898429e-009             -2.289337359860e-008
   1.25240748909e-009             -2.275237094698e-008
   1.26468599388e-009             -2.281411248430e-008
   1.27696449868e-009             -2.287723022531e-008
   1.28924300347e-009             -2.286323062848e-008
   1.30152150827e-009             -2.289943401200e-008
   1.31380001306e-009             -2.291782676115e-008
   1.32607851786e-009             -2.301190792228e-008
   1.33835702265e-009             -2.289496146630e-008
   1.35063552745e-009             -2.287357812960e-008
   1.36291403224e-009             -2.288694273442e-008
   1.37519253704e-009             -2.297811285646e-008
   1.38747104183e-009             -2.304861418226e-008
   1.39974954663e-009             -2.318453565724e-008
   1.41202805142e-009             -2.370191583061e-008
   1.42430655622e-009             -2.346434430678e-008
   1.43658506101e-009             -2.322081843415e-008
   1.44886356581e-009             -2.345614042705e-008
   1.46114207060e-009             -2.361683263812e-008
   1.47342057540e-009             -2.357253112934e-008
   1.48569908019e-009             -2.346640853479e-008
   1.49797758499e-009             -2.349607529966e-008
   1.51025608978e-009             -2.337886414737e-008
   1.52253459458e-009             -2.341104498442e-008
   1.53481309937e-009             -2.325688939199e-008
   1.54709160417e-009             -2.346564111709e-008
   1.55937010896e-009             -2.347596225713e-008
   1.57164861376e-009             -2.342710880925e-008
   1.58392711855e-009             -2.326739583495e-008
   1.59620562335e-009             -2.324863247996e-008
   1.60848412814e-009             -2.320512490502e-008
   1.62076263294e-009             -2.344346384655e-008
   1.63304113773e-009             -2.332207136101e-008
   1.64531964253e-009             -2.317649040922e-008
   1.65759814732e-009             -2.350499371986e-008
   1.66987665212e-009             -2.331881623223e-008
   1.68215515691e-009             -2.330894509141e-008
   1.69443366171e-009             -2.325112019104e-008
   1.70671216650e-009             -2.349424925181e-008
   1.71899067130e-009             -2.337854657383e-008
   1.73126917609e-009             -2.351205973112e-008
   1.74354768089e-009             -2.342054567446e-008
   1.75582618568e-009             -2.340911302703e-008
   1.76810469048e-009             -2.351105413326e-008
   1.78038319527e-009             -2.326594023787e-008
   1.79266170007e-009             -2.355914000837e-008
   1.80494020486e-009             -2.360592922824e-008
   1.81721870965e-009             -2.335030904495e-008
   1.82949721445e-009             -2.343070802773e-008
   1.84177571924e-009             -2.326204996201e-008
   1.85405422404e-009             -2.333178387012e-008
   1.86633272883e-009             -2.358917722402e-008
   1.87861123363e-009             -2.356496224162e-008
   1.89088973842e-009             -2.342488579448e-008
   1.90316824322e-009             -2.365377692320e-008
   1.91544674801e-009             -2.349509606289e-008
   1.92772525281e-009             -2.334861526772e-008
   1.94000375760e-009             -2.344621625393e-008
   1.95228226240e-009             -2.359971002807e-008
   1.96456076719e-009             -2.367111119726e-008
   1.97683927199e-009             -2.365510024965e-008
   1.98911777678e-009             -2.357255749042e-008
   2.00139628158e-009             -2.351491789297e-008
   2.01367478637e-009             -2.372501930562e-008
   2.02595329117e-009             -2.344163779869e-008
   2.03823179596e-009             -2.369220332150e-008
   2.05051030076e-009             -2.368857774194e-008
   2.06278880555e-009             -2.362680968847e-008
   2.07506731035e-009             -2.335022965157e-008
   2.08734581514e-009             -2.346579990386e-008
   2.09962431994e-009             -2.343282513297e-008
   2.11190282473e-009             -2.348027601606e-008
   2.12418132953e-009             -2.343234877266e-008
   2.13645983432e-009             -2.321197925228e-008
   2.14873833912e-009             -2.364655212517e-008
   2.16101684391e-009             -2.346683201786e-008
   2.17329534871e-009             -2.346863154957e-008
   2.18557385350e-009             -2.351211276342e-008
   2.19785235830e-009             -2.359132084542e-008
   2.21013086309e-009             -2.361519173813e-008
   2.22240936789e-009             -2.365004543411e-008
   2.23468787268e-009             -2.344957713719e-008
   2.24696637748e-009             -2.321909814077e-008
   2.25924488227e-009             -2.337973747461e-008
   2.27152338707e-009             -2.314711485680e-008
   2.28380189186e-009             -2.340014157453e-008
   2.29608039666e-009             -2.344277582223e-008
   2.30835890145e-009             -2.336711392641e-008
   2.32063740625e-009             -2.327559986975e-008
   2.33291591104e-009             -2.323661771775e-008
   2.34519441584e-009             -2.333517126952e-008
   2.35747292063e-009             -2.355720820605e-008
   2.36975142543e-009             -2.342004279800e-008
   2.38202993022e-009             -2.347582998651e-008
   2.39430843502e-009             -2.394083704198e-008
   2.40658693981e-009             -2.367420753927e-008
   2.41886544461e-009             -2.357403960365e-008
   2.43114394940e-009             -2.363604583727e-008
   2.44342245420e-009             -2.387729581789e-008
   2.45570095899e-009             -2.381076416133e-008
   2.46797946379e-009             -2.385038146040e-008
   2.48025796858e-009             -2.390116671060e-008
   2.49253647338e-009             -2.384170106530e-008
   2.50481497817e-009             -2.386091426445e-008
   2.51709348297e-009             -2.360693482609e-008
   2.52937198776e-009             -2.384371241607e-008
   2.54165049256e-009             -2.393133619687e-008
   2.55392899735e-009             -2.376172556560e-008
   2.56620750215e-009             -2.347802648514e-008
   2.57848600694e-009             -2.336946921180e-008
   2.59076451174e-009             -2.327022748066e-008
   2.60304301653e-009             -2.345627269767e-008
   2.61532152133e-009             -2.360113910900e-008
   2.62760002612e-009             -2.347710028067e-008
   2.63987853092e-009             -2.365703205198e-008
   2.65215703571e-009             -2.366825303540e-008
   2.66443554051e-009             -2.366306594923e-008
   2.67671404530e-009             -2.376244010606e-008
   2.68899255010e-009             -2.384286560499e-008
   2.70127105489e-009             -2.377016762549e-008
   2.71354955969e-009             -2.381589821520e-008
   2.72582806448e-009             -2.375023988587e-008
   2.73810656928e-009             -2.393437966165e-008
   2.75038507407e-009             -2.391413434849e-008
   2.76266357887e-009             -2.347432151220e-008
   2.77494208366e-009             -2.395420149173e-008
   2.78722058846e-009             -2.393276527780e-008
   2.79949909325e-009             -2.378975143048e-008
   2.81177759805e-009             -2.371189288096e-008
   2.82405610284e-009             -2.370136007691e-008
   2.83633460764e-009             -2.367717161066e-008
   2.84861311243e-009             -2.383680519158e-008
   2.86089161723e-009             -2.377244367256e-008
   2.87317012202e-009             -2.364628758393e-008
   2.88544862682e-009             -2.381936516305e-008
   2.89772713161e-009             -2.377633394843e-008
   2.91000563641e-009             -2.357163128596e-008
   2.92228414120e-009             -2.358999767402e-008
   2.93456264600e-009             -2.385503915396e-008
   2.94684115079e-009             -2.374701127324e-008
   2.95911965559e-009             -2.361537704105e-008
   2.97139816038e-009             -2.363808354913e-008
   2.98367666518e-009             -2.383834018205e-008
   2.99595516997e-009             -2.385604490688e-008
   3.00823367477e-009             -2.355477337220e-008
   3.02051217956e-009             -2.392810758424e-008
   3.03279068436e-009             -2.406455829676e-008
   3.04506918915e-009             -2.376302222084e-008
   3.05734769395e-009             -2.359994820822e-008
   3.06962619874e-009             -2.377593698150e-008
   3.08190470354e-009             -2.367788615113e-008
   3.09418320833e-009             -2.379853758005e-008
   3.10646171313e-009             -2.380814417963e-008
   3.11874021792e-009             -2.360193304284e-008
   3.13101872272e-009             -2.377736606243e-008
   3.14329722751e-009             -2.360968723348e-008
   3.15557573231e-009             -2.367849478206e-008
   3.16785423710e-009             -2.373997177813e-008
   3.18013274190e-009             -2.377876862721e-008
   3.19241124669e-009             -2.386221107476e-008
   3.20468975149e-009             -2.387483462296e-008
   3.21696825628e-009             -2.367119059064e-008
   3.22924676108e-009             -2.392172959730e-008
   3.24152526587e-009             -2.393419435873e-008
   3.25380377067e-009             -2.381801547551e-008
   3.26608227546e-009             -2.393678797935e-008
   3.27836078026e-009             -2.401546682380e-008
   3.29063928505e-009             -2.381378110996e-008
   3.30291778985e-009             -2.370633534401e-008
   3.31519629464e-009             -2.380348648607e-008
   3.32747479944e-009             -2.364271488161e-008
   3.33975330423e-009             -2.387912186574e-008
   3.35203180903e-009             -2.382677510893e-008
   3.36431031382e-009             -2.370877017786e-008
   3.37658881862e-009             -2.381301369226e-008
   3.38886732341e-009             -2.375566515220e-008
   3.40114582821e-009             -2.377027353502e-008
   3.41342433300e-009             -2.364726666563e-008
   3.42570283780e-009             -2.366301307200e-008
   3.43798134259e-009             -2.376069345160e-008
   3.45025984739e-009             -2.379094233125e-008
   3.46253835218e-009             -2.364906635240e-008
   3.47481685698e-009             -2.375989951775e-008
   3.48709536177e-009             -2.383050659802e-008
   3.49937386657e-009             -2.358444013708e-008
   3.51165237136e-009             -2.367952689606e-008
   3.52393087616e-009             -2.394980849447e-008
   3.53620938095e-009             -2.351991967622e-008
   3.54848788575e-009             -2.328515343702e-008
   3.56076639054e-009             -2.320827427933e-008
   3.57304489534e-009             -2.338799438664e-008
   3.58532340013e-009             -2.335282311712e-008
   3.59760190493e-009             -2.318469444401e-008
   3.60988040972e-009             -2.324752097257e-008
   3.62215891451e-009             -2.352725038379e-008
   3.63443741931e-009             -2.336782846687e-008
   3.64671592410e-009             -2.334430150878e-008
   3.65899442890e-009             -2.348342523531e-008
   3.67127293369e-009             -2.358134379507e-008
   3.68355143849e-009             -2.375209244988e-008
   3.69582994328e-009             -2.382084712121e-008
   3.70810844808e-009             -2.386345485277e-008
   3.72038695287e-009             -2.397423514088e-008
   3.73266545767e-009             -2.393620570950e-008
   3.74494396246e-009             -2.385519794073e-008
   3.75722246726e-009             -2.403679712819e-008
   3.76950097205e-009             -2.400236691529e-008
   3.78177947685e-009             -2.377776302935e-008
   3.79405798164e-009             -2.367695979159e-008
   3.80633648644e-009             -2.369847539891e-008
   3.81861499123e-009             -2.374717006001e-008
   3.83089349603e-009             -2.372642187040e-008
   3.84317200082e-009             -2.358983888725e-008
   3.85545050562e-009             -2.360955480780e-008
   3.86772901041e-009             -2.331047992681e-008
   3.88000751521e-009             -2.297578393214e-008
   3.89228602000e-009             -2.338016095768e-008
   3.90456452480e-009             -2.346820822156e-008
   3.91684302959e-009             -2.331047992681e-008
   3.92912153439e-009             -2.335676627022e-008
   3.94140003918e-009             -2.363766006606e-008
   3.95367854398e-009             -2.339580145451e-008
   3.96595704877e-009             -2.357822093690e-008
   3.97823555357e-009             -2.351497092527e-008
   3.99051405836e-009             -2.345862798307e-008
   4.00279256316e-009             -2.358753647909e-008
   4.01507106795e-009             -2.366706213463e-008
   4.02734957275e-009             -2.349181441796e-008
   4.03962807754e-009             -2.333527717905e-008
   4.05190658234e-009             -2.335343174805e-008
   4.06418508713e-009             -2.339511327513e-008
   4.07646359193e-009             -2.357536277505e-008
   4.08874209672e-009             -2.344335809208e-008
   4.10102060152e-009             -2.340493169378e-008
   4.11329910631e-009             -2.335126176557e-008
   4.12557761111e-009             -2.347792057560e-008
   4.13785611590e-009             -2.337677340322e-008
   4.15013462070e-009             -2.344261703546e-008
   4.16241312549e-009             -2.343536572129e-008
   4.17469163029e-009             -2.349123230318e-008
   4.18697013508e-009             -2.358340802307e-008
   4.19924863988e-009             -2.339646296268e-008
   4.21152714467e-009             -2.346172432508e-008
   4.22380564947e-009             -2.349210563042e-008
   4.23608415426e-009             -2.332606754640e-008
   4.24836265906e-009             -2.343883266914e-008
   4.26064116385e-009             -2.348824171564e-008
   4.27291966865e-009             -2.338288669385e-008
   4.28519817344e-009             -2.314780288111e-008
   4.29747667824e-009             -2.331744018360e-008
   4.30975518303e-009             -2.329759183737e-008
   4.32203368783e-009             -2.336033897254e-008
   4.33431219262e-009             -2.334514847493e-008
   4.34659069742e-009             -2.336772255734e-008
   4.35886920221e-009             -2.335459628774e-008
   4.37114770701e-009             -2.310082851339e-008
   4.38342621180e-009             -2.311930065593e-008
   4.39570471660e-009             -2.317582874599e-008
   4.40798322139e-009             -2.331968955946e-008
   4.42026172619e-009             -2.318638806618e-008
   4.43254023098e-009             -2.330111150739e-008
   4.44481873578e-009             -2.304303012917e-008
   4.45709724057e-009             -2.312035928608e-008
   4.46937574537e-009             -2.316304641102e-008
   4.48165425016e-009             -2.321351424274e-008
   4.49393275496e-009             -2.333580641660e-008
   4.50621125975e-009             -2.343835630883e-008
   4.51848976455e-009             -2.332201848377e-008
   4.53076826934e-009             -2.314491835817e-008
   4.54304677414e-009             -2.317662267984e-008
   4.55532527893e-009             -2.329431019244e-008
   4.56760378373e-009             -2.324625067841e-008
   4.57988228852e-009             -2.330688086340e-008
   4.59216079332e-009             -2.328322163470e-008
   4.60443929811e-009             -2.329240475120e-008
   4.61671780291e-009             -2.322465567771e-008
   4.62899630770e-009             -2.326673417172e-008
   4.64127481250e-009             -2.335504613190e-008
   4.65355331729e-009             -2.332672920963e-008
   4.66583182209e-009             -2.328266588100e-008
   4.67811032688e-009             -2.339593372513e-008
   4.69038883168e-009             -2.334917102141e-008
   4.70266733647e-009             -2.320761261611e-008
   4.71494584127e-009             -2.336084184900e-008
   4.72722434606e-009             -2.300460373087e-008
   4.73950285086e-009             -2.318358293662e-008
   4.75178135565e-009             -2.334242258370e-008
   4.76405986045e-009             -2.318916683465e-008
   4.77633836524e-009             -2.303779016576e-008
   4.78861687004e-009             -2.303456155313e-008
   4.80089537483e-009             -2.312774287088e-008
   4.81317387963e-009             -2.325239048520e-008
   4.82545238442e-009             -2.307179705066e-008
   4.83773088922e-009             -2.296517173471e-008
   4.85000939401e-009             -2.272823535797e-008
   4.86228789881e-009             -2.273141109336e-008
   4.87456640360e-009             -2.273143760951e-008
   4.88684490840e-009             -2.268904154197e-008
   4.89912341319e-009             -2.274334661725e-008
   4.91140191799e-009             -2.269563119292e-008
   4.92368042278e-009             -2.275536137946e-008
   4.93595892758e-009             -2.273180806029e-008
   4.94823743237e-009             -2.280609375242e-008
   4.96051593717e-009             -2.287434570237e-008
   4.97279444196e-009             -2.301905332692e-008
   4.98507294676e-009             -2.334739785080e-008
   4.99735145155e-009             -2.343433360728e-008
   5.00962995635e-009             -2.344129386407e-008
   5.02190846114e-009             -2.329060521949e-008
   5.03418696594e-009             -2.339815673991e-008
   5.04646547073e-009             -2.335494022236e-008
   5.05874397553e-009             -2.345727829552e-008
   5.07102248032e-009             -2.337298903689e-008
   5.08330098512e-009             -2.332829056118e-008
   5.09557948991e-009             -2.342030749430e-008
   5.10785799471e-009             -2.325598970367e-008
   5.12013649950e-009             -2.315478949898e-008
   5.13241500430e-009             -2.335030904495e-008
   5.14469350909e-009             -2.346148614492e-008
   5.15697201389e-009             -2.321875420614e-008
   5.16925051868e-009             -2.330907736203e-008
   5.18152902348e-009             -2.323791437299e-008
   5.19380752827e-009             -2.324622431733e-008
   5.20608603307e-009             -2.334422211540e-008
   5.21836453786e-009             -2.328052225961e-008
   5.23064304266e-009             -2.333337173782e-008
   5.24292154745e-009             -2.325776271922e-008
   5.25520005225e-009             -2.315981779838e-008
   5.26747855704e-009             -2.317691389229e-008
   5.27975706184e-009             -2.310956178573e-008
   5.29203556663e-009             -2.321801314953e-008
   5.30431407143e-009             -2.328766766425e-008
   5.31659257622e-009             -2.322537021818e-008
   5.32887108102e-009             -2.319700041868e-008
   5.34114958581e-009             -2.321356711997e-008
   5.35342809061e-009             -2.307743398099e-008
   5.36570659540e-009             -2.305234567135e-008
   5.37798510020e-009             -2.316828637442e-008
   5.39026360499e-009             -2.335570779513e-008
   5.40254210978e-009             -2.316058521608e-008
   5.41482061458e-009             -2.318951092434e-008
   5.42709911937e-009             -2.307817488254e-008
   5.43937762417e-009             -2.315862689761e-008
   5.45165612896e-009             -2.325937710307e-008
   5.46393463376e-009             -2.330883918188e-008
   5.47621313855e-009             -2.322820201895e-008
   5.48849164335e-009             -2.332860813472e-008
   5.50077014814e-009             -2.327721409853e-008
   5.51304865294e-009             -2.325225821458e-008
   5.52532715773e-009             -2.305623594722e-008
   5.53760566253e-009             -2.321515498767e-008
   5.54988416732e-009             -2.335165873250e-008
   5.56216267212e-009             -2.315304284452e-008
   5.57444117691e-009             -2.323439470297e-008
   5.58671968171e-009             -2.345333514243e-008
   5.59899818650e-009             -2.333384809813e-008
   5.61127669130e-009             -2.315613918653e-008
   5.62355519609e-009             -2.332395044116e-008
   5.63583370089e-009             -2.344470777962e-008
   5.64811220568e-009             -2.322362356371e-008
   5.66039071048e-009             -2.320472793810e-008
   5.67266921527e-009             -2.334980616849e-008
   5.68494772007e-009             -2.324087844439e-008
   5.69722622486e-009             -2.325400486905e-008
   5.70950472966e-009             -2.322240630185e-008
   5.72178323445e-009             -2.332686148025e-008
   5.73406173925e-009             -2.339656887221e-008
   5.74634024404e-009             -2.316206732931e-008
   5.75861874884e-009             -2.306809192265e-008
   5.77089725363e-009             -2.329743305060e-008
   5.78317575843e-009             -2.326694599079e-008
   5.79545426322e-009             -2.329949727861e-008
   5.80773276802e-009             -2.320676580502e-008
   5.82001127281e-009             -2.326713113864e-008
   5.83228977761e-009             -2.328510055979e-008
   5.84456828240e-009             -2.320168462839e-008
   5.85684678720e-009             -2.321504907814e-008
   5.86912529199e-009             -2.339103785142e-008
   5.88140379679e-009             -2.349827179829e-008
   5.89368230158e-009             -2.329309277551e-008
   5.90596080638e-009             -2.343242816604e-008
   5.91823931117e-009             -2.346206841477e-008
   5.93051781597e-009             -2.342676487463e-008
   5.94279632076e-009             -2.324966459396e-008
   5.95507482556e-009             -2.343271937850e-008
   5.96735333035e-009             -2.358160833631e-008
   5.97963183515e-009             -2.348175797423e-008
   5.99191033994e-009             -2.349393167827e-008
   6.00418884474e-009             -2.344378142009e-008
   6.01646734953e-009             -2.313523236521e-008
   6.02874585433e-009             -2.312964831212e-008
   6.04102435912e-009             -2.337476220751e-008
   6.05330286392e-009             -2.357851199429e-008
   6.06558136871e-009             -2.336168866008e-008
   6.07785987351e-009             -2.342078385461e-008
   6.09013837830e-009             -2.349189381135e-008
   6.10241688310e-009             -2.327184186450e-008
   6.11469538789e-009             -2.323974042085e-008
   6.12697389269e-009             -2.342184248476e-008
   6.13925239748e-009             -2.317323528044e-008
   6.15153090228e-009             -2.305157809859e-008
   6.16380940707e-009             -2.298787824280e-008
   6.17608791187e-009             -2.314465366186e-008
   6.18836641666e-009             -2.293846904123e-008
   6.20064492146e-009             -2.302199088217e-008
   6.21292342625e-009             -2.321682224876e-008
   6.22520193105e-009             -2.335705748267e-008
   6.23748043584e-009             -2.304379754687e-008
   6.24975894064e-009             -2.308201228116e-008
   6.26203744543e-009             -2.304107181070e-008
   6.27431595023e-009             -2.344200840453e-008
   6.28659445502e-009             -2.358896556002e-008
   6.29887295982e-009             -2.345857510583e-008
   6.31115146461e-009             -2.355776395975e-008
   6.32342996941e-009             -2.364446153608e-008
   6.33570847420e-009             -2.370125416738e-008
   6.34798697900e-009             -2.346246538169e-008
   6.36026548379e-009             -2.368153824683e-008
   6.37254398859e-009             -2.369686117012e-008
   6.38482249338e-009             -2.357491293089e-008
   6.39710099818e-009             -2.358544573493e-008
   6.40937950297e-009             -2.361005768426e-008
   6.42165800777e-009             -2.365279784149e-008
   6.43393651256e-009             -2.364231791468e-008
   6.44621501736e-009             -2.355109491541e-008
   6.45849352215e-009             -2.379663213881e-008
   6.47077202695e-009             -2.379348291957e-008
   6.48305053174e-009             -2.344142613469e-008
   6.49532903654e-009             -2.355067143234e-008
   6.50760754133e-009             -2.346175084123e-008
   6.51988604613e-009             -2.352105769976e-008
   6.53216455092e-009             -2.358332862969e-008
   6.54444305572e-009             -2.360725239963e-008
   6.55672156051e-009             -2.364213261176e-008
   6.56900006531e-009             -2.356512102839e-008
   6.58127857010e-009             -2.360788754671e-008
   6.59355707490e-009             -2.354566964909e-008
   6.60583557969e-009             -2.367068771418e-008
   6.61811408449e-009             -2.370461520569e-008
   6.63039258928e-009             -2.350634340740e-008
   6.64267109408e-009             -2.365443858643e-008
   6.65494959887e-009             -2.357787684721e-008
   6.66722810367e-009             -2.355207399712e-008
   6.67950660846e-009             -2.360169486269e-008
   6.69178511326e-009             -2.353688349951e-008
   6.70406361805e-009             -2.370427111600e-008
   6.71634212285e-009             -2.383016266340e-008
   6.72862062764e-009             -2.360733179302e-008
   6.74089913244e-009             -2.353164353611e-008
   6.75317763723e-009             -2.346357688908e-008
   6.76545614203e-009             -2.364589061700e-008
   6.77773464682e-009             -2.363744840205e-008
   6.79001315162e-009             -2.359936609344e-008
   6.80229165641e-009             -2.379231837988e-008
   6.81457016121e-009             -2.373674301044e-008
   6.82684866600e-009             -2.375976709206e-008
   6.83912717080e-009             -2.354852781094e-008
   6.85140567559e-009             -2.368447580207e-008
   6.86368418039e-009             -2.389788522074e-008
   6.87596268518e-009             -2.379414442773e-008
   6.88824118998e-009             -2.365142163780e-008
   6.90051969477e-009             -2.367325481865e-008
   6.91279819957e-009             -2.364737257517e-008
   6.92507670436e-009             -2.356662950271e-008
   6.93735520916e-009             -2.362244305230e-008
   6.94963371395e-009             -2.373174122719e-008
   6.96191221875e-009             -2.393821706027e-008
   6.97419072354e-009             -2.357115492565e-008
   6.98646922834e-009             -2.349247608119e-008
   6.99874773313e-009             -2.364557304346e-008
   7.01102623793e-009             -2.358107909876e-008
   7.02330474272e-009             -2.356406239824e-008
   7.03558324752e-009             -2.350541720293e-008
   7.04786175231e-009             -2.352494797562e-008
   7.06014025711e-009             -2.347757664098e-008
   7.07241876190e-009             -2.350724325079e-008
   7.08469726670e-009             -2.359282931973e-008
   7.09697577149e-009             -2.366870287956e-008
   7.10925427629e-009             -2.381640109166e-008
   7.12153278108e-009             -2.378242072291e-008
   7.13381128588e-009             -2.376116981191e-008
   7.14608979067e-009             -2.373883375459e-008
   7.15836829547e-009             -2.384379180946e-008
   7.17064680026e-009             -2.393186558948e-008
   7.18292530505e-009             -2.386319031153e-008
   7.19520380985e-009             -2.409642156027e-008
   7.20748231464e-009             -2.398093070136e-008
   7.21976081944e-009             -2.380803827009e-008
   7.23203932423e-009             -2.388383259160e-008
   7.24431782903e-009             -2.383617004450e-008
   7.25659633382e-009             -2.380893811348e-008
   7.26887483862e-009             -2.386311091814e-008
   7.28115334341e-009             -2.388364728868e-008
   7.29343184821e-009             -2.390365442168e-008
   7.30571035300e-009             -2.385556854657e-008
   7.31798885780e-009             -2.400490750361e-008
   7.33026736259e-009             -2.398294189707e-008
   7.34254586739e-009             -2.395997084774e-008
   7.35482437218e-009             -2.410229667075e-008
   7.36710287698e-009             -2.413124874010e-008
   7.37938138177e-009             -2.401956876367e-008
   7.39165988657e-009             -2.404314859899e-008
   7.40393839136e-009             -2.413389523795e-008
   7.41621689616e-009             -2.390376033122e-008
   7.42849540095e-009             -2.383556141357e-008
   7.44077390575e-009             -2.384543255439e-008
   7.45305241054e-009             -2.379708198297e-008
   7.46533091534e-009             -2.368294081161e-008
   7.47760942013e-009             -2.369918993937e-008
   7.48988792493e-009             -2.367674812759e-008
   7.50216642972e-009             -2.378043588829e-008
   7.51444493452e-009             -2.379009536510e-008
   7.52672343931e-009             -2.380025771837e-008
   7.53900194411e-009             -2.392477306207e-008
   7.55128044890e-009             -2.374505295477e-008
   7.56355895370e-009             -2.379935803005e-008
   7.57583745849e-009             -2.371305742065e-008
   7.58811596329e-009             -2.393967250229e-008
   7.60039446808e-009             -2.396031478237e-008
   7.61267297288e-009             -2.406461132906e-008
   7.62495147767e-009             -2.396817472747e-008
   7.63722998247e-009             -2.388309153499e-008
   7.64950848726e-009             -2.401239684287e-008
   7.66178699206e-009             -2.398894943324e-008
   7.67406549685e-009             -2.390794166447e-008
   7.68634400165e-009             -2.400773914931e-008
   7.69862250644e-009             -2.407681139419e-008
   7.71090101124e-009             -2.397047713564e-008
   7.72317951603e-009             -2.377172913210e-008
   7.73545802083e-009             -2.382203802199e-008
   7.74773652562e-009             -2.402044209090e-008
   7.76001503042e-009             -2.395602753958e-008
   7.77229353521e-009             -2.390293988122e-008
   7.78457204001e-009             -2.396502550823e-008
   7.79685054480e-009             -2.384762920808e-008
   7.80912904960e-009             -2.390770348432e-008
   7.82140755439e-009             -2.399246910326e-008
   7.83368605919e-009             -2.403004869047e-008
   7.84596456398e-009             -2.405442245964e-008
   7.85824306878e-009             -2.390622152615e-008
   7.87052157357e-009             -2.389301570811e-008
   7.88280007837e-009             -2.386737164478e-008
   7.89507858316e-009             -2.392593744670e-008
   7.90735708796e-009             -2.387009753601e-008
   7.91963559275e-009             -2.402975763308e-008
   7.93191409755e-009             -2.409732140365e-008
   7.94419260234e-009             -2.412968738855e-008
   7.95647110714e-009             -2.384979919056e-008
   7.96874961193e-009             -2.386057032982e-008
   7.98102811673e-009             -2.388007458636e-008
   7.99330662152e-009             -2.391791871482e-008
   8.00558512632e-009             -2.387644900681e-008
   8.01786363111e-009             -2.398521794415e-008
   8.03014213591e-009             -2.408490951945e-008
   8.04242064070e-009             -2.389817627812e-008
   8.05469914550e-009             -2.393599404550e-008
   8.06697765029e-009             -2.387499340973e-008
   8.07925615509e-009             -2.398376234707e-008
   8.09153465988e-009             -2.400107010498e-008
   8.10381316468e-009             -2.394575943184e-008
   8.11609166947e-009             -2.398347128968e-008
   8.12837017427e-009             -2.388613499977e-008
   8.14064867906e-009             -2.406521995999e-008
   8.15292718386e-009             -2.398482097722e-008
   8.16520568865e-009             -2.396566065531e-008
   8.17748419345e-009             -2.412796725023e-008
   8.18976269824e-009             -2.413889702120e-008
   8.20204120304e-009             -2.409486020872e-008
   8.21431970783e-009             -2.391087921971e-008
   8.22659821263e-009             -2.398617066476e-008
   8.23887671742e-009             -2.395682147343e-008
   8.25115522222e-009             -2.387414659864e-008
   8.26343372701e-009             -2.400400766022e-008
   8.27571223181e-009             -2.393400921087e-008
   8.28799073660e-009             -2.385784443859e-008
   8.30026924140e-009             -2.387284978834e-008
   8.31254774619e-009             -2.390889438509e-008
   8.32482625099e-009             -2.394798244662e-008
   8.33710475578e-009             -2.391744235451e-008
   8.34938326058e-009             -2.393871978167e-008
   8.36166176537e-009             -2.376532462901e-008
   8.37394027017e-009             -2.396383460745e-008
   8.38621877496e-009             -2.401244987517e-008
   8.39849727976e-009             -2.376183132007e-008
   8.41077578455e-009             -2.388883437485e-008
   8.42305428935e-009             -2.392937787840e-008
   8.43533279414e-009             -2.393956674782e-008
   8.44761129894e-009             -2.380594768100e-008
   8.45988980373e-009             -2.371062258680e-008
   8.47216830853e-009             -2.371033152941e-008
   8.48444681332e-009             -2.385697111135e-008
   8.49672531812e-009             -2.350594644048e-008
   8.50900382291e-009             -2.349768952845e-008
   8.52128232771e-009             -2.365861991968e-008
   8.53356083250e-009             -2.364120640729e-008
   8.54583933730e-009             -2.365631751151e-008
   8.55811784209e-009             -2.365107754811e-008
   8.57039634689e-009             -2.396272310006e-008
   8.58267485168e-009             -2.380904402301e-008
   8.59495335648e-009             -2.387623718774e-008
   8.60723186127e-009             -2.392760470778e-008
   8.61951036607e-009             -2.383431748050e-008
   8.63178887086e-009             -2.386798027571e-008
   8.64406737566e-009             -2.386573089984e-008
   8.65634588045e-009             -2.403306563910e-008
   8.66862438525e-009             -2.409689792058e-008
   8.68090289004e-009             -2.391368450433e-008
   8.69318139484e-009             -2.381383398719e-008
   8.70545989963e-009             -2.381073764518e-008
   8.71773840443e-009             -2.370006326660e-008
   8.73001690922e-009             -2.394941152755e-008
   8.74229541402e-009             -2.382314952938e-008
   8.75457391881e-009             -2.373687543612e-008
   8.76685242361e-009             -2.382089999845e-008
   8.77913092840e-009             -2.366682395447e-008
   8.79140943320e-009             -2.364094171099e-008
   8.80368793799e-009             -2.369852843121e-008
   8.81596644279e-009             -2.379589108220e-008
   8.82824494758e-009             -2.377506365427e-008
   8.84052345238e-009             -2.379848470282e-008
   8.85280195717e-009             -2.381325187241e-008
   8.86508046197e-009             -2.373901905751e-008
   8.87735896676e-009             -2.379811409698e-008
   8.88963747156e-009             -2.385514506350e-008
   8.90191597635e-009             -2.386702755509e-008
   8.91419448115e-009             -2.399498333049e-008
   8.92647298594e-009             -2.397547891889e-008
   8.93875149074e-009             -2.391328753741e-008
   8.95102999553e-009             -2.365634402766e-008
   8.96330850033e-009             -2.357411899704e-008
   8.97558700512e-009             -2.362643923770e-008
   8.98786550991e-009             -2.360021290453e-008
   9.00014401471e-009             -2.359145311604e-008
   9.01242251950e-009             -2.375140442556e-008
   9.02470102430e-009             -2.378170618245e-008
   9.03697952909e-009             -2.362763013847e-008
   9.04925803389e-009             -2.364247670145e-008
   9.06153653868e-009             -2.381216672611e-008
   9.07381504348e-009             -2.377866271767e-008
   9.08609354827e-009             -2.372718944316e-008
   9.09837205307e-009             -2.372112902976e-008
   9.11065055786e-009             -2.374740824016e-008
   9.12292906266e-009             -2.353690986060e-008
   9.13520756745e-009             -2.359891609422e-008
   9.14748607225e-009             -2.388528803362e-008
   9.15976457704e-009             -2.390278109445e-008
   9.17204308184e-009             -2.383643474081e-008
   9.18432158663e-009             -2.377344927042e-008
   9.19660009143e-009             -2.373134426026e-008
   9.20887859622e-009             -2.380301012576e-008
   9.22115710102e-009             -2.382365240584e-008
   9.23343560581e-009             -2.376323403991e-008
   9.24571411061e-009             -2.365316829227e-008
   9.25799261540e-009             -2.378956612756e-008
   9.27027112020e-009             -2.361463598443e-008
   9.28254962499e-009             -2.354667524694e-008
   9.29482812979e-009             -2.362821225325e-008
   9.30710663458e-009             -2.369471754873e-008
   9.31938513938e-009             -2.364964846718e-008
   9.33166364417e-009             -2.354387011738e-008
   9.34394214897e-009             -2.360420908992e-008
   9.35622065376e-009             -2.360254182884e-008
   9.36849915856e-009             -2.362884740033e-008
   9.38077766335e-009             -2.355710229652e-008
   9.39305616815e-009             -2.367650994743e-008
   9.40533467294e-009             -2.366134581091e-008
   9.41761317774e-009             -2.371075501248e-008
   9.42989168253e-009             -2.357607731551e-008
   9.44217018733e-009             -2.351801423499e-008
   9.45444869212e-009             -2.365515312689e-008
   9.46672719692e-009             -2.372396067546e-008
   9.47900570171e-009             -2.369111833026e-008
   9.49128420651e-009             -2.360629967902e-008
   9.50356271130e-009             -2.384987858394e-008
   9.51584121610e-009             -2.363789824621e-008
   9.52811972089e-009             -2.367955341221e-008
   9.54039822569e-009             -2.361617097489e-008
   9.55267673048e-009             -2.380798539286e-008
   9.56495523528e-009             -2.377728666904e-008
   9.57723374007e-009             -2.365062770395e-008
   9.58951224487e-009             -2.367468389958e-008
   9.60179074966e-009             -2.364012126099e-008
   9.61406925446e-009             -2.370683822047e-008
   9.62634775925e-009             -2.348263130146e-008
   9.63862626405e-009             -2.369185938687e-008
   9.65090476884e-009             -2.382637814201e-008
   9.66318327364e-009             -2.371094016034e-008
   9.67546177843e-009             -2.361752066244e-008
   9.68774028323e-009             -2.359963063468e-008
   9.70001878802e-009             -2.362691559801e-008
   9.71229729282e-009             -2.379581168882e-008
   9.72457579761e-009             -2.368558730946e-008
   9.73685430241e-009             -2.361736187567e-008
   9.74913280720e-009             -2.373941602444e-008
   9.76141131200e-009             -2.370419172262e-008
   9.77368981679e-009             -2.364131216176e-008
   9.78596832159e-009             -2.345791344260e-008
   9.79824682638e-009             -2.356011924514e-008
   9.81052533118e-009             -2.366333064554e-008
   9.82280383597e-009             -2.364684333762e-008
   9.83508234077e-009             -2.342573276063e-008
   9.84736084556e-009             -2.361730899843e-008
   9.85963935036e-009             -2.373973359798e-008
   9.87191785515e-009             -2.365531191366e-008
   9.88419635995e-009             -2.377638682566e-008
   9.89647486474e-009             -2.389780582735e-008
   9.90875336954e-009             -2.395560421157e-008
   9.92103187433e-009             -2.385593899735e-008
   9.93331037913e-009             -2.363625750128e-008
   9.94558888392e-009             -2.373047093303e-008
   9.95786738872e-009             -2.380549768178e-008
   9.97014589351e-009             -2.391662205958e-008
   9.98242439831e-009             -2.366846469941e-008
   9.99470290310e-009             -2.376982369086e-008
   1.00069814079e-008             -2.376127556638e-008
   1.00192599127e-008             -2.387803687451e-008
   1.00315384175e-008             -2.384765556917e-008
   1.00438169223e-008             -2.393083347548e-008
   1.00560954271e-008             -2.396277597730e-008
   1.00683739319e-008             -2.376606568562e-008
   1.00806524367e-008             -2.372126130038e-008
   1.00929309415e-008             -2.374690536371e-008
   1.01052094463e-008             -2.389822915536e-008
   1.01174879511e-008             -2.361304811673e-008
   1.01297664558e-008             -2.399373939742e-008
   1.01420449606e-008             -2.416120656236e-008
   1.01543234654e-008             -2.406889857185e-008
   1.01666019702e-008             -2.395883282420e-008
   1.01788804750e-008             -2.384477104622e-008
   1.01911589798e-008             -2.385808261874e-008
   1.02034374846e-008             -2.392405852161e-008
   1.02157159894e-008             -2.396703685900e-008
   1.02279944942e-008             -2.380602707438e-008
   1.02402729990e-008             -2.388589681961e-008
   1.02525515038e-008             -2.375124563879e-008
   1.02648300086e-008             -2.379642047481e-008
   1.02771085134e-008             -2.370371536231e-008
   1.02893870182e-008             -2.374889019833e-008
   1.03016655230e-008             -2.387086495371e-008
   1.03139440278e-008             -2.382886585309e-008
   1.03262225326e-008             -2.385437764580e-008
   1.03385010374e-008             -2.373346152057e-008
   1.03507795422e-008             -2.390812696739e-008
   1.03630580470e-008             -2.363681325497e-008
   1.03753365517e-008             -2.390135201352e-008
   1.03876150565e-008             -2.396933926716e-008
   1.03998935613e-008             -2.398717626262e-008
   1.04121720661e-008             -2.385477461272e-008
   1.04244505709e-008             -2.379753198220e-008
   1.04367290757e-008             -2.382381119261e-008
   1.04490075805e-008             -2.403600319434e-008
   1.04612860853e-008             -2.400654824854e-008
   1.04735645901e-008             -2.387226751849e-008
   1.04858430949e-008             -2.411182387694e-008
   1.04981215997e-008             -2.393647040581e-008
   1.05104001045e-008             -2.395526012188e-008
   1.05226786093e-008             -2.386342849168e-008
   1.05349571141e-008             -2.397600831149e-008
   1.05472356189e-008             -2.412082184559e-008
   1.05595141237e-008             -2.390521577323e-008
   1.05717926285e-008             -2.387419947588e-008
   1.05840711333e-008             -2.391347268526e-008
   1.05963496381e-008             -2.400773914931e-008
   1.06086281429e-008             -2.364607576486e-008
   1.06209066476e-008             -2.396436384500e-008
   1.06331851524e-008             -2.399405697096e-008
   1.06454636572e-008             -2.388563212331e-008
   1.06577421620e-008             -2.378930143125e-008
   1.06700206668e-008             -2.385967048644e-008
   1.06822991716e-008             -2.384109243437e-008
   1.06945776764e-008             -2.381962970429e-008
   1.07068561812e-008             -2.383500565988e-008
   1.07191346860e-008             -2.383773139605e-008
   1.07314131908e-008             -2.408125742375e-008
   1.07436916956e-008             -2.387888368559e-008
   1.07559702004e-008             -2.407067158740e-008
   1.07682487052e-008             -2.394464792445e-008
   1.07805272100e-008             -2.400660112577e-008
   1.07928057148e-008             -2.405423715672e-008
   1.08050842196e-008             -2.400218161237e-008
   1.08173627244e-008             -2.395851525066e-008
   1.08296412292e-008             -2.391191133372e-008
   1.08419197340e-008             -2.414728620385e-008
   1.08541982387e-008             -2.381266960257e-008
   1.08664767435e-008             -2.391328753741e-008
   1.08787552483e-008             -2.411259129464e-008
   1.08910337531e-008             -2.410938919816e-008
   1.09033122579e-008             -2.389865263843e-008
   1.09155907627e-008             -2.393371799842e-008
   1.09278692675e-008             -2.378742250616e-008
   1.09401477723e-008             -2.391397556172e-008
   1.09524262771e-008             -2.393874629782e-008
   1.09647047819e-008             -2.374312099738e-008
   1.09769832867e-008             -2.408962024531e-008
   1.09892617915e-008             -2.396359642730e-008
   1.10015402963e-008             -2.386512211385e-008
   1.10138188011e-008             -2.395915039774e-008
   1.10260973059e-008             -2.390810045124e-008
   1.10383758107e-008             -2.398130115213e-008
   1.10506543155e-008             -2.389677371335e-008
   1.10629328203e-008             -2.361677960582e-008
   1.10752113251e-008             -2.375079563957e-008
   1.10874898299e-008             -2.396476081192e-008
   1.10997683346e-008             -2.364200034114e-008
   1.11120468394e-008             -2.372896245871e-008
   1.11243253442e-008             -2.399958814682e-008
   1.11366038490e-008             -2.395094636295e-008
   1.11488823538e-008             -2.363482842035e-008
   1.11611608586e-008             -2.385080494348e-008
   1.11734393634e-008             -2.388380607545e-008
   1.11857178682e-008             -2.402719052862e-008
   1.11979963730e-008             -2.412418272884e-008
   1.12102748778e-008             -2.400199630945e-008
   1.12225533826e-008             -2.427119291662e-008
   1.12348318874e-008             -2.406402905922e-008
   1.12471103922e-008             -2.398212160213e-008
   1.12593888970e-008             -2.399209865248e-008
   1.12716674018e-008             -2.416446169114e-008
   1.12839459066e-008             -2.396796306347e-008
   1.12962244114e-008             -2.397997798074e-008
   1.13085029162e-008             -2.385869124967e-008
   1.13207814210e-008             -2.394515064585e-008
   1.13330599258e-008             -2.409393384918e-008
   1.13453384305e-008             -2.389820279427e-008
   1.13576169353e-008             -2.404235466514e-008
   1.13698954401e-008             -2.400641597792e-008
   1.13821739449e-008             -2.405511048396e-008
   1.13944524497e-008             -2.390563925631e-008
   1.14067309545e-008             -2.397259439594e-008
   1.14190094593e-008             -2.391998294283e-008
   1.14312879641e-008             -2.396163810882e-008
   1.14435664689e-008             -2.393959310890e-008
   1.14558449737e-008             -2.391069391679e-008
   1.14681234785e-008             -2.410086758982e-008
   1.14804019833e-008             -2.390767696817e-008
   1.14926804881e-008             -2.405923893997e-008
   1.15049589929e-008             -2.410330226860e-008
   1.15172374977e-008             -2.401128533548e-008
   1.15295160025e-008             -2.412921102824e-008
   1.15417945073e-008             -2.415255268340e-008
   1.15540730121e-008             -2.392358216130e-008
   1.15663515169e-008             -2.401464637380e-008
   1.15786300217e-008             -2.409689792058e-008
   1.15909085264e-008             -2.389672068105e-008
   1.16031870312e-008             -2.393837584704e-008
   1.16154655360e-008             -2.415099133186e-008
   1.16277440408e-008             -2.401168230241e-008
   1.16400225456e-008             -2.384103955713e-008
   1.16523010504e-008             -2.375995239498e-008
   1.16645795552e-008             -2.387525810603e-008
   1.16768580600e-008             -2.420971592054e-008
   1.16891365648e-008             -2.395539239250e-008
   1.17014150696e-008             -2.395017894525e-008
   1.17136935744e-008             -2.421911085611e-008
   1.17259720792e-008             -2.407352974926e-008
   1.17382505840e-008             -2.398815549939e-008
   1.17505290888e-008             -2.413019026501e-008
   1.17628075936e-008             -2.420288808944e-008
   1.17750860984e-008             -2.416305912636e-008
   1.17873646032e-008             -2.423377211617e-008
   1.17996431080e-008             -2.410031183613e-008
   1.18119216128e-008             -2.407313278233e-008
   1.18242001176e-008             -2.421868737304e-008
   1.18364786223e-008             -2.400710400223e-008
   1.18487571271e-008             -2.417541797826e-008
   1.18610356319e-008             -2.417772038642e-008
   1.18733141367e-008             -2.415194405247e-008
   1.18855926415e-008             -2.397852238366e-008
   1.18978711463e-008             -2.400054086743e-008
   1.19101496511e-008             -2.393676146320e-008
   1.19224281559e-008             -2.410671618416e-008
   1.19347066607e-008             -2.395758904619e-008
   1.19469851655e-008             -2.390923847478e-008
   1.19592636703e-008             -2.426918156585e-008
   1.19715421751e-008             -2.389717068027e-008
   1.19838206799e-008             -2.394152506629e-008
   1.19960991847e-008             -2.402475584983e-008
   1.20083776895e-008             -2.408760889454e-008
   1.20206561943e-008             -2.416636713238e-008
   1.20329346991e-008             -2.419568980756e-008
   1.20452132039e-008             -2.398468855154e-008
   1.20574917087e-008             -2.412140396037e-008
   1.20697702135e-008             -2.414964164431e-008
   1.20820487182e-008             -2.391805114050e-008
   1.20943272230e-008             -2.402639659477e-008
   1.21066057278e-008             -2.414421637799e-008
   1.21188842326e-008             -2.409388097195e-008
   1.21311627374e-008             -2.392257656344e-008
   1.21434412422e-008             -2.390603622323e-008
   1.21557197470e-008             -2.393840220813e-008
   1.21679982518e-008             -2.410033835228e-008
   1.21802767566e-008             -2.403129246848e-008
   1.21925552614e-008             -2.395999720883e-008
   1.22048337662e-008             -2.425438788010e-008
   1.22171122710e-008             -2.403007520662e-008
   1.22293907758e-008             -2.414281381321e-008
   1.22416692806e-008             -2.429474623579e-008
   1.22539477854e-008             -2.419965947681e-008
   1.22662262902e-008             -2.418587138892e-008
