# Atom Manipulation               
# 
# Sample                          Ag(111)
# Data set                        -
# Creation Comment                
# Gap voltage                     -1.000e-003 V
# Gap voltage range in Volt       -10;10
# Feedback loop enabled           No
# Regulator setpoint              1.000e-009 A
# Pre-amplifier range             0;3.33e-007
# Loop gain                       7.000e+000 %
# Z-axis offset                   -4.000e-010 m
# Parameter mode                  V before Z
# Raster time                     1.000e-003 seconds
# Channel name and data unit      I(r) [A]
# Manipulation vector: start      -1.000e+001, 3.060e+000 [nm]
#                      end        -1.180e+000, 2.980e+000 [nm]
# 
# 
#             Position                             I(r)
# --------------------             --------------------
   0.000000000000e+000             -2.199646652918e-008
   8.820362804330e-012             -2.195618756687e-008
   1.764072560866e-011             -2.076721875048e-008
   2.646108841299e-011             -2.023660624293e-008
   3.528145121732e-011             -2.048820387973e-008
   4.410181402165e-011             -1.990000480702e-008
   5.292217682598e-011             -2.018013118516e-008
   6.174253963031e-011             -2.072365829831e-008
   7.056290243464e-011             -2.045276806897e-008
   7.938326523897e-011             -2.047661244553e-008
   8.820362804330e-011             -2.038327234102e-008
   9.702399084762e-011             -2.018767355673e-008
   1.058443536520e-010             -2.061766812945e-008
   1.146647164563e-010             -2.048224937586e-008
   1.234850792606e-010             -2.008419746003e-008
   1.323054420649e-010             -2.048762176495e-008
   1.411258048693e-010             -2.068105041170e-008
   1.499461676736e-010             -2.068057405139e-008
   1.587665304779e-010             -2.156192001737e-008
   1.675868932823e-010             -2.103268371350e-008
   1.764072560866e-010             -2.115193257765e-008
   1.852276188909e-010             -2.138743987347e-008
   1.940479816952e-010             -2.110890136302e-008
   2.028683444996e-010             -2.126628556808e-008
   2.116887073039e-010             -2.110101505683e-008
   2.205090701082e-010             -2.114690443331e-008
   2.293294329126e-010             -2.106841073671e-008
   2.381497957169e-010             -2.125781699205e-008
   2.469701585212e-010             -2.135224208780e-008
   2.557905213256e-010             -2.142570748500e-008
   2.646108841299e-010             -2.098737660686e-008
   2.734312469342e-010             -2.139741692382e-008
   2.822516097385e-010             -2.126504179007e-008
   2.910719725429e-010             -2.136359534184e-008
   2.998923353472e-010             -2.177980198173e-008
   3.087126981515e-010             -2.150113120067e-008
   3.175330609559e-010             -2.138841911024e-008
   3.263534237602e-010             -2.095294639396e-008
   3.351737865645e-010             -2.127250476826e-008
   3.439941493689e-010             -2.134329715145e-008
   3.528145121732e-010             -2.119411698119e-008
   3.616348749775e-010             -2.116746732001e-008
   3.704552377818e-010             -2.126599451069e-008
   3.792756005862e-010             -2.132453379646e-008
   3.880959633905e-010             -2.149041309371e-008
   3.969163261948e-010             -2.075753275752e-008
   4.057366889992e-010             -2.136740622432e-008
   4.145570518035e-010             -2.185014452077e-008
   4.233774146078e-010             -2.167494983641e-008
   4.321977774121e-010             -2.155697126642e-008
   4.410181402165e-010             -2.127499232427e-008
   4.498385030208e-010             -2.162667865838e-008
   4.586588658251e-010             -2.144910201740e-008
   4.674792286295e-010             -2.143348803672e-008
   4.762995914338e-010             -2.164647397231e-008
   4.851199542381e-010             -2.185149420831e-008
   4.939403170425e-010             -2.166791018623e-008
   5.027606798468e-010             -2.128862162539e-008
   5.115810426511e-010             -2.176283831351e-008
   5.204014054554e-010             -2.142234644668e-008
   5.292217682598e-010             -2.132003488967e-008
   5.380421310641e-010             -2.148811068554e-008
   5.468624938684e-010             -2.150507435377e-008
   5.556828566728e-010             -2.146378979361e-008
   5.645032194771e-010             -2.101458202174e-008
   5.733235822814e-010             -2.136388655430e-008
   5.821439450858e-010             -2.145473894773e-008
   5.909643078901e-010             -2.148946037309e-008
   5.997846706944e-010             -2.156840391385e-008
   6.086050334987e-010             -2.194306129728e-008
   6.174253963031e-010             -2.186255640497e-008
   6.262457591074e-010             -2.203068507808e-008
   6.350661219117e-010             -2.205029524415e-008
   6.438864847161e-010             -2.222612507559e-008
   6.527068475204e-010             -2.200416768751e-008
   6.615272103247e-010             -2.208311122827e-008
   6.703475731290e-010             -2.207578052071e-008
   6.791679359334e-010             -2.162186202298e-008
   6.879882987377e-010             -2.167452635333e-008
   6.968086615420e-010             -2.182910527377e-008
   7.056290243464e-010             -2.194584006575e-008
   7.144493871507e-010             -2.162217959652e-008
   7.232697499550e-010             -2.190720184838e-008
   7.320901127594e-010             -2.154770860147e-008
   7.409104755637e-010             -2.166502566329e-008
   7.497308383680e-010             -2.125908728620e-008
   7.585512011723e-010             -2.142329916730e-008
   7.673715639767e-010             -2.176699313061e-008
   7.761919267810e-010             -2.172840794554e-008
   7.850122895853e-010             -2.152314968444e-008
   7.938326523897e-010             -2.144428553707e-008
   8.026530151940e-010             -2.195438803517e-008
   8.114733779983e-010             -2.183492750702e-008
   8.202937408026e-010             -2.189711888849e-008
   8.291141036070e-010             -2.183543022841e-008
   8.379344664113e-010             -2.217687481586e-008
   8.467548292156e-010             -2.211298950209e-008
   8.555751920200e-010             -2.182648529207e-008
   8.643955548243e-010             -2.142980942486e-008
   8.732159176286e-010             -2.159746189273e-008
   8.820362804330e-010             -2.168799671262e-008
   8.908566432373e-010             -2.162681092900e-008
   8.996770060416e-010             -2.147554001458e-008
   9.084973688459e-010             -2.168537673092e-008
   9.173177316503e-010             -2.122632417932e-008
   9.261380944546e-010             -2.100561056924e-008
   9.349584572589e-010             -2.066009055808e-008
   9.437788200633e-010             -2.155091085301e-008
   9.525991828676e-010             -2.090928003225e-008
   9.614195456719e-010             -2.059231512351e-008
   9.702399084763e-010             -2.072934810588e-008
   9.790602712806e-010             -2.045443533006e-008
   9.878806340849e-010             -1.996627176728e-008
   9.967009968892e-010             -2.031988990370e-008
   1.005521359694e-009             -2.029361069330e-008
   1.014341722498e-009             -2.045972817070e-008
   1.023162085302e-009             -2.024388407325e-008
   1.031982448107e-009             -1.977202267053e-008
   1.040802810911e-009             -1.988780474189e-008
   1.049623173715e-009             -1.989852284886e-008
   1.058443536520e-009             -2.003304160399e-008
   1.067263899324e-009             -1.991048473383e-008
   1.076084262128e-009             -2.003079222813e-008
   1.084904624933e-009             -2.000657724573e-008
   1.093724987737e-009             -2.009729736854e-008
   1.102545350541e-009             -2.083668796229e-008
   1.111365713346e-009             -2.116966381864e-008
   1.120186076150e-009             -2.171178836701e-008
   1.129006438954e-009             -2.192128099366e-008
   1.137826801759e-009             -2.157544340895e-008
   1.146647164563e-009             -2.171922482904e-008
   1.155467527367e-009             -2.191185969700e-008
   1.164287890172e-009             -2.167050380685e-008
   1.173108252976e-009             -2.170615143668e-008
   1.181928615780e-009             -2.184463986106e-008
   1.190748978584e-009             -2.188764471460e-008
   1.199569341389e-009             -2.195134457039e-008
   1.208389704193e-009             -2.133472266588e-008
   1.217210066997e-009             -2.146691265177e-008
   1.226030429802e-009             -2.124791918002e-008
   1.234850792606e-009             -2.100815115756e-008
   1.243671155410e-009             -2.076285211431e-008
   1.252491518215e-009             -2.085021135387e-008
   1.261311881019e-009             -2.045829908977e-008
   1.270132243823e-009             -2.042699157996e-008
   1.278952606628e-009             -1.974696087705e-008
   1.287772969432e-009             -2.013519452930e-008
   1.296593332236e-009             -2.061226937927e-008
   1.305413695041e-009             -2.021887515700e-008
   1.314234057845e-009             -2.015255516445e-008
   1.323054420649e-009             -2.025420521329e-008
   1.331874783454e-009             -2.010362232319e-008
   1.340695146258e-009             -1.986258400657e-008
   1.349515509062e-009             -1.965097427468e-008
   1.358335871867e-009             -2.000205182279e-008
   1.367156234671e-009             -2.030292623548e-008
   1.375976597475e-009             -1.997410535130e-008
   1.384796960280e-009             -2.069700848207e-008
   1.393617323084e-009             -2.209340585216e-008
   1.402437685888e-009             -2.166179689559e-008
   1.411258048693e-009             -2.133107057017e-008
   1.420078411497e-009             -2.172007164012e-008
   1.428898774301e-009             -2.157607855603e-008
   1.437719137106e-009             -2.135798492766e-008
   1.446539499910e-009             -2.055775248492e-008
   1.455359862714e-009             -2.030218517887e-008
   1.464180225519e-009             -2.066961776427e-008
   1.473000588323e-009             -2.070989672657e-008
   1.481820951127e-009             -2.053404037898e-008
   1.490641313932e-009             -2.073562018329e-008
   1.499461676736e-009             -2.040150630340e-008
   1.508282039540e-009             -2.018407433826e-008
   1.517102402345e-009             -2.036456201833e-008
   1.525922765149e-009             -2.038380157856e-008
   1.534743127953e-009             -2.016160601033e-008
   1.543563490758e-009             -2.067088805843e-008
   1.552383853562e-009             -2.046004574424e-008
   1.561204216366e-009             -2.002388500364e-008
   1.570024579171e-009             -1.965626711532e-008
   1.578844941975e-009             -2.168312735505e-008
   1.587665304779e-009             -2.183132828855e-008
   1.596485667584e-009             -2.200781978322e-008
   1.605306030388e-009             -2.207654793841e-008
   1.614126393192e-009             -2.190836638807e-008
   1.622946755997e-009             -2.160336336429e-008
   1.631767118801e-009             -2.150263967498e-008
   1.640587481605e-009             -2.155675944735e-008
   1.649407844410e-009             -2.233796399386e-008
   1.658228207214e-009             -2.179007024454e-008
   1.667048570018e-009             -2.187176603762e-008
   1.675868932823e-009             -2.179086417839e-008
   1.684689295627e-009             -2.155170478686e-008
   1.693509658431e-009             -2.118694506040e-008
   1.702330021236e-009             -2.111321512196e-008
   1.711150384040e-009             -2.138746638962e-008
   1.719970746844e-009             -2.119057079502e-008
   1.728791109649e-009             -2.086050597776e-008
   1.737611472453e-009             -2.105441113988e-008
   1.746431835257e-009             -2.196036905519e-008
   1.755252198062e-009             -2.200660236630e-008
   1.764072560866e-009             -2.168611778753e-008
   1.772892923670e-009             -2.177900804788e-008
   1.781713286475e-009             -2.188809455876e-008
   1.790533649279e-009             -2.191694087364e-008
   1.799354012083e-009             -2.189860100172e-008
   1.808174374888e-009             -2.135340662749e-008
   1.816994737692e-009             -2.164745320907e-008
   1.825815100496e-009             -2.211605948301e-008
   1.834635463301e-009             -2.206024593342e-008
   1.843455826105e-009             -2.180372590674e-008
   1.852276188909e-009             -2.223406441409e-008
   1.861096551714e-009             -2.210981376669e-008
   1.869916914518e-009             -2.204174727473e-008
   1.878737277322e-009             -2.192146629658e-008
   1.887557640127e-009             -2.240259020918e-008
   1.896378002931e-009             -2.209943974941e-008
   1.905198365735e-009             -2.193628634341e-008
   1.914018728540e-009             -2.155980291212e-008
   1.922839091344e-009             -2.180023259781e-008
   1.931659454148e-009             -2.135430631581e-008
   1.940479816953e-009             -2.152640481322e-008
   1.949300179757e-009             -2.151986803951e-008
   1.958120542561e-009             -2.163533253733e-008
   1.966940905365e-009             -2.167262091209e-008
   1.975761268170e-009             -2.127763882212e-008
   1.984581630974e-009             -2.082297942285e-008
   1.993401993778e-009             -2.112078400968e-008
   2.002222356583e-009             -2.150033726682e-008
   2.011042719387e-009             -2.106602893517e-008
   2.019863082191e-009             -2.109056149111e-008
   2.028683444996e-009             -2.089268681481e-008
   2.037503807800e-009             -2.073466746267e-008
   2.046324170604e-009             -2.047407185722e-008
   2.055144533409e-009             -2.044752810557e-008
   2.063964896213e-009             -2.064294158694e-008
   2.072785259017e-009             -2.066877095319e-008
   2.081605621822e-009             -2.071730682752e-008
   2.090425984626e-009             -2.026418226364e-008
   2.099246347430e-009             -2.022310936749e-008
   2.108066710235e-009             -2.039496968475e-008
   2.116887073039e-009             -1.974584936966e-008
   2.125707435843e-009             -2.140059265921e-008
   2.134527798648e-009             -2.209864581557e-008
   2.143348161452e-009             -2.247340910853e-008
   2.152168524256e-009             -2.213201755338e-008
   2.160988887061e-009             -2.178183969359e-008
   2.169809249865e-009             -2.225788242956e-008
   2.178629612669e-009             -2.241529315077e-008
   2.187449975474e-009             -2.247870194917e-008
   2.196270338278e-009             -2.244456279365e-008
   2.205090701082e-009             -2.229686458156e-008
   2.213911063887e-009             -2.196920808200e-008
   2.222731426691e-009             -2.232266743166e-008
   2.231551789495e-009             -2.230205166773e-008
   2.240372152300e-009             -2.234738529051e-008
   2.249192515104e-009             -2.254594814620e-008
   2.258012877908e-009             -2.255364930453e-008
   2.266833240713e-009             -2.203219355239e-008
   2.275653603517e-009             -2.218023569911e-008
   2.284473966321e-009             -2.174010528927e-008
   2.293294329126e-009             -2.175767774349e-008
   2.302114691930e-009             -2.165970630650e-008
   2.310935054734e-009             -2.200146831243e-008
   2.319755417539e-009             -2.151341065918e-008
   2.328575780343e-009             -2.170506629038e-008
   2.337396143147e-009             -2.131619749104e-008
   2.346216505952e-009             -2.156469878584e-008
   2.355036868756e-009             -2.201485927833e-008
   2.363857231560e-009             -2.237818992386e-008
   2.372677594365e-009             -2.237747538340e-008
   2.381497957169e-009             -2.233947246817e-008
   2.390318319973e-009             -2.208745134829e-008
   2.399138682778e-009             -2.211029012700e-008
   2.407959045582e-009             -2.240936500799e-008
   2.416779408386e-009             -2.223451441331e-008
   2.425599771191e-009             -2.256836359689e-008
   2.434420133995e-009             -2.214998681946e-008
   2.443240496799e-009             -2.202308982927e-008
   2.452060859604e-009             -2.217917722402e-008
   2.460881222408e-009             -2.179094357177e-008
   2.469701585212e-009             -2.171689590473e-008
   2.478521948017e-009             -2.181134767170e-008
   2.487342310821e-009             -2.216742700305e-008
   2.496162673625e-009             -2.210272139435e-008
   2.504983036430e-009             -2.165557785049e-008
   2.513803399234e-009             -2.119541379150e-008
   2.522623762038e-009             -2.190873683884e-008
   2.531444124843e-009             -2.276271860317e-008
   2.540264487647e-009             -2.229829366249e-008
   2.549084850451e-009             -2.235701840624e-008
   2.557905213256e-009             -2.234651196328e-008
   2.566725576060e-009             -2.239480965746e-008
   2.575545938864e-009             -2.222580750205e-008
   2.584366301669e-009             -2.218904836484e-008
   2.593186664473e-009             -2.236614864551e-008
   2.602007027277e-009             -2.270775186466e-008
   2.610827390082e-009             -2.200387663012e-008
   2.619647752886e-009             -2.170437826606e-008
   2.628468115690e-009             -2.165888585650e-008
   2.637288478495e-009             -2.207638915164e-008
   2.646108841299e-009             -2.220011056149e-008
   2.654929204103e-009             -2.195264138070e-008
   2.663749566908e-009             -2.190566701298e-008
   2.672569929712e-009             -2.166923351269e-008
   2.681390292516e-009             -2.120779915955e-008
   2.690210655321e-009             -2.098070756253e-008
   2.699031018125e-009             -2.119517561134e-008
   2.707851380929e-009             -2.130524120393e-008
   2.716671743734e-009             -2.114695731055e-008
   2.725492106538e-009             -2.101280900619e-008
   2.734312469342e-009             -2.171467288995e-008
   2.743132832146e-009             -2.254176681294e-008
   2.751953194951e-009             -2.237186496922e-008
   2.760773557755e-009             -2.227172339469e-008
   2.769593920559e-009             -2.276107770317e-008
   2.778414283364e-009             -2.296067267286e-008
   2.787234646168e-009             -2.263052861728e-008
   2.796055008972e-009             -2.220167191304e-008
   2.804875371777e-009             -2.227534897424e-008
   2.813695734581e-009             -2.224576175782e-008
   2.822516097385e-009             -2.244760625843e-008
   2.831336460190e-009             -2.275724045961e-008
   2.840156822994e-009             -2.229212749461e-008
   2.848977185798e-009             -2.228556435981e-008
   2.857797548603e-009             -2.201536215479e-008
   2.866617911407e-009             -2.178887934376e-008
   2.875438274211e-009             -2.198916233776e-008
   2.884258637016e-009             -2.256947510428e-008
   2.893078999820e-009             -2.224102467087e-008
   2.901899362624e-009             -2.190587867698e-008
   2.910719725429e-009             -2.162596411791e-008
   2.919540088233e-009             -2.173550047295e-008
   2.928360451037e-009             -2.126625905193e-008
   2.937180813842e-009             -2.133763370497e-008
   2.946001176646e-009             -2.141813859728e-008
   2.954821539450e-009             -2.139543208919e-008
   2.963641902255e-009             -2.127568050365e-008
   2.972462265059e-009             -2.075118128673e-008
   2.981282627863e-009             -2.065199243282e-008
   2.990102990668e-009             -2.081477538805e-008
   2.998923353472e-009             -2.049812805285e-008
   3.007743716276e-009             -2.058535502179e-008
   3.016564079081e-009             -2.085420738421e-008
   3.025384441885e-009             -2.045533501838e-008
   3.034204804689e-009             -2.053478143559e-008
   3.043025167494e-009             -2.034878909581e-008
   3.051845530298e-009             -2.067078230396e-008
   3.060665893102e-009             -2.075086371319e-008
   3.069486255907e-009             -2.039187334274e-008
   3.078306618711e-009             -2.052321636248e-008
   3.087126981515e-009             -2.064696428848e-008
   3.095947344320e-009             -2.047730062491e-008
   3.104767707124e-009             -2.011611360077e-008
   3.113588069928e-009             -2.032756470096e-008
   3.122408432733e-009             -2.030559909442e-008
   3.131228795537e-009             -2.013874071547e-008
   3.140049158341e-009             -2.002692831336e-008
   3.148869521146e-009             -2.103112236195e-008
   3.157689883950e-009             -2.240685093582e-008
   3.166510246754e-009             -2.235744173425e-008
   3.175330609559e-009             -2.221299880600e-008
   3.184150972363e-009             -2.242849881375e-008
   3.192971335167e-009             -2.253366868768e-008
   3.201791697972e-009             -2.213633115725e-008
   3.210612060776e-009             -2.215144241654e-008
   3.219432423580e-009             -2.187536510102e-008
   3.228252786385e-009             -2.247949588302e-008
   3.237073149189e-009             -2.273712741708e-008
   3.245893511993e-009             -2.231247871730e-008
   3.254713874798e-009             -2.210494440912e-008
   3.263534237602e-009             -2.211531842640e-008
   3.272354600406e-009             -2.162323822667e-008
   3.281174963211e-009             -2.116172448014e-008
   3.289995326015e-009             -2.151184930763e-008
   3.298815688819e-009             -2.152696056692e-008
   3.307636051624e-009             -2.188682426460e-008
   3.316456414428e-009             -2.113380452480e-008
   3.325276777232e-009             -2.107981702306e-008
   3.334097140037e-009             -2.078786103056e-008
   3.342917502841e-009             -2.105322023911e-008
   3.351737865645e-009             -2.076676890633e-008
   3.360558228450e-009             -2.125945773698e-008
   3.369378591254e-009             -2.223919862302e-008
   3.378198954058e-009             -2.193461908232e-008
   3.387019316863e-009             -2.198159345005e-008
   3.395839679667e-009             -2.204682845136e-008
   3.404660042471e-009             -2.215927584549e-008
   3.413480405276e-009             -2.246777217820e-008
   3.422300768080e-009             -2.222665446820e-008
   3.431121130884e-009             -2.173420366264e-008
   3.439941493689e-009             -2.187359208547e-008
   3.448761856493e-009             -2.177210082340e-008
   3.457582219297e-009             -2.150944098994e-008
   3.466402582102e-009             -2.151518382980e-008
   3.475222944906e-009             -2.162376746422e-008
   3.484043307710e-009             -2.165629239095e-008
   3.492863670515e-009             -2.138905425732e-008
   3.501684033319e-009             -2.118885050164e-008
   3.510504396123e-009             -2.188595093737e-008
   3.519324758927e-009             -2.228789312906e-008
   3.528145121732e-009             -2.207297523609e-008
   3.536965484536e-009             -2.236379320504e-008
   3.545785847340e-009             -2.275342957714e-008
   3.554606210145e-009             -2.208612817690e-008
   3.563426572949e-009             -2.201843198065e-008
   3.572246935753e-009             -2.165877994697e-008
   3.581067298558e-009             -2.219174773992e-008
   3.589887661362e-009             -2.254872691467e-008
   3.598708024166e-009             -2.228143590380e-008
   3.607528386971e-009             -2.218491990882e-008
   3.616348749775e-009             -2.267223650545e-008
   3.625169112579e-009             -2.248407418319e-008
   3.633989475384e-009             -2.228635829366e-008
   3.642809838188e-009             -2.227296717270e-008
   3.651630200992e-009             -2.254126393649e-008
   3.660450563797e-009             -2.275067716975e-008
   3.669270926601e-009             -2.247338259238e-008
   3.678091289405e-009             -2.214784319806e-008
   3.686911652210e-009             -2.252866690443e-008
   3.695732015014e-009             -2.235315449146e-008
   3.704552377818e-009             -2.209811657802e-008
   3.713372740623e-009             -2.255550186854e-008
   3.722193103427e-009             -2.206826466529e-008
   3.731013466231e-009             -2.193432802493e-008
   3.739833829036e-009             -2.225010187784e-008
   3.748654191840e-009             -2.159852036781e-008
   3.757474554644e-009             -2.230295151111e-008
   3.766294917449e-009             -2.277862364124e-008
   3.775115280253e-009             -2.235884445409e-008
   3.783935643057e-009             -2.263521282699e-008
   3.792756005862e-009             -2.202057560204e-008
   3.801576368666e-009             -2.219947541441e-008
   3.810396731470e-009             -2.233256524368e-008
   3.819217094275e-009             -2.246046798679e-008
   3.828037457079e-009             -2.232073562933e-008
   3.836857819883e-009             -2.251863682178e-008
   3.845678182688e-009             -2.246816914513e-008
   3.854498545492e-009             -2.196555598629e-008
   3.863318908296e-009             -2.202324861604e-008
   3.872139271101e-009             -2.221223123323e-008
   3.880959633905e-009             -2.230041092279e-008
   3.889779996709e-009             -2.254226953434e-008
   3.898600359514e-009             -2.231946533517e-008
   3.907420722318e-009             -2.192403324598e-008
   3.916241085122e-009             -2.183550962180e-008
   3.925061447927e-009             -2.201266277970e-008
   3.933881810731e-009             -2.197227806293e-008
   3.942702173535e-009             -2.226227558188e-008
   3.951522536340e-009             -2.217885965048e-008
   3.960342899144e-009             -2.219034517515e-008
   3.969163261948e-009             -2.190632852114e-008
   3.977983624753e-009             -2.193607467940e-008
   3.986803987557e-009             -2.184199351827e-008
   3.995624350361e-009             -2.197571833956e-008
   4.004444713166e-009             -2.152037091597e-008
   4.013265075970e-009             -2.170938004931e-008
   4.022085438774e-009             -2.145063700786e-008
   4.030905801579e-009             -2.125231233234e-008
   4.039726164383e-009             -2.148998961063e-008
   4.048546527187e-009             -2.104078183876e-008
   4.057366889992e-009             -2.100944796787e-008
   4.066187252796e-009             -2.121200700895e-008
   4.075007615600e-009             -2.127832684644e-008
   4.083827978405e-009             -2.114237901037e-008
   4.092648341209e-009             -2.080236350385e-008
   4.101468704013e-009             -2.086243793515e-008
   4.110289066818e-009             -2.221344865016e-008
   4.119109429622e-009             -2.278095256555e-008
   4.127929792426e-009             -2.300306874041e-008
   4.136750155231e-009             -2.268181674394e-008
   4.145570518035e-009             -2.230329544573e-008
   4.154390880839e-009             -2.269504892307e-008
   4.163211243644e-009             -2.232147653088e-008
   4.172031606448e-009             -2.286640636388e-008
   4.180851969252e-009             -2.276486222457e-008
   4.189672332057e-009             -2.296361022810e-008
   4.198492694861e-009             -2.265252058491e-008
   4.207313057665e-009             -2.216327203089e-008
   4.216133420470e-009             -2.241169393230e-008
   4.224953783274e-009             -2.237501418847e-008
   4.233774146078e-009             -2.201221293554e-008
   4.242594508882e-009             -2.265770751601e-008
   4.251414871687e-009             -2.239562995239e-008
   4.260235234491e-009             -2.243262726977e-008
   4.269055597295e-009             -2.203846562980e-008
   4.277875960100e-009             -2.188703592861e-008
   4.286696322904e-009             -2.249166958706e-008
   4.295516685708e-009             -2.282281939556e-008
   4.304337048513e-009             -2.230692118036e-008
   4.313157411317e-009             -2.255970971794e-008
   4.321977774121e-009             -2.273691575307e-008
   4.330798136926e-009             -2.246835429298e-008
   4.339618499730e-009             -2.215104544961e-008
   4.348438862534e-009             -2.253043991999e-008
   4.357259225339e-009             -2.223795468995e-008
   4.366079588143e-009             -2.267715889532e-008
   4.374899950947e-009             -2.254907100436e-008
   4.383720313752e-009             -2.167865480935e-008
   4.392540676556e-009             -2.197632712556e-008
   4.401361039360e-009             -2.209798415234e-008
   4.410181402165e-009             -2.201525624525e-008
   4.419001764969e-009             -2.201792925925e-008
   4.427822127773e-009             -2.177879638388e-008
   4.436642490578e-009             -2.102834359348e-008
   4.445462853382e-009             -2.103845306952e-008
   4.454283216186e-009             -2.051477430259e-008
   4.463103578991e-009             -2.141120501171e-008
   4.471923941795e-009             -2.205924018050e-008
   4.480744304599e-009             -2.193498953310e-008
   4.489564667404e-009             -2.210354168928e-008
   4.498385030208e-009             -2.204352029028e-008
   4.507205393012e-009             -2.226756842252e-008
   4.516025755817e-009             -2.210965497992e-008
   4.524846118621e-009             -2.215385073423e-008
   4.533666481425e-009             -2.253377444215e-008
   4.542486844230e-009             -2.264990060320e-008
   4.551307207034e-009             -2.234791452806e-008
   4.560127569838e-009             -2.213723100064e-008
   4.568947932643e-009             -2.204704011537e-008
   4.577768295447e-009             -2.215903766534e-008
   4.586588658251e-009             -2.209756082433e-008
   4.595409021056e-009             -2.226605994821e-008
   4.604229383860e-009             -2.259652173239e-008
   4.613049746664e-009             -2.150293073237e-008
   4.621870109469e-009             -2.181883701096e-008
   4.630690472273e-009             -2.173647970972e-008
   4.639510835077e-009             -2.206672967483e-008
   4.648331197882e-009             -2.230538618989e-008
   4.657151560686e-009             -2.238578517267e-008
   4.665971923490e-009             -2.229501217262e-008
   4.674792286295e-009             -2.191590875963e-008
   4.683612649099e-009             -2.178250135682e-008
   4.692433011903e-009             -2.197585076525e-008
   4.701253374708e-009             -2.200427359705e-008
   4.710073737512e-009             -2.204463179767e-008
   4.718894100316e-009             -2.166870412008e-008
   4.727714463121e-009             -2.144150676860e-008
   4.736534825925e-009             -2.141305742065e-008
   4.745355188729e-009             -2.090935942564e-008
   4.754175551534e-009             -2.110075036053e-008
   4.762995914338e-009             -2.088572655802e-008
   4.771816277142e-009             -2.104104653507e-008
   4.780636639947e-009             -2.102072182853e-008
   4.789457002751e-009             -2.068584053094e-008
   4.798277365555e-009             -2.057916233776e-008
   4.807097728360e-009             -2.018518584565e-008
   4.815918091164e-009             -2.016973065174e-008
   4.824738453968e-009             -2.115277954380e-008
   4.833558816773e-009             -2.204756935291e-008
   4.842379179577e-009             -2.194642218053e-008
   4.851199542381e-009             -2.173661198034e-008
   4.860019905186e-009             -2.155779156135e-008
   4.868840267990e-009             -2.127136674472e-008
   4.877660630794e-009             -2.140321264092e-008
   4.886480993599e-009             -2.145659151173e-008
   4.895301356403e-009             -2.096750174448e-008
   4.904121719207e-009             -2.059736978399e-008
   4.912942082012e-009             -2.028278683186e-008
   4.921762444816e-009             -2.058096186947e-008
   4.930582807620e-009             -2.087056242150e-008
   4.939403170424e-009             -2.051061933043e-008
   4.948223533229e-009             -2.056098125262e-008
   4.957043896033e-009             -2.052194606832e-008
   4.965864258837e-009             -2.003370326722e-008
   4.974684621642e-009             -2.008411806665e-008
   4.983504984446e-009             -1.987576330847e-008
   4.992325347250e-009             -2.029223464467e-008
   5.001145710055e-009             -2.073392640605e-008
   5.009966072859e-009             -2.026635240118e-008
   5.018786435663e-009             -2.030594318411e-008
   5.027606798468e-009             -2.017594969685e-008
   5.036427161272e-009             -2.034317868164e-008
   5.045247524076e-009             -2.001290220038e-008
   5.054067886881e-009             -2.014583324288e-008
   5.062888249685e-009             -2.023144567291e-008
   5.071708612489e-009             -2.011076772783e-008
   5.080528975294e-009             -1.990992898014e-008
   5.089349338098e-009             -2.097874924406e-008
   5.098169700902e-009             -2.219809921072e-008
   5.106990063707e-009             -2.166619004792e-008
   5.115810426511e-009             -2.179314007040e-008
   5.124630789315e-009             -2.164112825443e-008
   5.133451152120e-009             -2.174717130053e-008
   5.142271514924e-009             -2.161757478020e-008
   5.151091877728e-009             -2.145820589558e-008
   5.159912240533e-009             -2.125794926266e-008
   5.168732603337e-009             -2.149943742344e-008
   5.177552966141e-009             -2.176349982168e-008
   5.186373328946e-009             -2.202033742189e-008
   5.195193691750e-009             -2.181812247050e-008
   5.204014054554e-009             -2.153601141280e-008
   5.212834417359e-009             -2.157404084417e-008
   5.221654780163e-009             -2.170612492053e-008
   5.230475142967e-009             -2.153921350928e-008
   5.239295505772e-009             -2.162501139729e-008
   5.248115868576e-009             -2.189635147079e-008
   5.256936231380e-009             -2.178742374669e-008
   5.265756594185e-009             -2.176918978430e-008
   5.274576956989e-009             -2.146175208175e-008
   5.283397319793e-009             -2.154246863806e-008
   5.292217682598e-009             -2.167209167455e-008
   5.301038045402e-009             -2.224756128952e-008
   5.309858408206e-009             -2.209367054847e-008
   5.318678771011e-009             -2.211084588069e-008
   5.327499133815e-009             -2.182529439129e-008
   5.336319496619e-009             -2.177122749616e-008
   5.345139859424e-009             -2.175407852502e-008
   5.353960222228e-009             -2.221548636202e-008
   5.362780585032e-009             -2.195028609530e-008
   5.371600947837e-009             -2.198408116113e-008
   5.380421310641e-009             -2.229776442494e-008
   5.389241673445e-009             -2.193080819985e-008
   5.398062036250e-009             -2.228926933275e-008
   5.406882399054e-009             -2.207861216642e-008
   5.415702761858e-009             -2.246118252725e-008
   5.424523124663e-009             -2.217158182016e-008
   5.433343487467e-009             -2.225282776908e-008
   5.442163850271e-009             -2.155943246135e-008
   5.450984213076e-009             -2.143420257718e-008
   5.459804575880e-009             -2.146066709051e-008
   5.468624938684e-009             -2.138648715285e-008
   5.477445301489e-009             -2.208647211152e-008
   5.486265664293e-009             -2.194139403619e-008
   5.495086027097e-009             -2.174688024314e-008
   5.503906389902e-009             -2.124315557692e-008
   5.512726752706e-009             -2.140072508490e-008
   5.521547115510e-009             -2.179533656903e-008
   5.530367478315e-009             -2.199543441517e-008
   5.539187841119e-009             -2.200715811999e-008
   5.548008203923e-009             -2.176336755106e-008
   5.556828566728e-009             -2.189973887019e-008
   5.565648929532e-009             -2.187118376777e-008
   5.574469292336e-009             -2.135115709656e-008
   5.583289655141e-009             -2.144105692444e-008
   5.592110017945e-009             -2.208025306641e-008
   5.600930380749e-009             -2.193160213370e-008
   5.609750743554e-009             -2.151158461133e-008
   5.618571106358e-009             -2.103882352029e-008
   5.627391469162e-009             -2.103824125045e-008
   5.636211831966e-009             -2.087013909349e-008
   5.645032194771e-009             -2.067702786522e-008
   5.653852557575e-009             -2.064130084200e-008
   5.662672920379e-009             -2.071886817907e-008
   5.671493283184e-009             -2.048775403557e-008
   5.680313645988e-009             -2.047782986246e-008
   5.689134008792e-009             -1.993276775884e-008
   5.697954371597e-009             -2.020355223371e-008
   5.706774734401e-009             -2.048979174743e-008
   5.715595097205e-009             -2.044549023865e-008
   5.724415460010e-009             -2.030972755043e-008
   5.733235822814e-009             -2.013215106452e-008
   5.742056185618e-009             -2.033386313945e-008
   5.750876548423e-009             -2.032907317527e-008
   5.759696911227e-009             -2.047380731598e-008
   5.768517274031e-009             -2.051435081952e-008
   5.777337636836e-009             -2.033021104374e-008
   5.786157999640e-009             -1.994417404519e-008
   5.794978362444e-009             -1.960855169099e-008
   5.803798725249e-009             -1.970874614275e-008
   5.812619088053e-009             -1.958690381305e-008
   5.821439450857e-009             -1.938818217060e-008
   5.830259813662e-009             -1.932755198561e-008
   5.839080176466e-009             -1.915185442479e-008
   5.847900539270e-009             -1.966071314488e-008
   5.856720902075e-009             -2.147988028966e-008
   5.865541264879e-009             -2.094937369164e-008
   5.874361627683e-009             -2.205553520755e-008
   5.883181990488e-009             -2.197420986525e-008
   5.892002353292e-009             -2.201186884585e-008
   5.900822716096e-009             -2.193046411016e-008
   5.909643078901e-009             -2.176291770690e-008
   5.918463441705e-009             -2.186549396021e-008
   5.927283804509e-009             -2.157499356479e-008
   5.936104167314e-009             -2.189217013754e-008
   5.944924530118e-009             -2.229310673138e-008
   5.953744892922e-009             -2.184037913443e-008
   5.962565255727e-009             -2.157464947510e-008
   5.971385618531e-009             -2.165142287832e-008
   5.980205981335e-009             -2.174177255036e-008
   5.989026344140e-009             -2.210515607313e-008
   5.997846706944e-009             -2.176633162245e-008
   6.006667069748e-009             -2.198916233776e-008
   6.015487432553e-009             -2.181674642187e-008
   6.024307795357e-009             -2.180025895889e-008
   6.033128158161e-009             -2.153897532913e-008
   6.041948520966e-009             -2.150785312224e-008
   6.050768883770e-009             -2.172210950705e-008
   6.059589246574e-009             -2.215083378561e-008
   6.068409609379e-009             -2.198082603235e-008
   6.077229972183e-009             -2.169141062817e-008
   6.086050334987e-009             -2.208933027338e-008
   6.094870697792e-009             -2.163310952255e-008
   6.103691060596e-009             -2.150502147653e-008
   6.112511423400e-009             -2.182611484129e-008
   6.121331786205e-009             -2.182450045744e-008
   6.130152149009e-009             -2.168625005815e-008
   6.138972511813e-009             -2.094918838872e-008
   6.147792874618e-009             -2.072826311464e-008
   6.156613237422e-009             -2.066223417947e-008
   6.165433600226e-009             -2.051493308936e-008
   6.174253963031e-009             -2.013762920808e-008
   6.183074325835e-009             -2.044062088108e-008
   6.191894688639e-009             -2.037469785545e-008
   6.200715051444e-009             -1.990230721518e-008
   6.209535414248e-009             -1.967124594892e-008
   6.218355777052e-009             -1.987819814232e-008
   6.227176139857e-009             -2.063042394827e-008
   6.235996502661e-009             -2.199614895564e-008
   6.244816865465e-009             -2.201774395633e-008
   6.253637228270e-009             -2.170972413900e-008
   6.262457591074e-009             -2.160344275768e-008
   6.271277953878e-009             -2.175770410458e-008
   6.280098316683e-009             -2.179261083286e-008
   6.288918679487e-009             -2.201120718262e-008
   6.297739042291e-009             -2.228826373490e-008
   6.306559405096e-009             -2.264233171549e-008
   6.315379767900e-009             -2.160659213199e-008
   6.324200130704e-009             -2.156843027493e-008
   6.333020493508e-009             -2.149049248709e-008
   6.341840856313e-009             -2.163527950503e-008
   6.350661219117e-009             -2.201933182403e-008
   6.359481581921e-009             -2.180269379274e-008
   6.368301944726e-009             -2.190386732621e-008
   6.377122307530e-009             -2.186213292189e-008
   6.385942670334e-009             -2.140472111523e-008
   6.394763033139e-009             -2.129891624928e-008
   6.403583395943e-009             -2.197685636310e-008
   6.412403758747e-009             -2.190765184760e-008
   6.421224121552e-009             -2.176244134659e-008
   6.430044484356e-009             -2.166065902712e-008
   6.438864847160e-009             -2.152979221263e-008
   6.447685209965e-009             -2.161085285863e-008
   6.456505572769e-009             -2.137156119648e-008
   6.465325935573e-009             -2.173290700740e-008
   6.474146298378e-009             -2.211121648653e-008
   6.482966661182e-009             -2.233915489463e-008
   6.491787023986e-009             -2.172515281676e-008
   6.500607386791e-009             -2.169196638186e-008
   6.509427749595e-009             -2.161590751911e-008
   6.518248112399e-009             -2.147898044628e-008
   6.527068475204e-009             -2.155681247965e-008
   6.535888838008e-009             -2.152664299338e-008
   6.544709200812e-009             -2.134996619579e-008
   6.553529563617e-009             -2.144417962753e-008
   6.562349926421e-009             -2.117133107972e-008
   6.571170289225e-009             -2.135176572749e-008
   6.579990652030e-009             -2.149483260711e-008
   6.588811014834e-009             -2.152473755214e-008
   6.597631377638e-009             -2.177694381988e-008
   6.606451740443e-009             -2.222019708788e-008
   6.615272103247e-009             -2.208035882088e-008
   6.624092466051e-009             -2.202774752283e-008
   6.632912828856e-009             -2.179507202779e-008
   6.641733191660e-009             -2.143584332212e-008
   6.650553554464e-009             -2.205161841554e-008
   6.659373917269e-009             -2.134708151778e-008
   6.668194280073e-009             -2.151251097086e-008
   6.677014642877e-009             -2.122163996961e-008
   6.685835005682e-009             -2.110704895409e-008
   6.694655368486e-009             -2.082922498411e-008
   6.703475731290e-009             -2.104125819907e-008
   6.712296094095e-009             -2.088802896618e-008
   6.721116456899e-009             -2.089348074865e-008
   6.729936819703e-009             -2.041929042162e-008
   6.738757182508e-009             -2.003960489386e-008
   6.747577545312e-009             -2.016920125913e-008
   6.756397908116e-009             -2.071847121214e-008
   6.765218270921e-009             -2.074673525718e-008
   6.774038633725e-009             -2.065508877483e-008
   6.782858996529e-009             -2.070677386841e-008
   6.791679359334e-009             -2.038906805812e-008
   6.800499722138e-009             -2.175021476531e-008
   6.809320084942e-009             -2.215901130425e-008
   6.818140447747e-009             -2.202705949852e-008
   6.826960810551e-009             -2.215353316069e-008
   6.835781173355e-009             -2.235109026346e-008
   6.844601536160e-009             -2.169225759432e-008
   6.853421898964e-009             -2.157134146909e-008
   6.862242261768e-009             -2.130894633193e-008
   6.871062624573e-009             -2.111210361457e-008
   6.879882987377e-009             -2.084992014142e-008
   6.888703350181e-009             -2.113753601389e-008
   6.897523712986e-009             -2.071701561507e-008
   6.906344075790e-009             -2.066911504288e-008
   6.915164438594e-009             -2.034127324040e-008
   6.923984801399e-009             -2.039745724077e-008
   6.932805164203e-009             -2.070822946549e-008
   6.941625527007e-009             -2.064773170618e-008
   6.950445889812e-009             -2.066559521779e-008
   6.959266252616e-009             -2.048018514785e-008
   6.968086615420e-009             -2.044289677309e-008
   6.976906978225e-009             -2.042545674456e-008
   6.985727341029e-009             -2.052805935896e-008
   6.994547703833e-009             -2.071121989797e-008
   7.003368066638e-009             -2.278926235482e-008
   7.012188429442e-009             -2.258188683341e-008
   7.021008792246e-009             -2.228813130922e-008
   7.029829155051e-009             -2.209560235079e-008
   7.038649517855e-009             -2.212235792151e-008
   7.047469880659e-009             -2.235032284576e-008
   7.056290243463e-009             -2.233912837848e-008
   7.065110606268e-009             -2.233304160399e-008
   7.073930969072e-009             -2.202129014250e-008
   7.082751331876e-009             -2.210237730466e-008
   7.091571694681e-009             -2.163866705950e-008
   7.100392057485e-009             -2.174365147545e-008
   7.109212420289e-009             -2.174807114392e-008
   7.118032783094e-009             -2.146156677883e-008
   7.126853145898e-009             -2.156938299555e-008
   7.135673508702e-009             -2.141520104204e-008
   7.144493871507e-009             -2.132003488967e-008
   7.153314234311e-009             -2.142078509513e-008
   7.162134597115e-009             -2.220288932996e-008
   7.170954959920e-009             -2.185064739723e-008
   7.179775322724e-009             -2.269208485168e-008
   7.188595685528e-009             -2.198339313681e-008
   7.197416048333e-009             -2.201324504954e-008
   7.206236411137e-009             -2.226161391865e-008
   7.215056773941e-009             -2.196918172091e-008
   7.223877136746e-009             -2.192051357596e-008
   7.232697499550e-009             -2.196076602211e-008
   7.241517862354e-009             -2.207744778179e-008
   7.250338225159e-009             -2.216689761045e-008
   7.259158587963e-009             -2.193176092047e-008
   7.267978950767e-009             -2.195086821008e-008
   7.276799313572e-009             -2.200612600599e-008
   7.285619676376e-009             -2.212140520089e-008
   7.294440039180e-009             -2.220026934826e-008
   7.303260401985e-009             -2.198736280606e-008
   7.312080764789e-009             -2.236355502489e-008
   7.320901127593e-009             -2.203857153933e-008
   7.329721490398e-009             -2.200924886415e-008
   7.338541853202e-009             -2.162188853913e-008
   7.347362216006e-009             -2.224367101366e-008
   7.356182578811e-009             -2.243395059623e-008
   7.365002941615e-009             -2.263246041961e-008
   7.373823304419e-009             -2.207104343376e-008
   7.382643667224e-009             -2.242656701143e-008
   7.391464030028e-009             -2.192710322691e-008
   7.400284392832e-009             -2.194464916497e-008
   7.409104755637e-009             -2.187200421777e-008
   7.417925118441e-009             -2.174669494022e-008
   7.426745481245e-009             -2.165351362248e-008
   7.435565844050e-009             -2.146805067531e-008
   7.444386206854e-009             -2.093942300237e-008
   7.453206569658e-009             -2.084007536169e-008
   7.462026932463e-009             -2.136161050722e-008
   7.470847295267e-009             -2.100317589046e-008
   7.479667658071e-009             -2.086910697948e-008
   7.488488020876e-009             -2.124537859170e-008
   7.497308383680e-009             -2.097107444680e-008
   7.506128746484e-009             -2.104017320783e-008
   7.514949109289e-009             -2.040211508940e-008
   7.523769472093e-009             -2.064632914140e-008
   7.532589834897e-009             -2.125329156910e-008
   7.541410197702e-009             -2.196354479058e-008
   7.550230560506e-009             -2.193684209710e-008
   7.559050923310e-009             -2.199188822900e-008
   7.567871286115e-009             -2.185633720479e-008
   7.576691648919e-009             -2.198389585821e-008
   7.585512011723e-009             -2.140480050861e-008
   7.594332374528e-009             -2.177532943603e-008
   7.603152737332e-009             -2.139463815534e-008
   7.611973100136e-009             -2.106507621455e-008
   7.620793462941e-009             -2.064439718402e-008
   7.629613825745e-009             -2.092415295632e-008
   7.638434188549e-009             -2.159687962288e-008
   7.647254551354e-009             -2.132680984354e-008
   7.656074914158e-009             -2.154027213943e-008
   7.664895276962e-009             -2.101460853789e-008
   7.673715639767e-009             -2.104141698584e-008
   7.682536002571e-009             -2.088281551893e-008
   7.691356365375e-009             -2.103765913567e-008
   7.700176728180e-009             -2.092039510614e-008
   7.708997090984e-009             -2.086426398300e-008
   7.717817453788e-009             -2.099912682783e-008
   7.726637816593e-009             -2.046832917242e-008
   7.735458179397e-009             -2.069674394083e-008
   7.744278542201e-009             -2.059099195212e-008
   7.753098905005e-009             -2.065101335111e-008
   7.761919267810e-009             -2.043715393323e-008
   7.770739630614e-009             -2.005029648467e-008
   7.779559993418e-009             -2.039115880228e-008
   7.788380356223e-009             -2.004648560220e-008
   7.797200719027e-009             -2.171858968196e-008
   7.806021081831e-009             -2.199935120718e-008
   7.814841444636e-009             -2.227701623533e-008
   7.823661807440e-009             -2.246073252803e-008
   7.832482170244e-009             -2.273686272077e-008
   7.841302533049e-009             -2.224922855061e-008
   7.850122895853e-009             -2.232303803749e-008
   7.858943258657e-009             -2.232716649351e-008
   7.867763621462e-009             -2.240221960334e-008
   7.876583984266e-009             -2.261210935198e-008
   7.885404347070e-009             -2.256463210780e-008
   7.894224709875e-009             -2.253631503047e-008
   7.903045072679e-009             -2.212757152383e-008
   7.911865435483e-009             -2.213318193800e-008
   7.920685798288e-009             -2.231234629162e-008
   7.929506161092e-009             -2.218065918219e-008
   7.938326523896e-009             -2.245109956737e-008
   7.947146886701e-009             -2.260096776194e-008
   7.955967249505e-009             -2.255949789887e-008
   7.964787612309e-009             -2.223660500240e-008
   7.973607975114e-009             -2.223451441331e-008
   7.982428337918e-009             -2.227733380887e-008
   7.991248700722e-009             -2.235887081518e-008
   8.000069063527e-009             -2.249690955047e-008
   8.008889426331e-009             -2.229636186016e-008
   8.017709789135e-009             -2.233285630107e-008
   8.026530151940e-009             -2.285380917676e-008
   8.035350514744e-009             -2.212166989719e-008
   8.044170877548e-009             -2.230999100622e-008
   8.052991240353e-009             -2.241576951108e-008
   8.061811603157e-009             -2.292783032765e-008
   8.070631965961e-009             -2.268194901456e-008
   8.079452328766e-009             -2.197979391834e-008
   8.088272691570e-009             -2.204767526245e-008
   8.097093054374e-009             -2.203417838701e-008
   8.105913417179e-009             -2.168204220875e-008
   8.114733779983e-009             -2.131730899843e-008
   8.123554142787e-009             -2.144552931508e-008
   8.132374505592e-009             -2.125977531052e-008
   8.141194868396e-009             -2.109331389849e-008
   8.150015231200e-009             -2.235926778210e-008
   8.158835594005e-009             -2.225661213540e-008
   8.167655956809e-009             -2.246390826342e-008
   8.176476319613e-009             -2.275872241778e-008
   8.185296682418e-009             -2.276901704167e-008
   8.194117045222e-009             -2.213773387710e-008
   8.202937408026e-009             -2.223684318256e-008
   8.211757770831e-009             -2.275038611236e-008
   8.220578133635e-009             -2.264656608104e-008
   8.229398496439e-009             -2.269036471336e-008
   8.238218859244e-009             -2.304991083751e-008
   8.247039222048e-009             -2.282766239204e-008
   8.255859584852e-009             -2.239300997069e-008
   8.264679947657e-009             -2.242336475988e-008
   8.273500310461e-009             -2.246380250896e-008
   8.282320673265e-009             -2.216570670967e-008
   8.291141036070e-009             -2.237800462094e-008
   8.299961398874e-009             -2.226288421281e-008
   8.308781761678e-009             -2.225282776908e-008
   8.317602124483e-009             -2.204952782645e-008
   8.326422487287e-009             -2.127253112934e-008
   8.335242850091e-009             -2.148469676999e-008
   8.344063212896e-009             -2.209610522725e-008
   8.352883575700e-009             -2.184284032936e-008
   8.361703938504e-009             -2.164131340229e-008
   8.370524301309e-009             -2.184580440075e-008
   8.379344664113e-009             -2.144365038999e-008
   8.388165026917e-009             -2.129581990727e-008
   8.396985389722e-009             -2.107727643474e-008
   8.405805752526e-009             -2.119080897517e-008
   8.414626115330e-009             -2.125194188156e-008
   8.423446478135e-009             -2.131212206733e-008
   8.432266840939e-009             -2.070920870226e-008
   8.441087203743e-009             -2.068242661539e-008
   8.449907566547e-009             -2.059861371707e-008
   8.458727929352e-009             -2.051922033215e-008
   8.467548292156e-009             -2.101320597311e-008
   8.476368654960e-009             -2.091152940812e-008
   8.485189017765e-009             -2.082094155592e-008
   8.494009380569e-009             -2.043035261828e-008
   8.502829743373e-009             -2.032314503249e-008
   8.511650106178e-009             -2.043609545814e-008
   8.520470468982e-009             -2.066988246057e-008
   8.529290831786e-009             -2.059347950813e-008
   8.538111194591e-009             -2.193398393524e-008
   8.546931557395e-009             -2.304903751027e-008
   8.555751920199e-009             -2.270237963063e-008
   8.564572283004e-009             -2.284335576610e-008
   8.573392645808e-009             -2.257797019647e-008
   8.582213008612e-009             -2.291851478547e-008
   8.591033371417e-009             -2.362471894432e-008
   8.599853734221e-009             -2.314010172277e-008
   8.608674097025e-009             -2.292486625626e-008
   8.617494459830e-009             -2.258458620850e-008
   8.626314822634e-009             -2.285582052753e-008
   8.635135185438e-009             -2.288114701732e-008
   8.643955548243e-009             -2.256883995720e-008
   8.652775911047e-009             -2.288088232102e-008
   8.661596273851e-009             -2.258056366202e-008
   8.670416636656e-009             -2.237072694568e-008
   8.679236999460e-009             -2.221659786940e-008
   8.688057362264e-009             -2.296922079735e-008
   8.696877725069e-009             -2.318583231249e-008
   8.705698087873e-009             -2.275554668238e-008
   8.714518450677e-009             -2.311752764037e-008
   8.723338813482e-009             -2.271608817008e-008
   8.732159176286e-009             -2.276920234459e-008
   8.740979539090e-009             -2.294638186357e-008
   8.749799901895e-009             -2.290504442618e-008
   8.758620264699e-009             -2.303260307959e-008
   8.767440627503e-009             -2.315762129976e-008
   8.776260990308e-009             -2.310366015910e-008
   8.785081353112e-009             -2.252901083906e-008
   8.793901715916e-009             -2.298173843601e-008
   8.802722078721e-009             -2.292460171502e-008
   8.811542441525e-009             -2.268549520073e-008
