# Atom Manipulation               
# 
# Sample                          Ag(111)
# Data set                        -
# Creation Comment                
# Gap voltage                     -1.000e-004 V
# Gap voltage range in Volt       -1;1
# Feedback loop enabled           No
# Regulator setpoint              1.000e-009 A
# Pre-amplifier range             0;3.33e-007
# Loop gain                       7.000e+000 %
# Z-axis offset                   -8.000e-010 m
# Parameter mode                  V before Z
# Raster time                     1.000e-002 seconds
# Channel name and data unit      I(r) [A]
# Manipulation vector: start      -2.520e+000, 1.380e+000 [nm]
#                      end        1.782e+001, 1.020e+000 [nm]
# 
# 
#            Position                             I(r)
# -------------------             --------------------
   0.00000000000e+000             -1.883776830157e-008
   1.01715927956e-010             -1.863717703794e-008
   2.03431855912e-010             -1.872050163594e-008
   3.05147783869e-010             -1.896860859992e-008
   4.06863711825e-010             -1.930410457597e-008
   5.08579639781e-010             -1.923190001396e-008
   6.10295567737e-010             -2.064380390454e-008
   7.12011495694e-010             -2.044351222689e-008
   8.13727423650e-010             -2.031761230597e-008
   9.15443351606e-010             -2.054766611360e-008
   1.01715927956e-009             -2.074771697499e-008
   1.11887520752e-009             -2.062496456760e-008
   1.22059113547e-009             -2.068414845943e-008
   1.32230706343e-009             -2.043217184326e-008
   1.42402299139e-009             -2.083142318845e-008
   1.52573891934e-009             -2.066396207105e-008
   1.62745484730e-009             -2.062663182868e-008
   1.72917077526e-009             -2.048655119478e-008
   1.83088670321e-009             -2.072321264092e-008
   1.93260263117e-009             -2.088648126037e-008
   2.03431855912e-009             -2.087109693126e-008
   2.13603448708e-009             -2.079522755819e-008
   2.23775041504e-009             -2.089306579417e-008
   2.33946634299e-009             -2.085402983455e-008
   2.44118227095e-009             -2.091795686086e-008
   2.54289819891e-009             -2.102753260246e-008
   2.64461412686e-009             -2.116596908000e-008
   2.74633005482e-009             -2.096683760021e-008
   2.84804598277e-009             -2.108240878289e-008
   2.94976191073e-009             -2.099709671417e-008
   3.05147783869e-009             -2.098421188110e-008
   3.15319376664e-009             -2.090657290391e-008
   3.25490969460e-009             -2.111756206485e-008
   3.35662562256e-009             -2.111588208842e-008
   3.45834155051e-009             -2.111367690614e-008
   3.56005747847e-009             -2.103363813984e-008
   3.66177340642e-009             -2.102843663260e-008
   3.76348933438e-009             -2.082761742313e-008
   3.86520526234e-009             -2.081661508164e-008
   3.96692119029e-009             -2.084195692289e-008
   4.06863711825e-009             -2.098393028268e-008
   4.17035304621e-009             -2.084282776908e-008
   4.27206897416e-009             -2.080682922669e-008
   4.37378490212e-009             -2.085637069888e-008
   4.47550083007e-009             -2.068352354665e-008
   4.57721675803e-009             -2.052982058956e-008
   4.67893268599e-009             -2.057888058429e-008
   4.78064861394e-009             -2.070244739413e-008
   4.88236454190e-009             -2.068084975732e-008
   4.98408046986e-009             -2.053263517809e-008
   5.08579639781e-009             -2.059300748965e-008
   5.18751232577e-009             -2.058320876429e-008
   5.28922825372e-009             -2.045659430290e-008
   5.39094418168e-009             -2.043805718805e-008
   5.49266010964e-009             -2.072527175177e-008
   5.59437603759e-009             -2.064983004854e-008
   5.69609196555e-009             -2.059135294391e-008
   5.79780789351e-009             -2.055665291755e-008
   5.89952382146e-009             -2.070798957962e-008
   6.00123974942e-009             -2.049062584317e-008
   6.10295567737e-009             -2.060604072012e-008
   6.20467160533e-009             -2.062467257982e-008
   6.30638753329e-009             -2.078942672394e-008
   6.40810346124e-009             -2.065663741103e-008
   6.50981938920e-009             -2.064181395277e-008
   6.61153531716e-009             -2.076283242103e-008
   6.71325124511e-009             -2.063478887872e-008
   6.81496717307e-009             -2.061573183023e-008
   6.91668310102e-009             -2.065657088806e-008
   7.01839902898e-009             -2.082326365737e-008
   7.12011495694e-009             -2.080145342617e-008
   7.22183088489e-009             -2.060146148956e-008
   7.32354681285e-009             -2.079528384686e-008
   7.42526274081e-009             -2.064139899828e-008
   7.52697866876e-009             -2.063899161097e-008
   7.62869459672e-009             -2.068657895145e-008
   7.73041052467e-009             -2.082032858317e-008
   7.83212645263e-009             -2.074468979206e-008
   7.93384238059e-009             -2.064829087131e-008
   8.03555830854e-009             -2.077431375894e-008
   8.13727423650e-009             -2.074135263378e-008
   8.23899016446e-009             -2.057285428523e-008
   8.34070609241e-009             -2.069585510707e-008
   8.44242202037e-009             -2.068146195475e-008
   8.54413794832e-009             -2.079479988835e-008
   8.64585387628e-009             -2.062661136008e-008
   8.74756980424e-009             -2.069849819349e-008
   8.84928573219e-009             -2.070137434291e-008
   8.95100166015e-009             -2.057855014033e-008
   9.05271758811e-009             -2.067623222565e-008
   9.15443351606e-009             -2.060262432353e-008
   9.25614944402e-009             -2.064782474531e-008
   9.35786537197e-009             -2.062632448945e-008
   9.45958129993e-009             -2.048508365768e-008
   9.56129722789e-009             -2.059359394625e-008
   9.66301315584e-009             -2.043912512211e-008
   9.76472908380e-009             -2.059733566965e-008
   9.86644501176e-009             -2.045620493417e-008
   9.96816093971e-009             -2.052523360573e-008
   1.00698768677e-008             -2.043521174154e-008
   1.01715927956e-008             -2.042643753198e-008
   1.02733087236e-008             -2.048837724263e-008
   1.03750246515e-008             -2.033372140985e-008
   1.04767405795e-008             -2.040675572578e-008
   1.05784565074e-008             -2.041217494456e-008
   1.06801724354e-008             -2.034692118036e-008
   1.07818883634e-008             -2.036915132813e-008
   1.08836042913e-008             -2.024225263223e-008
   1.09853202193e-008             -2.037339515266e-008
   1.10870361472e-008             -2.030640496829e-008
   1.11887520752e-008             -2.042580750205e-008
   1.12904680031e-008             -2.032053450976e-008
   1.13921839311e-008             -2.033097086325e-008
   1.14938998591e-008             -2.039864473011e-008
   1.15956157870e-008             -2.035328040441e-008
   1.16973317150e-008             -2.034245220115e-008
   1.17990476429e-008             -2.038950937369e-008
   1.19007635709e-008             -2.039437035774e-008
   1.20024794988e-008             -2.041790661973e-008
   1.21041954268e-008             -2.033823659849e-008
   1.22059113547e-008             -2.054171936299e-008
   1.23076272827e-008             -2.045513948115e-008
   1.24093432107e-008             -2.046380111337e-008
   1.25110591386e-008             -2.048056846904e-008
   1.26127750666e-008             -2.063506287894e-008
   1.27144909945e-008             -2.058121617640e-008
   1.28162069225e-008             -2.053460202515e-008
   1.29179228504e-008             -2.058382080665e-008
   1.30196387784e-008             -2.056050489231e-008
   1.31213547064e-008             -2.048385693684e-008
   1.32230706343e-008             -2.054449037820e-008
   1.33247865623e-008             -2.066610832855e-008
   1.34265024902e-008             -2.072283102545e-008
   1.35282184182e-008             -2.058134937741e-008
   1.36299343461e-008             -2.063247871730e-008
   1.37316502741e-008             -2.063299865093e-008
   1.38333662020e-008             -2.061029477895e-008
   1.39350821300e-008             -2.053302950891e-008
   1.40367980580e-008             -2.072063096032e-008
   1.41385139859e-008             -2.077898261719e-008
   1.42402299139e-008             -2.073811301152e-008
   1.43419458418e-008             -2.057274418893e-008
   1.44436617698e-008             -2.084189288096e-008
   1.45453776977e-008             -2.069512009800e-008
   1.46470936257e-008             -2.072414489293e-008
   1.47488095537e-008             -2.070362294345e-008
   1.48505254816e-008             -2.096833832126e-008
   1.49522414096e-008             -2.082547643784e-008
   1.50539573375e-008             -2.067737195491e-008
   1.51556732655e-008             -2.093896276884e-008
   1.52573891934e-008             -2.090112546326e-008
   1.53591051214e-008             -2.077745103816e-008
   1.54608210493e-008             -2.087969948363e-008
   1.55625369773e-008             -2.105605777730e-008
   1.56642529053e-008             -2.111295988463e-008
   1.57659688332e-008             -2.083563367396e-008
   1.58676847612e-008             -2.114562126874e-008
   1.59694006891e-008             -2.095589666455e-008
   1.60711166171e-008             -2.099794957280e-008
   1.61728325450e-008             -2.089357549350e-008
   1.62745484730e-008             -2.118825551644e-008
   1.63762644010e-008             -2.114098823055e-008
   1.64779803289e-008             -2.105669804153e-008
   1.65796962569e-008             -2.104618229465e-008
   1.66814121848e-008             -2.114919645211e-008
   1.67831281128e-008             -2.085320256168e-008
   1.68848440407e-008             -2.092294592876e-008
   1.69865599687e-008             -2.095807362496e-008
   1.70882758966e-008             -2.103262137729e-008
   1.71899918246e-008             -2.084094016034e-008
   1.72917077526e-008             -2.082478748314e-008
   1.73934236805e-008             -2.084688706601e-008
   1.74951396085e-008             -2.064535843322e-008
   1.75968555364e-008             -2.057173766069e-008
   1.76985714644e-008             -2.074124005644e-008
   1.78002873923e-008             -2.070649133961e-008
   1.79020033203e-008             -2.065519297865e-008
   1.80037192483e-008             -2.045028625037e-008
   1.81054351762e-008             -2.061698429189e-008
   1.82071511042e-008             -2.033539890524e-008
   1.83088670321e-008             -2.049962551753e-008
   1.84105829601e-008             -2.047716230675e-008
   1.85122988880e-008             -2.064170881856e-008
   1.86140148160e-008             -2.049285133899e-008
   1.87157307439e-008             -2.051234381057e-008
   1.88174466719e-008             -2.053845136380e-008
   1.89191625999e-008             -2.045227620214e-008
   1.90208785278e-008             -2.044358650312e-008
   1.91225944558e-008             -2.063777248833e-008
   1.92243103837e-008             -2.073461194932e-008
   1.93260263117e-008             -2.078576175782e-008
   1.94277422396e-008             -2.070600986215e-008
   1.95294581676e-008             -2.088593574098e-008
   1.96311740956e-008             -2.066850036440e-008
   1.97328900235e-008             -2.074422366605e-008
   1.98346059515e-008             -2.080278528121e-008
   1.99363218794e-008             -2.089516847835e-008
   2.00380378074e-008             -2.089968103087e-008
   2.01397537353e-008             -2.092440819365e-008
   2.02414696633e-008             -2.095520011165e-008
