# Atom Manipulation               
# 
# Sample                          Ag(111)
# Data set                        -
# Creation Comment                
# Gap voltage                     -1.000e-004 V
# Gap voltage range in Volt       -1;1
# Feedback loop enabled           No
# Regulator setpoint              1.000e-009 A
# Pre-amplifier range             0;3.33e-007
# Loop gain                       7.000e+000 %
# Z-axis offset                   -8.000e-010 m
# Parameter mode                  V before Z
# Raster time                     1.000e-002 seconds
# Channel name and data unit      I(r) [A]
# Manipulation vector: start      4.140e+000, 6.420e+000 [nm]
#                      end        -7.800e-001, 7.200e-001 [nm]
# 
# 
#             Position                             I(r)
# --------------------             --------------------
   0.000000000000e+000             -2.252000775326e-008
   3.764850594645e-011             -2.239432042674e-008
   7.529701189290e-011             -2.265148847090e-008
   1.129455178394e-010             -2.270727116252e-008
   1.505940237858e-010             -2.262581106855e-008
   1.882425297323e-010             -2.272918373676e-008
   2.258910356787e-010             -2.272676611515e-008
   2.635395416252e-010             -2.259522662780e-008
   3.011880475716e-010             -2.263429840748e-008
   3.388365535181e-010             -2.254547767836e-008
   3.764850594645e-010             -2.265231047155e-008
   4.141335654110e-010             -2.258240335561e-008
   4.517820713574e-010             -2.265053575028e-008
   4.894305773039e-010             -2.262852579510e-008
   5.270790832503e-010             -2.269083425080e-008
   5.647275891968e-010             -2.251536975298e-008
   6.023760951432e-010             -2.257504023942e-008
   6.400246010897e-010             -2.245724604196e-008
   6.776731070361e-010             -2.259564669944e-008
   7.153216129826e-010             -2.250188311185e-008
   7.529701189290e-010             -2.263304346478e-008
   7.906186248755e-010             -2.259962908403e-008
   8.282671308219e-010             -2.261201197103e-008
   8.659156367684e-010             -2.237819845245e-008
   9.035641427148e-010             -2.251760036595e-008
   9.412126486613e-010             -2.237256152212e-008
   9.788611546077e-010             -2.245999162648e-008
   1.016509660554e-009             -2.258650358976e-008
   1.054158166501e-009             -2.294922389865e-008
   1.091806672447e-009             -2.286303850269e-008
   1.129455178394e-009             -2.284604320117e-008
   1.167103684340e-009             -2.272638961683e-008
   1.204752190286e-009             -2.286427545783e-008
   1.242400696233e-009             -2.276567150987e-008
   1.280049202179e-009             -2.287284746236e-008
   1.317697708126e-009             -2.294859898587e-008
   1.355346214072e-009             -2.308935834018e-008
   1.392994720019e-009             -2.296679030532e-008
   1.430643225965e-009             -2.298122966708e-008
   1.468291731912e-009             -2.287271426135e-008
   1.505940237858e-009             -2.303012064073e-008
   1.543588743805e-009             -2.291856254555e-008
   1.581237249751e-009             -2.313869993332e-008
   1.618885755697e-009             -2.310926033897e-008
   1.656534261644e-009             -2.324823210160e-008
   1.694182767590e-009             -2.289320535285e-008
   1.731831273537e-009             -2.306757633085e-008
   1.769479779483e-009             -2.292291894742e-008
   1.807128285430e-009             -2.303469971623e-008
   1.844776791376e-009             -2.294822496860e-008
   1.882425297323e-009             -2.319324830591e-008
   1.920073803269e-009             -2.307060351378e-008
   1.957722309215e-009             -2.308167253330e-008
   1.995370815162e-009             -2.296085115291e-008
   2.033019321108e-009             -2.306421622292e-008
   2.070667827055e-009             -2.289194281195e-008
   2.108316333001e-009             -2.297889640094e-008
   2.145964838948e-009             -2.290262757990e-008
   2.183613344894e-009             -2.300814914171e-008
   2.221261850841e-009             -2.286015475507e-008
   2.258910356787e-009             -2.302683217293e-008
   2.296558862734e-009             -2.293893346152e-008
   2.334207368680e-009             -2.307468079828e-008
   2.371855874626e-009             -2.288999379739e-008
   2.409504380573e-009             -2.299473677681e-008
   2.447152886519e-009             -2.295144427732e-008
   2.484801392466e-009             -2.291241607096e-008
   2.522449898412e-009             -2.256403526183e-008
   2.560098404359e-009             -2.277335468064e-008
   2.597746910305e-009             -2.269750329514e-008
   2.635395416252e-009             -2.280400052722e-008
   2.673043922198e-009             -2.279527500814e-008
   2.710692428145e-009             -2.306829335235e-008
   2.748340934091e-009             -2.285385181969e-008
   2.785989440037e-009             -2.284292639055e-008
   2.823637945984e-009             -2.269963916327e-008
   2.861286451930e-009             -2.296958442525e-008
   2.898934957877e-009             -2.299787141993e-008
   2.936583463823e-009             -2.318810308735e-008
   2.974231969770e-009             -2.327528477725e-008
   3.011880475716e-009             -2.339830095055e-008
   3.049528981663e-009             -2.305499635597e-008
   3.087177487609e-009             -2.314405526524e-008
   3.124825993555e-009             -2.294419901068e-008
   3.162474499502e-009             -2.309126114531e-008
   3.200123005448e-009             -2.299218595419e-008
   3.237771511395e-009             -2.323358278156e-008
   3.275420017341e-009             -2.317827381414e-008
   3.313068523288e-009             -2.318610290127e-008
   3.350717029234e-009             -2.298575509002e-008
   3.388365535181e-009             -2.309871652530e-008
   3.426014041127e-009             -2.289654499217e-008
   3.463662547074e-009             -2.299469568454e-008
   3.501311053020e-009             -2.295275039154e-008
   3.538959558966e-009             -2.311802446929e-008
   3.576608064913e-009             -2.300503744825e-008
   3.614256570859e-009             -2.306297151452e-008
   3.651905076806e-009             -2.298892818930e-008
   3.689553582752e-009             -2.306813968274e-008
   3.727202088699e-009             -2.286518972228e-008
   3.764850594645e-009             -2.294756687187e-008
   3.802499100592e-009             -2.296094589775e-008
   3.840147606538e-009             -2.287735737878e-008
   3.877796112485e-009             -2.244959869125e-008
   3.915444618431e-009             -2.264634836949e-008
   3.953093124377e-009             -2.269536727194e-008
   3.990741630324e-009             -2.291094605282e-008
   4.028390136270e-009             -2.271173517964e-008
   4.066038642217e-009             -2.285413869032e-008
   4.103687148163e-009             -2.266087983997e-008
   4.141335654110e-009             -2.262270960939e-008
   4.178984160056e-009             -2.259759059685e-008
   4.216632666003e-009             -2.293638511994e-008
   4.254281171949e-009             -2.297110313387e-008
   4.291929677895e-009             -2.305218424848e-008
   4.329578183842e-009             -2.294217835600e-008
   4.367226689788e-009             -2.311133743739e-008
   4.404875195735e-009             -2.300576734017e-008
   4.442523701681e-009             -2.295218440354e-008
   4.480172207628e-009             -2.294245235622e-008
   4.517820713574e-009             -2.313499418505e-008
   4.555469219521e-009             -2.307270356185e-008
   4.593117725467e-009             -2.314236489944e-008
   4.630766231414e-009             -2.298536835739e-008
   4.668414737360e-009             -2.312616864892e-008
   4.706063243306e-009             -2.282136720991e-008
   4.743711749253e-009             -2.288230039231e-008
   4.781360255199e-009             -2.293705608708e-008
   4.819008761146e-009             -2.304629115043e-008
   4.856657267092e-009             -2.293582176805e-008
   4.894305773039e-009             -2.303637209447e-008
   4.931954278985e-009             -2.296520491867e-008
   4.969602784932e-009             -2.306138101072e-008
   5.007251290878e-009             -2.284959791592e-008
   5.044899796824e-009             -2.298829567833e-008
   5.082548302771e-009             -2.291709764456e-008
   5.120196808717e-009             -2.300228674658e-008
   5.157845314664e-009             -2.289487773109e-008
   5.195493820610e-009             -2.264307277210e-008
   5.233142326557e-009             -2.256832762176e-008
   5.270790832503e-009             -2.273372451116e-008
   5.308439338450e-009             -2.279005039619e-008
   5.346087844396e-009             -2.293986571353e-008
   5.383736350343e-009             -2.271971033820e-008
   5.421384856289e-009             -2.263436508552e-008
   5.459033362235e-009             -2.263165035898e-008
   5.496681868182e-009             -2.278866473352e-008
   5.534330374128e-009             -2.279033199460e-008
   5.571978880075e-009             -2.301322256509e-008
   5.609627386021e-009             -2.306418288390e-008
   5.647275891968e-009             -2.309411419002e-008
   5.684924397914e-009             -2.292440958923e-008
   5.722572903861e-009             -2.311179844625e-008
   5.760221409807e-009             -2.302394578920e-008
   5.797869915754e-009             -2.309651646017e-008
   5.835518421700e-009             -2.306071516073e-008
   5.873166927646e-009             -2.325789514491e-008
   5.910815433593e-009             -2.324094837879e-008
   5.948463939539e-009             -2.317779233668e-008
   5.986112445486e-009             -2.303826730140e-008
   6.023760951432e-009             -2.309573539673e-008
   6.061409457379e-009             -2.299956442184e-008
   6.099057963325e-009             -2.318290421622e-008
   6.136706469272e-009             -2.314413713967e-008
   6.174354975218e-009             -2.321249748019e-008
   6.212003481164e-009             -2.305600288421e-008
   6.249651987111e-009             -2.314808882135e-008
   6.287300493057e-009             -2.310955496286e-008
   6.324948999004e-009             -2.319482345826e-008
   6.362597504950e-009             -2.306818077502e-008
   6.400246010897e-009             -2.320790289817e-008
   6.437894516843e-009             -2.315467599125e-008
   6.475543022790e-009             -2.331427204640e-008
   6.513191528736e-009             -2.312926499093e-008
   6.550840034683e-009             -2.338353641706e-008
   6.588488540629e-009             -2.340551551427e-008
   6.626137046575e-009             -2.328824900371e-008
   6.663785552522e-009             -2.323942718913e-008
   6.701434058468e-009             -2.344189055498e-008
   6.739082564415e-009             -2.336461768674e-008
   6.776731070361e-009             -2.331529392610e-008
   6.814379576308e-009             -2.330659135667e-008
   6.852028082254e-009             -2.374131107631e-008
   6.889676588201e-009             -2.360996371474e-008
   6.927325094147e-009             -2.366084975732e-008
   6.964973600094e-009             -2.366381801548e-008
   7.002622106040e-009             -2.381356680984e-008
   7.040270611986e-009             -2.368783591000e-008
   7.077919117933e-009             -2.363808944161e-008
   7.115567623879e-009             -2.362940237870e-008
   7.153216129826e-009             -2.375644714602e-008
   7.190864635772e-009             -2.361300888524e-008
   7.228513141719e-009             -2.376863015398e-008
   7.266161647665e-009             -2.369169532789e-008
   7.303810153612e-009             -2.360209617144e-008
   7.341458659558e-009             -2.339586797748e-008
   7.379107165504e-009             -2.344943540759e-008
   7.416755671451e-009             -2.344503806851e-008
   7.454404177397e-009             -2.341714028749e-008
   7.492052683344e-009             -2.347329187924e-008
