# Atom Manipulation               
# 
# Sample                          Ag(111)
# Data set                        -
# Creation Comment                
# Gap voltage                     -1.000e-003 V
# Gap voltage range in Volt       -10;10
# Feedback loop enabled           No
# Regulator setpoint              1.000e-009 A
# Pre-amplifier range             0;3.33e-007
# Loop gain                       7.000e+000 %
# Z-axis offset                   -3.000e-010 m
# Parameter mode                  V before Z
# Raster time                     1.000e-003 seconds
# Channel name and data unit      I(r) [A]
# Manipulation vector: start      5.187e+000, 4.446e+000 [nm]
#                      end        -3.309e-015, -4.173e+000 [nm]
# 
# 
#            Position                             I(r)
# -------------------             --------------------
   0.00000000000e+000             -1.693275597389e-009
   1.00594299043e-011             -1.654875715238e-009
   2.01188598086e-011             -1.688961838453e-009
   3.01782897130e-011             -1.659612802183e-009
   4.02377196173e-011             -1.678190854254e-009
   5.02971495216e-011             -1.655643132937e-009
   6.03565794259e-011             -1.680307959497e-009
   7.04160093303e-011             -1.688115027369e-009
   8.04754392346e-011             -1.664085347889e-009
   9.05348691389e-011             -1.663688380964e-009
   1.00594299043e-010             -1.656489944021e-009
   1.10653728948e-010             -1.624944409124e-009
   1.20713158852e-010             -1.572756439083e-009
   1.30772588756e-010             -1.586412101289e-009
   1.40832018661e-010             -1.594219169161e-009
   1.50891448565e-010             -1.615946440478e-009
   1.60950878469e-010             -1.581595620959e-009
   1.71010308374e-010             -1.540390454186e-009
   1.81069738278e-010             -1.598373986261e-009
   1.91129168182e-010             -1.625367737133e-009
   2.01188598086e-010             -1.628834684985e-009
   2.11248027991e-010             -1.703305680038e-009
   2.21307457895e-010             -1.645639566438e-009
   2.31366887799e-010             -1.608218765991e-009
   2.41426317704e-010             -1.602793654732e-009
   2.51485747608e-010             -1.654002388004e-009
   2.61545177512e-010             -1.699944641722e-009
   2.71604607417e-010             -1.741917226194e-009
   2.81664037321e-010             -1.741229201879e-009
   2.91723467225e-010             -1.711165625145e-009
   3.01782897130e-010             -1.711297895765e-009
   3.11842327034e-010             -1.707592922824e-009
   3.21901756938e-010             -1.740117694491e-009
   3.31961186843e-010             -1.724768255051e-009
   3.42020616747e-010             -1.737127262014e-009
   3.52080046651e-010             -1.754990773620e-009
   3.62139476556e-010             -1.737100745864e-009
   3.72198906460e-010             -1.736280295864e-009
   3.82258336364e-010             -1.725324008746e-009
   3.92317766269e-010             -1.729478980911e-009
   4.02377196173e-010             -1.748480516057e-009
   4.12436626077e-010             -1.763300562887e-009
   4.22496055982e-010             -1.748030516832e-009
   4.32555485886e-010             -1.693857867233e-009
   4.42614915790e-010             -1.709657150832e-009
   4.52674345695e-010             -1.686897610445e-009
   4.62733775599e-010             -1.735989238475e-009
   4.72793205503e-010             -1.779443936175e-009
   4.82852635408e-010             -1.820331529408e-009
   4.92912065312e-010             -1.795454883779e-009
   5.02971495216e-010             -1.725244615361e-009
   5.13030925121e-010             -1.684489447813e-009
   5.23090355025e-010             -1.708360340523e-009
   5.33149784929e-010             -1.695842701856e-009
   5.43209214833e-010             -1.725482795516e-009
   5.53268644738e-010             -1.694969374622e-009
   5.63328074642e-010             -1.690020468607e-009
   5.73387504546e-010             -1.681737040425e-009
   5.83446934451e-010             -1.691290762766e-009
   5.93506364355e-010             -1.704893547737e-009
   6.03565794259e-010             -1.730272914761e-009
   6.13625224164e-010             -1.749009753601e-009
   6.23684654068e-010             -1.765100094590e-009
   6.33744083972e-010             -1.749935958070e-009
   6.43803513877e-010             -1.761712695188e-009
   6.53862943781e-010             -1.803817705345e-009
   6.63922373685e-010             -1.830017522368e-009
   6.73981803590e-010             -1.833113864380e-009
   6.84041233494e-010             -1.842641070570e-009
   6.94100663398e-010             -1.873630851773e-009
   7.04160093303e-010             -1.918011753943e-009
   7.14219523207e-010             -1.896443269395e-009
   7.24278953111e-010             -1.863124563879e-009
   7.34338383016e-010             -1.804452852424e-009
   7.44397812920e-010             -1.834251732854e-009
   7.54457242824e-010             -1.840418055792e-009
   7.64516672729e-010             -1.852829784925e-009
   7.74576102633e-010             -1.828323745135e-009
   7.84635532537e-010             -1.862145327110e-009
   7.94694962442e-010             -1.807734342291e-009
   8.04754392346e-010             -1.819643350029e-009
   8.14813822250e-010             -1.853491448154e-009
   8.24873252155e-010             -1.820410922793e-009
   8.34932682059e-010             -1.802653165656e-009
   8.44992111963e-010             -1.810830684303e-009
   8.55051541868e-010             -1.825412706043e-009
   8.65110971772e-010             -1.831287816527e-009
   8.75170401676e-010             -1.840206236723e-009
   8.85229831580e-010             -1.800377273644e-009
   8.95289261485e-010             -1.810619020298e-009
   9.05348691389e-010             -1.783201786351e-009
   9.15408121293e-010             -1.830149792988e-009
   9.25467551198e-010             -1.810222053373e-009
   9.35526981102e-010             -1.782884212811e-009
   9.45586411006e-010             -1.747792336678e-009
   9.55645840911e-010             -1.767878863062e-009
   9.65705270815e-010             -1.749327327141e-009
   9.75764700719e-010             -1.768964009366e-009
   9.85824130624e-010             -1.860319279257e-009
   9.95883560528e-010             -1.887604087519e-009
   1.00594299043e-009             -1.896257966475e-009
   1.01600242034e-009             -1.842482283800e-009
   1.02606185024e-009             -1.862013056490e-009
   1.03612128015e-009             -1.860133976337e-009
   1.04618071005e-009             -1.907134860209e-009
   1.05624013995e-009             -1.905150025586e-009
   1.06629956986e-009             -1.952256818992e-009
   1.07635899976e-009             -1.921584456264e-009
   1.08641842967e-009             -1.927195025508e-009
   1.09647785957e-009             -1.926057001969e-009
   1.10653728948e-009             -1.911236955140e-009
   1.11659671938e-009             -1.866353176511e-009
   1.12665614928e-009             -1.887577726434e-009
   1.13671557919e-009             -1.819220022019e-009
   1.14677500909e-009             -1.819749259564e-009
   1.15683443900e-009             -1.811015987223e-009
   1.16689386890e-009             -1.849071934749e-009
   1.17695329881e-009             -1.814853385849e-009
   1.18701272871e-009             -1.833854765929e-009
   1.19707215861e-009             -1.872704647304e-009
   1.20713158852e-009             -1.812418552001e-009
   1.21719101842e-009             -1.816626401402e-009
   1.22725044833e-009             -1.804849819349e-009
   1.23730987823e-009             -1.837930344710e-009
   1.24736930814e-009             -1.819352292639e-009
   1.25742873804e-009             -1.842402890415e-009
   1.26748816794e-009             -1.865823938966e-009
   1.27754759785e-009             -1.896363876010e-009
   1.28760702775e-009             -1.862304113880e-009
   1.29766645766e-009             -1.908352277133e-009
   1.30772588756e-009             -1.895966909085e-009
   1.31778531747e-009             -1.839703515328e-009
   1.32784474737e-009             -1.873657367923e-009
   1.33790417728e-009             -1.889324380902e-009
   1.34796360718e-009             -1.890224069221e-009
   1.35802303708e-009             -1.880935043186e-009
   1.36808246699e-009             -1.903720944657e-009
   1.37814189689e-009             -1.923463536417e-009
   1.38820132680e-009             -1.946434585743e-009
   1.39826075670e-009             -1.935187241235e-009
   1.40832018661e-009             -1.939501000171e-009
   1.41837961651e-009             -1.954426956535e-009
   1.42843904641e-009             -1.971628804912e-009
   1.43849847632e-009             -1.944873234195e-009
   1.44855790622e-009             -1.923675200422e-009
   1.45861733613e-009             -1.951833335918e-009
   1.46867676603e-009             -1.946646404813e-009
   1.47873619594e-009             -2.020720432942e-009
   1.48879562584e-009             -2.030168245747e-009
   1.49885505574e-009             -2.015692133542e-009
   1.50891448565e-009             -2.058591077548e-009
   1.51897391555e-009             -1.949054567446e-009
   1.52903334546e-009             -1.924760191661e-009
   1.53909277536e-009             -1.883608057188e-009
   1.54915220527e-009             -1.912216036843e-009
   1.55921163517e-009             -1.940162508335e-009
   1.56927106507e-009             -1.920737645180e-009
   1.57933049498e-009             -1.890144675836e-009
   1.58938992488e-009             -1.881490796880e-009
   1.59944935479e-009             -1.876939012855e-009
   1.60950878469e-009             -1.851056769372e-009
   1.61956821460e-009             -1.888556808138e-009
   1.62962764450e-009             -1.845843167052e-009
   1.63968707440e-009             -1.863256834499e-009
   1.64974650431e-009             -1.860001705717e-009
   1.65980593421e-009             -1.824089379584e-009
   1.66986536412e-009             -1.888239234598e-009
   1.67992479402e-009             -1.876542045930e-009
   1.68998422393e-009             -1.947625486517e-009
   1.70004365383e-009             -1.994891066694e-009
   1.71010308374e-009             -1.998887252090e-009
   1.72016251364e-009             -1.965727178278e-009
   1.73022194354e-009             -1.935266634620e-009
   1.74028137345e-009             -1.927274418893e-009
   1.75034080335e-009             -1.969194126130e-009
   1.76040023326e-009             -1.974222270465e-009
   1.77045966316e-009             -2.007594008280e-009
   1.78051909307e-009             -2.005609173658e-009
   1.79057852297e-009             -2.049010839058e-009
   1.80063795287e-009             -2.028474468514e-009
   1.81069738278e-009             -2.009420056134e-009
   1.82075681268e-009             -2.023525562499e-009
   1.83081624259e-009             -2.042474220410e-009
   1.84087567249e-009             -1.999231186714e-009
   1.85093510240e-009             -1.962577959032e-009
   1.86099453230e-009             -1.959216920715e-009
   1.87105396220e-009             -1.985840220813e-009
   1.88111339211e-009             -2.018788475554e-009
   1.89117282201e-009             -1.987957326056e-009
   1.90123225192e-009             -1.948948812976e-009
   1.91129168182e-009             -1.933467102917e-009
   1.92135111173e-009             -1.919467351021e-009
   1.93141054163e-009             -1.933599373537e-009
   1.94146997153e-009             -1.866908930205e-009
   1.95152940144e-009             -1.902635953418e-009
   1.96158883134e-009             -1.845710896432e-009
   1.97164826125e-009             -1.859340042488e-009
   1.98170769115e-009             -1.836977624091e-009
   1.99176712106e-009             -1.882999271194e-009
   2.00182655096e-009             -1.927247902743e-009
   2.01188598086e-009             -1.912533610383e-009
   2.02194541077e-009             -1.935504814775e-009
   2.03200484067e-009             -1.876171440091e-009
   2.04206427058e-009             -1.882470033649e-009
   2.05212370048e-009             -1.915762378080e-009
   2.06218313039e-009             -1.890091798601e-009
   2.07224256029e-009             -1.981844035417e-009
   2.08230199019e-009             -2.031147327451e-009
   2.09236142010e-009             -1.996981810851e-009
   2.10242085000e-009             -1.953024236692e-009
   2.11248027991e-009             -2.005265083968e-009
   2.12253970981e-009             -1.961757509033e-009
   2.13259913972e-009             -1.950060320365e-009
   2.14265856962e-009             -1.983008575106e-009
   2.15271799953e-009             -1.978218455861e-009
   2.16277742943e-009             -1.960725395029e-009
   2.17283685933e-009             -1.921161128254e-009
   2.18289628924e-009             -1.924257470266e-009
   2.19295571914e-009             -1.953103630076e-009
   2.20301514905e-009             -1.933890430926e-009
   2.21307457895e-009             -1.987163392206e-009
   2.22313400886e-009             -1.989836406209e-009
   2.23319343876e-009             -1.948128362977e-009
   2.24325286866e-009             -1.934869667695e-009
   2.25331229857e-009             -1.905811688815e-009
   2.26337172847e-009             -1.952124548373e-009
   2.27343115838e-009             -1.976048318318e-009
   2.28349058828e-009             -1.958555412551e-009
   2.29355001819e-009             -1.945402471739e-009
   2.30360944809e-009             -1.952415605762e-009
   2.31366887799e-009             -1.889985889066e-009
   2.32372830790e-009             -1.859022468948e-009
   2.33378773780e-009             -1.830017522368e-009
   2.34384716771e-009             -1.849389508288e-009
   2.35390659761e-009             -1.811968707842e-009
   2.36396602752e-009             -1.846557707516e-009
   2.37402545742e-009             -1.806993440742e-009
   2.38408488732e-009             -1.802917861961e-009
   2.39414431723e-009             -1.779629084030e-009
   2.40420374713e-009             -1.796963358092e-009
   2.41426317704e-009             -1.836686566701e-009
   2.42432260694e-009             -1.861854269720e-009
   2.43438203685e-009             -1.843540758889e-009
   2.44444146675e-009             -1.845737412582e-009
   2.45450089665e-009             -1.875589325311e-009
   2.46456032656e-009             -1.892420722914e-009
   2.47461975646e-009             -1.931402874909e-009
   2.48467918637e-009             -1.979885716944e-009
   2.49473861627e-009             -2.016036223232e-009
   2.50479804618e-009             -1.926136395354e-009
   2.51485747608e-009             -1.983140845726e-009
   2.52491690599e-009             -1.980282683869e-009
   2.53497633589e-009             -1.945773077579e-009
   2.54503576579e-009             -1.956358758858e-009
   2.55509519570e-009             -1.959375707485e-009
   2.56515462560e-009             -1.951833335918e-009
   2.57521405551e-009             -1.915629952395e-009
   2.58527348541e-009             -1.913168757463e-009
   2.59533291532e-009             -1.954109382996e-009
   2.60539234522e-009             -1.899142644482e-009
   2.61545177512e-009             -1.920181891485e-009
   2.62551120503e-009             -1.887392423514e-009
   2.63557063493e-009             -1.867094233125e-009
   2.64563006484e-009             -1.871222689141e-009
   2.65568949474e-009             -1.867861650824e-009
   2.66574892465e-009             -1.869211338368e-009
   2.67580835455e-009             -1.840153359488e-009
   2.68586778445e-009             -1.844916962583e-009
   2.69592721436e-009             -1.829752826063e-009
   2.70598664426e-009             -1.843170308115e-009
   2.71604607417e-009             -1.812868551226e-009
   2.72610550407e-009             -1.794528679310e-009
   2.73616493398e-009             -1.743425700507e-009
   2.74622436388e-009             -1.767905379212e-009
   2.75628379378e-009             -1.804294065655e-009
   2.76634322369e-009             -1.782434368652e-009
   2.77640265359e-009             -1.786112980508e-009
   2.78646208350e-009             -1.776532742018e-009
   2.79652151340e-009             -1.826418303897e-009
   2.80658094331e-009             -1.822554544186e-009
   2.81664037321e-009             -1.846160740591e-009
   2.82669980311e-009             -1.875880382701e-009
   2.83675923302e-009             -1.828138442215e-009
   2.84681866292e-009             -1.828270867900e-009
   2.85687809283e-009             -1.823771806044e-009
   2.86693752273e-009             -1.864130161733e-009
   2.87699695264e-009             -1.934102249996e-009
   2.88705638254e-009             -1.967262168742e-009
   2.89711581245e-009             -1.943814604041e-009
   2.90717524235e-009             -1.962128114872e-009
   2.91723467225e-009             -1.897766440788e-009
   2.92729410216e-009             -1.912269069144e-009
   2.93735353206e-009             -1.894802524462e-009
   2.94741296197e-009             -1.921346276109e-009
   2.95747239187e-009             -1.934393307386e-009
   2.96753182178e-009             -1.874133728233e-009
   2.97759125168e-009             -1.833246135000e-009
   2.98765068158e-009             -1.853914931229e-009
   2.99771011149e-009             -1.833590224689e-009
   3.00776954139e-009             -1.833722495309e-009
   3.01782897130e-009             -1.856243700476e-009
   3.02788840120e-009             -1.801647567802e-009
   3.03794783111e-009             -1.739509063561e-009
   3.04800726101e-009             -1.711350773000e-009
   3.05806669091e-009             -1.714235451007e-009
   3.06812612082e-009             -1.719422537177e-009
   3.07818555072e-009             -1.800509544263e-009
   3.08824498063e-009             -1.800297880259e-009
   3.09830441053e-009             -1.765047217355e-009
   3.10836384044e-009             -1.746283862364e-009
   3.11842327034e-009             -1.713970754702e-009
   3.12848270024e-009             -1.723709779962e-009
   3.13854213015e-009             -1.684701111818e-009
   3.14860156005e-009             -1.700421002031e-009
   3.15866098996e-009             -1.727785203678e-009
   3.16872041986e-009             -1.690020468607e-009
   3.17877984977e-009             -1.683483694894e-009
   3.18883927967e-009             -1.679514025648e-009
   3.19889870957e-009             -1.745278264510e-009
   3.20895813948e-009             -1.767084929213e-009
   3.21901756938e-009             -1.774733210315e-009
   3.22907699929e-009             -1.771398688148e-009
   3.23913642919e-009             -1.810116143838e-009
   3.24919585910e-009             -1.821337127262e-009
   3.25925528900e-009             -1.833537192389e-009
   3.26931471891e-009             -1.901789142334e-009
   3.27937414881e-009             -1.957655569167e-009
   3.28943357871e-009             -1.948181240212e-009
   3.29949300862e-009             -1.954453317620e-009
   3.30955243852e-009             -1.980838437563e-009
   3.31961186843e-009             -1.981658887562e-009
   3.32967129833e-009             -1.967870799671e-009
   3.33973072824e-009             -1.948181240212e-009
   3.34979015814e-009             -1.952600908682e-009
   3.35984958804e-009             -1.945084898200e-009
   3.36990901795e-009             -1.990762610678e-009
   3.37996844785e-009             -1.945455504039e-009
   3.39002787776e-009             -1.924151560731e-009
   3.40008730766e-009             -1.925660035045e-009
   3.41014673757e-009             -1.958581773636e-009
   3.42020616747e-009             -2.013998356309e-009
   3.43026559737e-009             -2.022493448495e-009
   3.44032502728e-009             -1.998860735939e-009
   3.45038445718e-009             -1.966282931973e-009
   3.46044388709e-009             -1.987295817891e-009
   3.47050331699e-009             -2.035646389307e-009
   3.48056274690e-009             -2.127610290127e-009
   3.49062217680e-009             -2.183794445564e-009
   3.50068160670e-009             -2.245800679186e-009
   3.51074103661e-009             -2.251649273520e-009
   3.52080046651e-009             -1.978218455861e-009
   3.53085989642e-009             -1.932223169843e-009
   3.54091932632e-009             -1.874689481927e-009
   3.55097875623e-009             -1.893399804618e-009
   3.56103818613e-009             -1.907293646979e-009
   3.57109761603e-009             -1.910919381600e-009
   3.58115704594e-009             -1.952918482222e-009
   3.59121647584e-009             -1.988883685590e-009
   3.60127590575e-009             -1.978774209555e-009
   3.61133533565e-009             -1.951224704988e-009
   3.62139476556e-009             -1.983299632495e-009
   3.63145419546e-009             -1.989280652514e-009
   3.64151362537e-009             -2.003465552265e-009
   3.65157305527e-009             -2.003809641954e-009
   3.66163248517e-009             -2.022652235265e-009
   3.67169191508e-009             -1.975942563848e-009
   3.68175134498e-009             -2.055944579696e-009
   3.69181077489e-009             -2.011828373831e-009
   3.70187020479e-009             -2.031067934066e-009
   3.71192963470e-009             -2.081879700414e-009
   3.72198906460e-009             -2.033132162074e-009
   3.73204849450e-009             -1.980891314798e-009
   3.74210792441e-009             -1.972687435066e-009
   3.75216735431e-009             -1.921558095179e-009
   3.76222678422e-009             -1.941379925259e-009
   3.77228621412e-009             -1.940347811255e-009
   3.78234564403e-009             -1.944449751120e-009
   3.79240507393e-009             -1.934737397075e-009
   3.80246450383e-009             -1.955644218394e-009
   3.81252393374e-009             -2.001083750717e-009
   3.82258336364e-009             -1.985999007583e-009
   3.83264279355e-009             -2.034137914993e-009
   3.84270222345e-009             -2.044538448418e-009
   3.85276165336e-009             -2.094132797841e-009
   3.86282108326e-009             -2.068859185287e-009
   3.87288051316e-009             -2.139572330165e-009
   3.88293994307e-009             -2.200202360092e-009
   3.89299937297e-009             -2.251172913210e-009
   3.90305880288e-009             -2.207612461040e-009
   3.91311823278e-009             -2.306271922343e-009
   3.92317766269e-009             -2.320668641164e-009
   3.93323709259e-009             -2.383865775559e-009
   3.94329652249e-009             -2.363329249950e-009
   3.95335595240e-009             -2.391752081750e-009
   3.96341538230e-009             -2.431792863899e-009
   3.97347481221e-009             -2.429755152041e-009
   3.98353424211e-009             -2.485251128099e-009
   3.99359367202e-009             -2.551412178821e-009
   4.00365310192e-009             -2.557896075300e-009
   4.01371253183e-009             -2.598942455302e-009
   4.02377196173e-009             -2.599392299462e-009
   4.03383139163e-009             -2.671243312813e-009
   4.04389082154e-009             -2.637395214688e-009
   4.05395025144e-009             -2.630196932810e-009
   4.06400968135e-009             -2.603838329017e-009
   4.07406911125e-009             -2.648219231187e-009
   4.08412854116e-009             -2.723801733629e-009
   4.09418797106e-009             -2.647716354727e-009
   4.10424740096e-009             -2.676456760068e-009
   4.11430683087e-009             -2.598466094993e-009
   4.12436626077e-009             -2.537544852611e-009
   4.13442569068e-009             -2.496101505683e-009
   4.14448512058e-009             -2.465217478950e-009
   4.15454455049e-009             -2.439255842082e-009
   4.16460398039e-009             -2.354331436369e-009
   4.17466341029e-009             -2.321780148552e-009
   4.18472284020e-009             -2.247203243964e-009
   4.19478227010e-009             -2.277849090543e-009
   4.20484170001e-009             -2.298597280156e-009
   4.21490112991e-009             -2.262737831258e-009
   4.22496055982e-009             -2.272476856518e-009
   4.23501998972e-009             -2.219124501853e-009
   4.24507941962e-009             -2.209094419203e-009
   4.25513884953e-009             -2.166116081812e-009
   4.26519827943e-009             -2.134702817535e-009
   4.27525770934e-009             -2.176384344617e-009
   4.28531713924e-009             -2.207718215510e-009
   4.29537656915e-009             -2.200387663012e-009
   4.30543599905e-009             -2.212958178914e-009
   4.31549542895e-009             -2.224179162338e-009
   4.32555485886e-009             -2.240692986401e-009
   4.33561428876e-009             -2.152910418831e-009
   4.34567371867e-009             -2.117500969158e-009
   4.35573314857e-009             -2.113610693297e-009
   4.36579257848e-009             -2.183132782335e-009
   4.37585200838e-009             -2.195306486378e-009
   4.38591143829e-009             -2.255963032455e-009
   4.39597086819e-009             -2.237940734079e-009
   4.40603029809e-009             -2.258768162012e-009
   4.41608972800e-009             -2.279542867776e-009
   4.42614915790e-009             -2.328184496581e-009
   4.43620858781e-009             -3.060535595218e-009
   4.44626801771e-009             -3.551160197863e-009
   4.45632744762e-009             -3.405605607158e-009
   4.46638687752e-009             -3.336030640884e-009
   4.47644630742e-009             -3.323327699298e-009
   4.48650573733e-009             -3.358842903441e-009
   4.49656516723e-009             -3.307607809084e-009
   4.50662459714e-009             -3.276697266200e-009
   4.51668402704e-009             -3.264126595233e-009
   4.52674345695e-009             -3.209768642714e-009
   4.53680288685e-009             -3.100443951682e-009
   4.54686231675e-009             -3.052834436881e-009
   4.55692174666e-009             -3.057095163516e-009
   4.56698117656e-009             -3.013825768736e-009
   4.57704060647e-009             -2.934564654437e-009
   4.58710003637e-009             -2.896085378902e-009
   4.59715946628e-009             -2.888013769790e-009
   4.60721889618e-009             -2.903045480625e-009
   4.61727832608e-009             -2.988605188482e-009
   4.62733775599e-009             -2.973546806432e-009
   4.63739718589e-009             -2.854403851820e-009
   4.64745661580e-009             -2.903654266619e-009
   4.65751604570e-009             -2.864857262479e-009
   4.66757547561e-009             -2.834687776210e-009
   4.67763490551e-009             -2.844664981625e-009
   4.68769433541e-009             -2.956741924979e-009
   4.69775376532e-009             -2.517352416691e-009
   4.70781319522e-009             -2.509915954659e-009
   4.71787262513e-009             -2.512641845896e-009
   4.72793205503e-009             -2.494566515220e-009
   4.73799148494e-009             -2.475512102839e-009
   4.74805091484e-009             -2.405513653491e-009
   4.75811034475e-009             -2.373994479679e-009
   4.76816977465e-009             -2.315111104219e-009
   4.77822920455e-009             -2.385453643257e-009
   4.78828863446e-009             -2.307912667277e-009
   4.79834806436e-009             -2.317598660237e-009
   4.80840749427e-009             -2.277901967777e-009
   4.81846692417e-009             -2.211687884756e-009
   4.82852635408e-009             -2.193850889299e-009
   4.83858578398e-009             -2.165613360418e-009
   4.84864521388e-009             -2.183132782335e-009
   4.85870464379e-009             -2.160188094094e-009
   4.86876407369e-009             -2.158467955775e-009
   4.87882350360e-009             -2.171064987827e-009
   4.88888293350e-009             -2.420651273861e-009
   4.89894236341e-009             -2.421418846625e-009
   4.90900179331e-009             -2.412923754439e-009
   4.91906122321e-009             -2.363196979330e-009
   4.92912065312e-009             -2.362244258711e-009
   4.93918008302e-009             -2.348509203120e-009
   4.94923951293e-009             -2.284385864256e-009
   4.95929894283e-009             -2.314158383600e-009
   4.96935837274e-009             -2.376905518771e-009
   4.97941780264e-009             -2.423483074633e-009
   4.98947723254e-009             -2.497027710152e-009
   4.99953666245e-009             -2.729862147033e-009
   5.00959609235e-009             -3.181266417529e-009
   5.01965552226e-009             -3.125373474546e-009
   5.02971495216e-009             -3.166816821473e-009
   5.03977438207e-009             -3.232739847106e-009
   5.04983381197e-009             -3.155595838050e-009
   5.05989324187e-009             -3.092504613190e-009
   5.06995267178e-009             -2.971985454884e-009
   5.08001210168e-009             -3.041348757152e-009
   5.09007153159e-009             -3.108462683558e-009
   5.10013096149e-009             -3.116719595590e-009
   5.11019039140e-009             -3.071809455876e-009
   5.12024982130e-009             -3.018827551986e-009
   5.13030925121e-009             -2.811637333499e-009
   5.14036868111e-009             -2.770405650576e-009
   5.15042811101e-009             -2.652665260742e-009
   5.16048754092e-009             -2.628688458497e-009
   5.17054697082e-009             -2.483822047171e-009
   5.18060640073e-009             -2.372591914900e-009
   5.19066583063e-009             -2.283671323792e-009
   5.20072526054e-009             -2.227063840345e-009
   5.21078469044e-009             -2.185567461117e-009
   5.22084412034e-009             -2.100272604630e-009
   5.23090355025e-009             -2.044088449193e-009
   5.24096298015e-009             -1.997325745476e-009
   5.25102241006e-009             -1.925183674735e-009
   5.26108183996e-009             -1.920790522415e-009
   5.27114126987e-009             -1.944740963575e-009
   5.28120069977e-009             -1.965409604739e-009
   5.29126012967e-009             -2.013310331995e-009
   5.30131955958e-009             -1.982849788336e-009
   5.31137898948e-009             -2.017465304160e-009
   5.32143841939e-009             -2.030406425902e-009
   5.33149784929e-009             -1.962022205337e-009
   5.34155727920e-009             -1.968108979826e-009
   5.35161670910e-009             -2.013521995999e-009
   5.36167613900e-009             -2.019503016018e-009
   5.37173556891e-009             -2.024954643428e-009
   5.38179499881e-009             -2.078121850238e-009
   5.39185442872e-009             -2.000951480097e-009
   5.40191385862e-009             -2.073596427298e-009
   5.41197328853e-009             -2.083599993797e-009
   5.42203271843e-009             -2.068091767588e-009
   5.43209214833e-009             -2.075819442075e-009
   5.44215157824e-009             -2.147299849587e-009
   5.45221100814e-009             -2.137799159547e-009
   5.46227043805e-009             -2.150793158523e-009
   5.47232986795e-009             -2.073252337608e-009
   5.48238929786e-009             -2.099796244321e-009
   5.49244872776e-009             -2.191839538526e-009
   5.50250815766e-009             -2.208988509668e-009
   5.51256758757e-009             -2.210073655972e-009
   5.52262701747e-009             -2.173684969530e-009
   5.53268644738e-009             -2.174399509994e-009
   5.54274587728e-009             -2.116018855929e-009
   5.55280530719e-009             -2.048640388283e-009
   5.56286473709e-009             -2.128510133511e-009
   5.57292416700e-009             -2.118427173627e-009
   5.58298359690e-009             -2.091539332289e-009
   5.59304302680e-009             -2.059067437858e-009
   5.60310245671e-009             -2.070844019910e-009
   5.61316188661e-009             -2.055653522306e-009
   5.62322131652e-009             -2.070738265441e-009
   5.63328074642e-009             -2.086960877049e-009
   5.64334017633e-009             -2.102707283413e-009
   5.65339960623e-009             -2.050254772132e-009
   5.66345903613e-009             -2.086484516739e-009
   5.67351846604e-009             -2.033343981144e-009
   5.68357789594e-009             -2.078651087782e-009
   5.69363732585e-009             -2.154021926220e-009
   5.70369675575e-009             -2.177575245391e-009
   5.71375618566e-009             -2.194750732683e-009
   5.72381561556e-009             -2.195412240847e-009
   5.73387504546e-009             -2.149258323125e-009
   5.74393447537e-009             -2.204568996263e-009
   5.75399390527e-009             -2.191442571601e-009
   5.76405333518e-009             -2.250061405821e-009
   5.77411276508e-009             -2.390270123587e-009
   5.78417219499e-009             -2.444681108406e-009
   5.79423162489e-009             -2.394795546527e-009
   5.80429105479e-009             -2.411706337515e-009
   5.81435048470e-009             -2.484298407480e-009
   5.82440991460e-009             -2.490305788584e-009
   5.83446934451e-009             -2.438911752392e-009
   5.84452877441e-009             -2.460189179550e-009
   5.85458820432e-009             -2.415437826606e-009
   5.86464763422e-009             -2.418640078153e-009
   5.87470706412e-009             -2.486944750267e-009
   5.88476649403e-009             -2.481096155934e-009
   5.89482592393e-009             -2.469822295275e-009
   5.90488535384e-009             -2.485780365644e-009
   5.91494478374e-009             -2.464105971561e-009
   5.92500421365e-009             -2.467599280497e-009
   5.93506364355e-009             -2.383627595404e-009
   5.94512307346e-009             -2.425361999721e-009
   5.95518250336e-009             -2.379260959233e-009
   5.96524193326e-009             -2.387385445580e-009
   5.97530136317e-009             -2.322918017026e-009
   5.98536079307e-009             -2.344857107414e-009
   5.99542022298e-009             -2.359862457163e-009
   6.00547965288e-009             -2.385956364651e-009
   6.01553908279e-009             -2.370395261207e-009
   6.02559851269e-009             -2.340622741863e-009
   6.03565794259e-009             -2.331122051823e-009
   6.04571737250e-009             -2.363699855789e-009
   6.05577680240e-009             -2.313867171145e-009
   6.06583623231e-009             -2.305610259114e-009
   6.07589566221e-009             -2.309209477585e-009
   6.08595509212e-009             -2.361185628557e-009
   6.09601452202e-009             -2.473606661601e-009
   6.10607395192e-009             -2.483345686861e-009
   6.11613338183e-009             -2.566893888880e-009
   6.12619281173e-009             -2.495651661524e-009
   6.13625224164e-009             -2.501420862473e-009
   6.14631167154e-009             -2.553529439129e-009
   6.15637110145e-009             -2.592326288204e-009
   6.16643053135e-009             -2.542599513095e-009
   6.17648996125e-009             -2.551438694971e-009
   6.18654939116e-009             -2.474533021135e-009
   6.19660882106e-009             -2.453308471212e-009
   6.20666825097e-009             -2.410356649971e-009
   6.21672768087e-009             -2.318128052846e-009
   6.22678711078e-009             -2.341019708788e-009
   6.23684654068e-009             -2.447062909954e-009
   6.24690597058e-009             -2.494169548295e-009
   6.25696540049e-009             -2.448571384267e-009
   6.26702483039e-009             -2.377461272465e-009
   6.27708426030e-009             -2.414405712602e-009
   6.28714369020e-009             -2.445660190110e-009
   6.29720312011e-009             -2.521507388857e-009
   6.30726255001e-009             -2.513038812821e-009
   6.31732197992e-009             -2.542811332165e-009
   6.32738140982e-009             -2.512086092202e-009
   6.33744083972e-009             -2.476359068989e-009
   6.34750026963e-009             -2.467175797423e-009
   6.35755969953e-009             -2.490967451813e-009
   6.36761912944e-009             -2.526562049342e-009
   6.37767855934e-009             -2.494381367365e-009
   6.38773798925e-009             -2.452302873358e-009
   6.39779741915e-009             -2.430390299121e-009
   6.40785684905e-009             -2.421948084169e-009
   6.41791627896e-009             -2.429860906511e-009
   6.42797570886e-009             -2.286053125339e-009
   6.43803513877e-009             -2.220182976942e-009
   6.44809456867e-009             -2.228360495588e-009
   6.45815399858e-009             -2.238840422398e-009
   6.46821342848e-009             -2.234394392842e-009
   6.47827285838e-009             -2.249188078587e-009
   6.48833228829e-009             -2.314237776985e-009
   6.49839171819e-009             -2.326437842113e-009
   6.50845114810e-009             -2.525212361798e-009
   6.51851057800e-009             -2.548739319884e-009
   6.52857000791e-009             -2.606405433485e-009
   6.53862943781e-009             -2.593093705903e-009
   6.54868886771e-009             -2.528070523655e-009
   6.55874829762e-009             -2.598016095768e-009
   6.56880772752e-009             -2.534316239979e-009
   6.57886715743e-009             -2.576130037681e-009
   6.58892658733e-009             -2.597910341299e-009
   6.59898601724e-009             -2.580602583386e-009
   6.60904544714e-009             -2.584598613717e-009
   6.61910487704e-009             -2.610083890276e-009
   6.62916430695e-009             -2.605055745941e-009
   6.63922373685e-009             -2.586689357875e-009
   6.64928316676e-009             -2.628344368807e-009
   6.65934259666e-009             -2.572636728744e-009
   6.66940202657e-009             -2.503008730171e-009
   6.67946145647e-009             -2.487685806882e-009
   6.68952088638e-009             -2.468869574656e-009
   6.69958031628e-009             -2.545907674177e-009
   6.70963974618e-009             -2.520660577773e-009
   6.71969917609e-009             -2.535983501062e-009
   6.72975860599e-009             -2.524365550714e-009
   6.73981803590e-009             -2.478370264696e-009
   6.74987746580e-009             -2.420995363550e-009
   6.75993689571e-009             -2.394874939912e-009
   6.76999632561e-009             -2.403740482873e-009
   6.78005575551e-009             -2.394398579603e-009
   6.79011518542e-009             -2.362455922716e-009
   6.80017461532e-009             -2.331122051823e-009
   6.81023404523e-009             -2.364281970569e-009
   6.82029347513e-009             -2.367960582425e-009
   6.83035290504e-009             -2.375132503218e-009
   6.84041233494e-009             -2.384024562328e-009
   6.85047176484e-009             -2.417290390609e-009
   6.86053119475e-009             -2.404613810107e-009
   6.87059062465e-009             -2.378149451845e-009
   6.88065005456e-009             -2.421312937090e-009
   6.89070948446e-009             -2.454711035991e-009
   6.90076891437e-009             -2.440684923010e-009
   6.91082834427e-009             -2.446851090884e-009
   6.92088777417e-009             -2.499065577075e-009
   6.93094720408e-009             -2.484827645025e-009
   6.94100663398e-009             -2.330857355518e-009
   6.95106606389e-009             -2.253475321373e-009
   6.96112549379e-009             -2.268004310813e-009
   6.97118492370e-009             -2.270333235125e-009
   6.98124435360e-009             -2.235400145761e-009
   6.99130378350e-009             -2.193083471600e-009
   7.00136321341e-009             -2.193665586379e-009
   7.01142264331e-009             -2.263320101103e-009
   7.02148207322e-009             -2.348535719270e-009
   7.03154150312e-009             -2.348720867125e-009
   7.04160093303e-009             -2.384686070493e-009
   7.05166036293e-009             -2.364123183799e-009
   7.06171979284e-009             -2.355019460683e-009
   7.07177922274e-009             -2.309765231280e-009
   7.08183865264e-009             -2.322600443486e-009
   7.09189808255e-009             -2.376217494456e-009
   7.10195751245e-009             -2.426764564499e-009
   7.11201694236e-009             -2.430998930050e-009
   7.12207637226e-009             -2.442960815023e-009
   7.13213580217e-009             -2.372089038441e-009
   7.14219523207e-009             -2.383495169719e-009
   7.15225466197e-009             -2.142695033261e-009
   7.16231409188e-009             -2.154127680690e-009
   7.17237352178e-009             -2.158070988851e-009
   7.18243295169e-009             -2.188055172200e-009
   7.19249238159e-009             -2.194036192219e-009
   7.20255181150e-009             -2.181915365411e-009
   7.21261124140e-009             -2.185276403728e-009
   7.22267067130e-009             -2.168577276745e-009
   7.23273010121e-009             -2.187155328816e-009
   7.24278953111e-009             -2.323129836096e-009
   7.25284896102e-009             -2.403370032098e-009
   7.26290839092e-009             -2.366954984571e-009
   7.27296782083e-009             -2.331201445208e-009
   7.28302725073e-009             -2.285073888570e-009
   7.29308668063e-009             -2.329984028284e-009
   7.30314611054e-009             -2.412976631674e-009
   7.31320554044e-009             -2.434068755912e-009
   7.32326497035e-009             -2.488929584890e-009
   7.33332440025e-009             -2.458495557382e-009
   7.34338383016e-009             -2.366690288266e-009
   7.35344326006e-009             -2.460109786165e-009
   7.36350268996e-009             -2.470880925429e-009
   7.37356211987e-009             -2.455663756610e-009
   7.38362154977e-009             -2.457304656608e-009
   7.39368097968e-009             -2.437006311154e-009
   7.40374040958e-009             -2.433671788987e-009
   7.41379983949e-009             -2.292139899828e-009
   7.42385926939e-009             -2.328105103196e-009
   7.43391869930e-009             -2.262367380483e-009
   7.44397812920e-009             -2.219891919552e-009
   7.45403755910e-009             -2.221744483555e-009
   7.46409698901e-009             -2.160664454403e-009
   7.47415641891e-009             -2.131871171828e-009
   7.48421584882e-009             -2.190040006823e-009
   7.49427527872e-009             -2.198932065934e-009
   7.50433470863e-009             -2.211529097986e-009
   7.51439413853e-009             -2.178766146164e-009
   7.52445356843e-009             -2.208618058894e-009
   7.53451299834e-009             -2.240904650405e-009
   7.54457242824e-009             -2.192210144366e-009
   7.55463185815e-009             -2.234447425142e-009
   7.56469128805e-009             -2.263822977562e-009
   7.57475071796e-009             -2.286926452573e-009
   7.58481014786e-009             -2.302408162632e-009
   7.59486957776e-009             -2.284227077486e-009
   7.60492900767e-009             -2.343348633100e-009
   7.61498843757e-009             -2.319027741165e-009
   7.62504786748e-009             -2.292933833677e-009
   7.63510729738e-009             -2.266072353425e-009
   7.64516672729e-009             -2.260329668626e-009
   7.65522615719e-009             -2.281712850254e-009
   7.66528558709e-009             -2.263055404798e-009
   7.67534501700e-009             -2.194459520228e-009
   7.68540444690e-009             -2.069944331591e-009
   7.69546387681e-009             -2.125572578269e-009
   7.70552330671e-009             -2.134517514615e-009
   7.71558273662e-009             -2.138593093396e-009
   7.72564216652e-009             -2.086008156430e-009
   7.73570159642e-009             -2.210788196437e-009
   7.74576102633e-009             -2.201922498411e-009
   7.75582045623e-009             -2.188346229590e-009
   7.76587988614e-009             -2.172017708446e-009
   7.77593931604e-009             -2.183212175720e-009
   7.78599874595e-009             -2.176252073997e-009
   7.79605817585e-009             -2.122767293647e-009
   7.80611760576e-009             -2.161749445642e-009
   7.81617703566e-009             -2.140207477244e-009
   7.82623646556e-009             -2.185514583883e-009
   7.83629589547e-009             -2.150369830514e-009
   7.84635532537e-009             -2.157224022702e-009
   7.85641475528e-009             -2.142218672952e-009
   7.86647418518e-009             -2.164660639799e-009
   7.87653361509e-009             -2.130706632139e-009
   7.88659304499e-009             -2.118215509622e-009
   7.89665247489e-009             -2.178872055699e-009
   7.90671190480e-009             -2.174161329839e-009
   7.91677133470e-009             -2.167174711966e-009
   7.92683076461e-009             -2.239951929786e-009
   7.93689019451e-009             -2.207188977965e-009
   7.94694962442e-009             -2.181068554327e-009
   7.95700905432e-009             -2.221162213711e-009
   7.96706848422e-009             -2.177284188001e-009
   7.97712791413e-009             -2.226375660965e-009
   7.98718734403e-009             -2.175907984307e-009
   7.99724677394e-009             -2.143568360496e-009
   8.00730620384e-009             -2.147432275272e-009
   8.01736563375e-009             -2.179877653553e-009
   8.02742506365e-009             -2.113610693297e-009
   8.03748449355e-009             -2.143462606026e-009
   8.04754392346e-009             -2.127716199662e-009
   8.05760335336e-009             -2.088284203508e-009
   8.06766278327e-009             -2.085531796120e-009
   8.07772221317e-009             -2.081641520259e-009
   8.08778164308e-009             -2.099108064941e-009
   8.09784107298e-009             -2.143250786956e-009
   8.10790050288e-009             -2.139731116935e-009
   8.11795993279e-009             -2.183265052955e-009
   8.12801936269e-009             -2.154762827769e-009
   8.13807879260e-009             -2.107550279893e-009
   8.14813822250e-009             -2.062057870334e-009
   8.15819765241e-009             -2.049619625052e-009
   8.16825708231e-009             -2.040886352711e-009
   8.17831651221e-009             -2.012701701065e-009
   8.18837594212e-009             -1.984914016344e-009
   8.19843537202e-009             -2.010055203213e-009
   8.20849480193e-009             -2.012833971685e-009
   8.21855423183e-009             -2.013575028299e-009
   8.22861366174e-009             -1.970146846749e-009
   8.23867309164e-009             -1.978324365396e-009
   8.24873252155e-009             -1.978932996325e-009
   8.25879195145e-009             -1.976101350618e-009
   8.26885138135e-009             -1.960725395029e-009
   8.27891081126e-009             -1.943761726806e-009
   8.28897024116e-009             -1.952865449922e-009
   8.29902967107e-009             -1.958925863326e-009
   8.30908910097e-009             -2.036202143001e-009
   8.31914853088e-009             -2.086696335809e-009
   8.32920796078e-009             -2.083546961497e-009
   8.33926739068e-009             -2.047317216890e-009
   8.34932682059e-009             -2.024213741878e-009
   8.35938625049e-009             -2.029294918513e-009
   8.36944568040e-009             -2.046655553660e-009
   8.37950511030e-009             -2.096249903084e-009
   8.38956454021e-009             -2.119565197165e-009
   8.39962397011e-009             -2.044644202887e-009
   8.40968340001e-009             -2.067033137434e-009
   8.41974282992e-009             -2.030062336212e-009
   8.42980225982e-009             -2.041891950565e-009
   8.43986168973e-009             -2.071399773605e-009
   8.44992111963e-009             -1.927935927057e-009
   8.45998054954e-009             -1.914597838391e-009
   8.47003997944e-009             -1.966309448123e-009
   8.48009940934e-009             -1.922325512878e-009
   8.49015883925e-009             -1.952045154988e-009
   8.50021826915e-009             -1.989201259129e-009
   8.51027769906e-009             -1.972819705686e-009
   8.52033712896e-009             -2.015850920312e-009
   8.53039655887e-009             -1.993779559305e-009
   8.54045598877e-009             -1.963689466421e-009
   8.55051541867e-009             -1.990683217293e-009
   8.56057484858e-009             -1.922775357038e-009
   8.57063427848e-009             -1.928597590287e-009
   8.58069370839e-009             -1.982770394951e-009
   8.59075313829e-009             -1.994335312999e-009
   8.60081256820e-009             -1.962789623036e-009
   8.61087199810e-009             -2.036916683465e-009
   8.62093142801e-009             -1.979859200794e-009
   8.63099085791e-009             -1.984225836964e-009
   8.64105028781e-009             -1.963398409031e-009
   8.65110971772e-009             -1.969167609980e-009
   8.66116914762e-009             -1.988486718665e-009
   8.67122857753e-009             -1.985787343578e-009
   8.68128800743e-009             -1.948657600521e-009
   8.69134743734e-009             -2.003624339035e-009
   8.70140686724e-009             -1.998569678550e-009
   8.71146629714e-009             -2.036440323156e-009
   8.72152572705e-009             -2.081006373180e-009
   8.73158515695e-009             -2.063936795422e-009
   8.74164458686e-009             -2.075157778846e-009
   8.75170401676e-009             -2.049196141978e-009
   8.76176344667e-009             -2.037472437160e-009
   8.77182287657e-009             -2.053483384763e-009
   8.78188230647e-009             -2.068091767588e-009
   8.79194173638e-009             -2.039404239483e-009
   8.80200116628e-009             -2.088892834437e-009
   8.81206059619e-009             -2.101569259874e-009
   8.82212002609e-009             -2.048455085363e-009
   8.83217945600e-009             -2.026357363271e-009
   8.84223888590e-009             -2.013045635690e-009
   8.85229831580e-009             -2.034032005458e-009
   8.86235774571e-009             -1.970940780598e-009
   8.87241717561e-009             -1.924998371815e-009
   8.88247660552e-009             -1.918832203942e-009
   8.89253603542e-009             -1.852194637845e-009
   8.90259546533e-009             -1.907346679279e-009
   8.91265489523e-009             -1.906499713129e-009
   8.92271432513e-009             -1.902635953418e-009
   8.93277375504e-009             -1.898480981253e-009
   8.94283318494e-009             -1.903509280653e-009
   8.95289261485e-009             -1.935822388314e-009
   8.96295204475e-009             -1.941512195878e-009
   8.97301147466e-009             -2.084949681341e-009
   8.98307090456e-009             -2.031517933291e-009
   8.99313033447e-009             -2.073146428073e-009
   9.00318976437e-009             -2.017174091706e-009
   9.01324919427e-009             -2.048772658903e-009
   9.02330862418e-009             -2.066080416815e-009
   9.03336805408e-009             -2.084632107801e-009
   9.04342748399e-009             -2.112578579293e-009
   9.05348691389e-009             -2.125307881964e-009
   9.06354634380e-009             -2.094873854456e-009
   9.07360577370e-009             -2.121391245019e-009
   9.08366520360e-009             -2.082938330568e-009
   9.09372463351e-009             -2.116627641923e-009
   9.10378406341e-009             -2.230292452976e-009
   9.11384349332e-009             -2.231377444215e-009
   9.12390292322e-009             -2.252919567678e-009
   9.13396235313e-009             -2.329745848129e-009
   9.14402178303e-009             -2.281395276714e-009
   9.15408121293e-009             -2.293939431531e-009
   9.16414064284e-009             -2.258609375242e-009
   9.17420007274e-009             -2.288646590891e-009
   9.18425950265e-009             -2.305372078959e-009
   9.19431893255e-009             -2.316063824838e-009
   9.20437836246e-009             -2.278934081781e-009
   9.21443779236e-009             -2.309262354820e-009
   9.22449722226e-009             -2.224126285103e-009
   9.23455665217e-009             -2.194724216533e-009
   9.24461608207e-009             -2.176860704926e-009
   9.25467551198e-009             -2.187605328040e-009
   9.26473494188e-009             -2.129145280590e-009
   9.27479437179e-009             -2.079312751012e-009
   9.28485380169e-009             -2.094794461071e-009
   9.29491323159e-009             -2.068753430818e-009
   9.30497266150e-009             -2.127345748887e-009
   9.31503209140e-009             -2.176807827692e-009
   9.32509152131e-009             -2.244821442417e-009
   9.33515095121e-009             -2.291928235823e-009
   9.34521038112e-009             -2.226957930810e-009
   9.35526981102e-009             -2.202266588100e-009
   9.36532924093e-009             -2.252946083828e-009
   9.37538867083e-009             -2.285788429034e-009
   9.38544810073e-009             -2.312967482827e-009
   9.39550753064e-009             -2.283538898107e-009
   9.40556696054e-009             -2.244054024717e-009
   9.41562639045e-009             -2.262287987099e-009
   9.42568582035e-009             -2.293489587371e-009
   9.43574525026e-009             -2.325114670719e-009
   9.44580468016e-009             -2.335568081378e-009
   9.45586411006e-009             -2.323791344260e-009
   9.46592353997e-009             -2.343666206640e-009
   9.47598296987e-009             -2.313602629906e-009
   9.48604239978e-009             -2.320298035324e-009
   9.49610182968e-009             -2.340437594008e-009
   9.50616125959e-009             -2.381616244631e-009
   9.51622068949e-009             -2.415437826606e-009
   9.52628011939e-009             -2.457410411078e-009
   9.53633954930e-009             -2.453943618291e-009
   9.54639897920e-009             -2.445448526105e-009
   9.55645840911e-009             -2.404428662252e-009
   9.56651783901e-009             -2.435841926530e-009
   9.57657726892e-009             -2.459104188311e-009
   9.58663669882e-009             -2.488585650266e-009
   9.59669612872e-009             -2.442616880398e-009
   9.60675555863e-009             -2.429622726356e-009
   9.61681498853e-009             -2.428246677728e-009
   9.62687441844e-009             -2.443940051792e-009
   9.63693384834e-009             -2.398262339314e-009
   9.64699327825e-009             -2.267130983579e-009
   9.65705270815e-009             -2.176781311542e-009
   9.66711213805e-009             -2.186837755276e-009
   9.67717156796e-009             -2.197502985005e-009
   9.68723099786e-009             -2.180327497713e-009
   9.69729042777e-009             -2.219415559243e-009
   9.70734985767e-009             -2.193109832685e-009
   9.71740928758e-009             -2.240216626091e-009
   9.72746871748e-009             -2.270703685900e-009
   9.73752814739e-009             -2.457939803687e-009
   9.74758757729e-009             -2.433513002217e-009
   9.75764700719e-009             -2.445422009955e-009
   9.76770643710e-009             -2.429066972662e-009
   9.77776586700e-009             -2.505840375878e-009
   9.78782529691e-009             -2.494328335065e-009
   9.79788472681e-009             -2.518066957155e-009
   9.80794415672e-009             -2.590553117586e-009
   9.81800358662e-009             -2.629958752655e-009
   9.82806301652e-009             -2.600821380390e-009
   9.83812244643e-009             -2.635780985905e-009
   9.84818187633e-009             -2.671984369427e-009
   9.85824130624e-009             -2.640332769930e-009
   9.86830073614e-009             -2.603997115787e-009
   9.87836016605e-009             -2.593120222053e-009
   9.88841959595e-009             -2.520581184388e-009
   9.89847902585e-009             -2.581925754780e-009
   9.90853845576e-009             -2.632764037278e-009
   9.91859788566e-009             -2.617070508149e-009
   9.92865731557e-009             -2.627179984183e-009
   9.93871674547e-009             -2.629694056351e-009
   9.94877617538e-009             -2.547786599265e-009
   9.95883560528e-009             -2.521639659477e-009
   9.96889503518e-009             -2.543287692475e-009
   9.97895446509e-009             -2.584413465862e-009
   9.98901389499e-009             -2.569540386733e-009
   9.99907332490e-009             -2.522248445471e-009
   1.00091327548e-008             -2.494831211524e-009
   1.00191921847e-008             -2.462253407558e-009
   1.00292516146e-008             -2.418957651693e-009
   1.00393110445e-008             -2.535480624603e-009
   1.00493704744e-008             -2.515870458528e-009
