# Atom Manipulation               
# 
# Sample                          Ag(111)
# Data set                        -
# Creation Comment                
# Gap voltage                     -1.000e-003 V
# Gap voltage range in Volt       -10;10
# Feedback loop enabled           No
# Regulator setpoint              1.000e-009 A
# Pre-amplifier range             0;3.33e-007
# Loop gain                       7.000e+000 %
# Z-axis offset                   -4.000e-010 m
# Parameter mode                  V before Z
# Raster time                     1.000e-003 seconds
# Channel name and data unit      I(r) [A]
# Manipulation vector: start      1.040e+000, 1.940e+000 [nm]
#                      end        1.400e+000, 7.960e+000 [nm]
# 
# 
#             Position                             I(r)
# --------------------             --------------------
   0.000000000000e+000             -6.400324086278e-009
   6.030754513326e-012             -6.352767448712e-009
   1.206150902665e-011             -6.442878940595e-009
   1.809226353998e-011             -6.471090108391e-009
   2.412301805330e-011             -6.433325373319e-009
   3.015377256663e-011             -6.302882041899e-009
   3.618452707996e-011             -6.245454108453e-009
   4.221528159328e-011             -6.194086588410e-009
   4.824603610661e-011             -6.144095272062e-009
   5.427679061993e-011             -6.149149932547e-009
   6.030754513326e-011             -6.196124300268e-009
   6.633829964658e-011             -6.187735117617e-009
   7.236905415991e-011             -6.130968847400e-009
   7.839980867324e-011             -6.239049760424e-009
   8.443056318656e-011             -6.328870039852e-009
   9.046131769989e-011             -6.460663058816e-009
   9.649207221321e-011             -6.412339003551e-009
   1.025228267265e-010             -6.428614647459e-009
   1.085535812399e-010             -6.596558172712e-009
   1.145843357532e-010             -6.849584890446e-009
   1.206150902665e-010             -7.035365411155e-009
   1.266458447798e-010             -7.241126548714e-009
   1.326765992932e-010             -7.322001891795e-009
   1.387073538065e-010             -7.346931414660e-009
   1.447381083198e-010             -7.303053388950e-009
   1.507688628331e-010             -7.603822047171e-009
   1.567996173465e-010             -7.768510288576e-009
   1.628303718598e-010             -7.724923320256e-009
   1.688611263731e-010             -7.881910558390e-009
   1.748918808864e-010             -7.840705391617e-009
   1.809226353998e-010             -8.020160957683e-009
   1.869533899131e-010             -8.317224487897e-009
   1.929841444264e-010             -8.387937477709e-009
   1.990148989398e-010             -8.678146815736e-009
   2.050456534531e-010             -8.625350214765e-009
   2.110764079664e-010             -8.670869140474e-009
   2.171071624797e-010             -8.567895920234e-009
   2.231379169931e-010             -8.509462388935e-009
   2.291686715064e-010             -8.789773914931e-009
   2.351994260197e-010             -8.816926452573e-009
   2.412301805330e-010             -8.915321372637e-009
   2.472609350464e-010             -8.801047775590e-009
   2.532916895597e-010             -8.650147467010e-009
   2.593224440730e-010             -8.694819426569e-009
   2.653531985863e-010             -8.737188977965e-009
   2.713839530997e-010             -8.824601094760e-009
   2.774147076130e-010             -8.631595776024e-009
   2.834454621263e-010             -8.561862022981e-009
   2.894762166396e-010             -8.406542045930e-009
   2.955069711530e-010             -8.354089534649e-009
   3.015377256663e-010             -8.674150630340e-009
   3.075684801796e-010             -8.923842825908e-009
   3.135992346929e-010             -9.010752221309e-009
   3.196299892063e-010             -9.124205368357e-009
   3.256607437196e-010             -9.158820884182e-009
   3.316914982329e-010             -9.277566871870e-009
   3.377222527462e-010             -9.452285195925e-009
   3.437530072596e-010             -9.512677200763e-009
   3.497837617729e-010             -9.656484981935e-009
   3.558145162862e-010             -1.004731225480e-008
   3.618452707996e-010             -1.021313851975e-008
   3.678760253129e-010             -1.036411822171e-008
   3.739067798262e-010             -1.036536215479e-008
   3.799375343395e-010             -1.049453519205e-008
   3.859682888529e-010             -1.049400579944e-008
   3.919990433662e-010             -1.053973638915e-008
   3.980297978795e-010             -1.057122920188e-008
   4.040605523928e-010             -1.050848191164e-008
   4.100913069062e-010             -1.053886306192e-008
   4.161220614195e-010             -1.039214408659e-008
   4.221528159328e-010             -1.025982183008e-008
   4.281835704461e-010             -1.028382514847e-008
   4.342143249595e-010             -1.034461396517e-008
   4.402450794728e-010             -1.067123835073e-008
   4.462758339861e-010             -1.050631177410e-008
   4.523065884994e-010             -1.007584084107e-008
   4.583373430128e-010             -9.906997627502e-009
   4.643680975261e-010             -9.634334227543e-009
   4.703988520394e-010             -9.467687512599e-009
   4.764296065527e-010             -9.709916729985e-009
   4.824603610661e-010             -9.522416070958e-009
   4.884911155794e-010             -9.186343872598e-009
   4.945218700927e-010             -8.929559149622e-009
   5.005526246060e-010             -8.786704089069e-009
   5.065833791194e-010             -8.503190311526e-009
   5.126141336327e-010             -8.425569942161e-009
   5.186448881460e-010             -8.372641070570e-009
   5.246756426593e-010             -8.229256617408e-009
   5.307063971727e-010             -7.932854595357e-009
   5.367371516860e-010             -7.736064910295e-009
   5.427679061993e-010             -7.674376250213e-009
   5.487986607127e-010             -7.754166602056e-009
   5.548294152260e-010             -7.800585216083e-009
   5.608601697393e-010             -7.790078928189e-009
   5.668909242526e-010             -7.740696242770e-009
   5.729216787660e-010             -7.664346167563e-009
   5.789524332793e-010             -7.436698971918e-009
   5.849831877926e-010             -7.280240971328e-009
   5.910139423059e-010             -7.277091752082e-009
   5.970446968193e-010             -7.254729333685e-009
   6.030754513326e-010             -7.512254958210e-009
   6.091062058459e-010             -7.541524601095e-009
   6.151369603592e-010             -7.481556234397e-009
   6.211677148726e-010             -7.319170246088e-009
   6.271984693859e-010             -7.228820574051e-009
   6.332292238992e-010             -7.100203290484e-009
   6.392599784125e-010             -6.952399323916e-009
   6.452907329259e-010             -6.848367473523e-009
   6.513214874392e-010             -6.546725488068e-009
   6.573522419525e-010             -6.277423126425e-009
   6.633829964658e-010             -6.166934050768e-009
   6.694137509792e-010             -6.191678270713e-009
   6.754445054925e-010             -6.002827924142e-009
   6.814752600058e-010             -6.024925801299e-009
   6.875060145191e-010             -5.843458884461e-009
   6.935367690325e-010             -5.711374808107e-009
   6.995675235458e-010             -5.483859883081e-009
   7.055982780591e-010             -5.315889841678e-009
   7.116290325725e-010             -5.379113492223e-009
   7.176597870858e-010             -5.403116810619e-009
   7.236905415991e-010             -5.414443548512e-009
   7.297212961124e-010             -5.198599451069e-009
   7.357520506258e-010             -5.221094140086e-009
   7.417828051391e-010             -5.240227945851e-009
   7.478135596524e-010             -5.174066895129e-009
   7.538443141657e-010             -5.199896106313e-009
   7.598750686791e-010             -5.198837631224e-009
   7.659058231924e-010             -5.096817131604e-009
   7.719365777057e-010             -5.059581634077e-009
   7.779673322190e-010             -5.002656577091e-009
   7.839980867324e-010             -5.093270790367e-009
   7.900288412457e-010             -5.234564654437e-009
   7.960595957590e-010             -5.271800151964e-009
   8.020903502723e-010             -5.342751321931e-009
   8.081211047857e-010             -5.521148257842e-009
   8.141518592990e-010             -5.419815782537e-009
   8.201826138123e-010             -5.513949975965e-009
   8.262133683256e-010             -5.459856564685e-009
   8.322441228390e-010             -5.509265766255e-009
   8.382748773523e-010             -5.718123245825e-009
   8.443056318656e-010             -5.755464652887e-009
   8.503363863789e-010             -5.677712012901e-009
   8.563671408923e-010             -5.671228271488e-009
   8.623978954056e-010             -5.668899347175e-009
   8.684286499189e-010             -5.554228783203e-009
   8.744594044323e-010             -5.627852967173e-009
   8.804901589456e-010             -5.596651366900e-009
   8.865209134589e-010             -5.391551737506e-009
   8.925516679722e-010             -5.306309758253e-009
   8.985824224856e-010             -5.165359983873e-009
   9.046131769989e-010             -5.240254462001e-009
   9.106439315122e-010             -5.290007598195e-009
   9.166746860255e-010             -5.258700243452e-009
   9.227054405389e-010             -5.266136705485e-009
   9.287361950522e-010             -5.155806416598e-009
   9.347669495655e-010             -5.161655010932e-009
   9.407977040788e-010             -5.075777884600e-009
   9.468284585922e-010             -5.108726139342e-009
   9.528592131055e-010             -5.245415032021e-009
   9.588899676188e-010             -5.286593682644e-009
   9.649207221321e-010             -5.092318069748e-009
   9.709514766455e-010             -5.079615128161e-009
   9.769822311588e-010             -5.299058444076e-009
   9.830129856721e-010             -5.448688613562e-009
   9.890437401854e-010             -5.358788785684e-009
   9.950744946988e-010             -5.358021367985e-009
   1.001105249212e-009             -5.338225898991e-009
   1.007136003725e-009             -5.312078959202e-009
   1.013166758239e-009             -5.303927956706e-009
   1.019197512752e-009             -5.340448913768e-009
   1.025228267265e-009             -5.446677262789e-009
   1.031259021779e-009             -5.552243948580e-009
   1.037289776292e-009             -5.521968707842e-009
   1.043320530805e-009             -5.745540479772e-009
   1.049351285319e-009             -5.817576640978e-009
   1.055382039832e-009             -5.844385243995e-009
   1.061412794345e-009             -5.716879467816e-009
   1.067443548859e-009             -5.739400672983e-009
   1.073474303372e-009             -5.767188357704e-009
   1.079505057885e-009             -5.900992727442e-009
   1.085535812399e-009             -5.828268386857e-009
   1.091566566912e-009             -5.763456868613e-009
   1.097597321425e-009             -5.830385492099e-009
   1.103628075939e-009             -5.657731396052e-009
   1.109658830452e-009             -5.625841616400e-009
   1.115689584965e-009             -5.590617469646e-009
   1.121720339479e-009             -5.417619283909e-009
   1.127751093992e-009             -5.313508040131e-009
   1.133781848505e-009             -5.032296670750e-009
   1.139812603019e-009             -4.873827474453e-009
   1.145843357532e-009             -4.867899486734e-009
   1.151874112045e-009             -4.845245855882e-009
   1.157904866559e-009             -4.868058273504e-009
   1.163935621072e-009             -4.797027710152e-009
   1.169966375585e-009             -4.766567011428e-009
   1.175997130099e-009             -4.697044922390e-009
   1.182027884612e-009             -4.657639287320e-009
   1.188058639125e-009             -4.540322380561e-009
   1.194089393639e-009             -4.639511234474e-009
   1.200120148152e-009             -4.676958396006e-009
   1.206150902665e-009             -4.676614306316e-009
   1.212181657178e-009             -4.753917102141e-009
   1.218212411692e-009             -4.751852874134e-009
   1.224243166205e-009             -4.801261920638e-009
   1.230273920718e-009             -4.903044240103e-009
   1.236304675232e-009             -4.830769898742e-009
   1.242335429745e-009             -4.830134751663e-009
   1.248366184258e-009             -4.839132565244e-009
   1.254396938772e-009             -4.848977344974e-009
   1.260427693285e-009             -4.770536680674e-009
   1.266458447798e-009             -4.881369846020e-009
   1.272489202312e-009             -4.951818294593e-009
   1.278519956825e-009             -5.035657709067e-009
   1.284550711338e-009             -5.113119136597e-009
   1.290581465852e-009             -5.072893206593e-009
   1.296612220365e-009             -5.041585696785e-009
   1.302642974878e-009             -4.937659755927e-009
   1.308673729392e-009             -4.885815875576e-009
   1.314704483905e-009             -4.856916683465e-009
   1.320735238418e-009             -4.858319403309e-009
   1.326765992932e-009             -4.879543798167e-009
   1.332796747445e-009             -4.708901052893e-009
   1.338827501958e-009             -4.691222689141e-009
   1.344858256472e-009             -4.610479616679e-009
   1.350889010985e-009             -4.636282466777e-009
   1.356919765498e-009             -4.476093132162e-009
   1.362950520012e-009             -4.409773139605e-009
   1.368981274525e-009             -4.289598070989e-009
   1.375012029038e-009             -4.196416753245e-009
   1.381042783552e-009             -4.115673680783e-009
   1.387073538065e-009             -4.067243715983e-009
   1.393104292578e-009             -4.084657228365e-009
   1.399135047092e-009             -4.111042348307e-009
   1.405165801605e-009             -4.154338259238e-009
   1.411196556118e-009             -4.123824683279e-009
   1.417227310632e-009             -4.099424397959e-009
   1.423258065145e-009             -4.053561537627e-009
   1.429288819658e-009             -4.081005132658e-009
   1.435319574172e-009             -4.078702724496e-009
   1.441350328685e-009             -4.147404518600e-009
   1.447381083198e-009             -4.206923041139e-009
   1.453411837712e-009             -4.287189753291e-009
   1.459442592225e-009             -4.446347128968e-009
   1.465473346738e-009             -4.467412737056e-009
   1.471504101252e-009             -4.455556761618e-009
   1.477534855765e-009             -4.563611158492e-009
   1.483565610278e-009             -4.579780892865e-009
   1.489596364791e-009             -4.658300950550e-009
   1.495627119305e-009             -4.587137961513e-009
   1.501657873818e-009             -4.508300330289e-009
   1.507688628331e-009             -4.637738063856e-009
   1.513719382845e-009             -4.650996759137e-009
   1.519750137358e-009             -4.635859138768e-009
   1.525780891871e-009             -4.644459985424e-009
   1.531811646385e-009             -4.638743661710e-009
   1.537842400898e-009             -4.626781776737e-009
   1.543873155411e-009             -4.445420769434e-009
   1.549903909925e-009             -4.449284684210e-009
   1.555934664438e-009             -4.398578672332e-009
   1.561965418951e-009             -4.406835584363e-009
   1.567996173465e-009             -4.308017336290e-009
   1.574026927978e-009             -4.244740808510e-009
   1.580057682491e-009             -4.303253733195e-009
   1.586088437005e-009             -4.241723859883e-009
   1.592119191518e-009             -4.255882398549e-009
   1.598149946031e-009             -4.157169904945e-009
   1.604180700545e-009             -4.156746421870e-009
   1.610211455058e-009             -3.996345423250e-009
   1.616242209571e-009             -3.874582331871e-009
   1.622272964085e-009             -3.890963885314e-009
   1.628303718598e-009             -3.809850362077e-009
   1.634334473111e-009             -3.783438725984e-009
   1.640365227625e-009             -3.756048008187e-009
   1.646395982138e-009             -3.853119756858e-009
   1.652426736651e-009             -3.838405464498e-009
   1.658457491165e-009             -3.924150320210e-009
   1.664488245678e-009             -3.906816046147e-009
   1.670519000191e-009             -3.884929988060e-009
   1.676549754705e-009             -3.923621082665e-009
   1.682580509218e-009             -4.039085425421e-009
   1.688611263731e-009             -4.129620400378e-009
   1.694642018245e-009             -4.183951991813e-009
   1.700672772758e-009             -4.301295414722e-009
   1.706703527271e-009             -4.313521995999e-009
   1.712734281785e-009             -4.351763091380e-009
   1.718765036298e-009             -4.348825536138e-009
   1.724795790811e-009             -4.331650048846e-009
   1.730826545325e-009             -4.405141962195e-009
   1.736857299838e-009             -4.398446401712e-009
   1.742888054351e-009             -4.297219835941e-009
   1.748918808864e-009             -4.255432399324e-009
   1.754949563378e-009             -4.451984059297e-009
   1.760980317891e-009             -4.325007520662e-009
   1.767011072404e-009             -4.348058118439e-009
   1.773041826918e-009             -4.240850532649e-009
   1.779072581431e-009             -4.231482113229e-009
   1.785103335944e-009             -4.252838933772e-009
   1.791134090458e-009             -4.274724991859e-009
   1.797164844971e-009             -4.148542542139e-009
   1.803195599484e-009             -4.206976073439e-009
   1.809226353998e-009             -4.093284746236e-009
   1.815257108511e-009             -4.019316472577e-009
   1.821287863024e-009             -4.105220115058e-009
   1.827318617538e-009             -4.097439563336e-009
   1.833349372051e-009             -4.065523422599e-009
   1.839380126564e-009             -4.096010482408e-009
   1.845410881078e-009             -3.976814650561e-009
   1.851441635591e-009             -3.926214548218e-009
   1.857472390104e-009             -3.838828947572e-009
   1.863503144618e-009             -3.867331172758e-009
   1.869533899131e-009             -3.920921707578e-009
   1.875564653644e-009             -4.038714974647e-009
   1.881595408158e-009             -3.989279411993e-009
   1.887626162671e-009             -4.131102358542e-009
   1.893656917184e-009             -4.135839600552e-009
   1.899687671698e-009             -4.120728341268e-009
   1.905718426211e-009             -4.070657631534e-009
   1.911749180724e-009             -4.189112561832e-009
   1.917779935238e-009             -4.247440183597e-009
   1.923810689751e-009             -4.328606739134e-009
   1.929841444264e-009             -4.375104746546e-009
   1.935872198778e-009             -4.392941742003e-009
   1.941902953291e-009             -4.553475166307e-009
   1.947933707804e-009             -4.600926049404e-009
   1.953964462318e-009             -4.474425871079e-009
   1.959995216831e-009             -4.448570143745e-009
   1.966025971344e-009             -4.364942393276e-009
   1.972056725858e-009             -4.337578191630e-009
   1.978087480371e-009             -4.363354525578e-009
   1.984118234884e-009             -4.181040797655e-009
   1.990148989398e-009             -4.226877296903e-009
   1.996179743911e-009             -4.294361674084e-009
   2.002210498424e-009             -4.210442866225e-009
   2.008241252937e-009             -4.170481477461e-009
   2.014272007451e-009             -4.169978756067e-009
   2.020302761964e-009             -4.182999271194e-009
   2.026333516477e-009             -3.995286793096e-009
   2.032364270991e-009             -3.999732822652e-009
   2.038395025504e-009             -3.917454759726e-009
   2.044425780017e-009             -4.007460497139e-009
   2.050456534531e-009             -3.875191117865e-009
   2.056487289044e-009             -3.853172634093e-009
   2.062518043557e-009             -3.944766084138e-009
   2.068548798071e-009             -3.982001581665e-009
   2.074579552584e-009             -3.942304889206e-009
   2.080610307097e-009             -3.897527020112e-009
   2.086641061611e-009             -3.933015863170e-009
   2.092671816124e-009             -3.901417295973e-009
   2.098702570637e-009             -3.848858875157e-009
   2.104733325151e-009             -3.831762936315e-009
   2.110764079664e-009             -3.922165485587e-009
   2.116794834177e-009             -4.069890058770e-009
   2.122825588691e-009             -4.098286529486e-009
   2.128856343204e-009             -4.193664345857e-009
   2.134887097717e-009             -4.242200220193e-009
   2.140917852231e-009             -4.268505946751e-009
   2.146948606744e-009             -4.215206469320e-009
   2.152979361257e-009             -4.202265347579e-009
   2.159010115771e-009             -4.184825319047e-009
   2.165040870284e-009             -4.340806804261e-009
   2.171071624797e-009             -4.415013103010e-009
   2.177102379311e-009             -4.425598939354e-009
   2.183133133824e-009             -4.552628355223e-009
   2.189163888337e-009             -4.567263254198e-009
   2.195194642851e-009             -4.549452619827e-009
   2.201225397364e-009             -4.532435919304e-009
   2.207256151877e-009             -4.576737428089e-009
   2.213286906391e-009             -4.526428538200e-009
   2.219317660904e-009             -4.324266464048e-009
   2.225348415417e-009             -4.198163407713e-009
   2.231379169931e-009             -4.163838949278e-009
   2.237409924444e-009             -4.271416985843e-009
   2.243440678957e-009             -4.275201352169e-009
   2.249471433471e-009             -4.224865946130e-009
   2.255502187984e-009             -4.111730372622e-009
   2.261532942497e-009             -4.013997115787e-009
   2.267563697011e-009             -3.928119989456e-009
   2.273594451524e-009             -3.925208950364e-009
   2.279625206037e-009             -3.951964521081e-009
   2.285655960550e-009             -3.978720091799e-009
   2.291686715064e-009             -3.940558234738e-009
   2.297717469577e-009             -3.912770550016e-009
   2.303748224090e-009             -4.044616601281e-009
   2.309778978604e-009             -4.112259765231e-009
   2.315809733117e-009             -4.154179472468e-009
   2.321840487630e-009             -4.098974553800e-009
   2.327871242144e-009             -4.107390252601e-009
   2.333901996657e-009             -4.115064894788e-009
   2.339932751170e-009             -4.186863030904e-009
   2.345963505684e-009             -4.088918110065e-009
   2.351994260197e-009             -4.127847229760e-009
   2.358025014710e-009             -4.266071112903e-009
   2.364055769224e-009             -4.259402068570e-009
   2.370086523737e-009             -4.370870380995e-009
   2.376117278250e-009             -4.427080897517e-009
   2.382148032764e-009             -4.379206686412e-009
   2.388178787277e-009             -4.198295678333e-009
   2.394209541790e-009             -3.687187582378e-009
   2.400240296304e-009             -3.698117353347e-009
   2.406271050817e-009             -3.707644559537e-009
   2.412301805330e-009             -3.765442943758e-009
   2.418332559844e-009             -3.761605545132e-009
   2.424363314357e-009             -3.779469056738e-009
   2.430394068870e-009             -4.084419048210e-009
   2.436424823384e-009             -4.233943308161e-009
   2.442455577897e-009             -4.264298097350e-009
   2.448486332410e-009             -4.239950689265e-009
   2.454517086924e-009             -4.113450666005e-009
   2.460547841437e-009             -3.987294577370e-009
   2.466578595950e-009             -3.916872644947e-009
   2.472609350464e-009             -4.004284761742e-009
   2.478640104977e-009             -4.055202282560e-009
   2.484670859490e-009             -4.029664128766e-009
   2.490701614004e-009             -3.936694475027e-009
   2.496732368517e-009             -3.850261595001e-009
   2.502763123030e-009             -3.828004931074e-009
   2.508793877544e-009             -3.883818480671e-009
   2.514824632057e-009             -3.863546651367e-009
   2.520855386570e-009             -3.901576082743e-009
   2.526886141084e-009             -3.867675107383e-009
   2.532916895597e-009             -3.847853277303e-009
   2.538947650110e-009             -3.832821411403e-009
   2.544978404623e-009             -3.988167904604e-009
   2.551009159137e-009             -4.077088495712e-009
   2.557039913650e-009             -4.082116640047e-009
   2.563070668163e-009             -4.023577354277e-009
   2.569101422677e-009             -4.071927925693e-009
   2.575132177190e-009             -4.101356355347e-009
   2.581162931703e-009             -4.087674176991e-009
   2.587193686217e-009             -4.078385150956e-009
   2.593224440730e-009             -4.122078028811e-009
   2.599255195243e-009             -4.100588937648e-009
   2.605285949757e-009             -4.111624618152e-009
   2.611316704270e-009             -4.248763354991e-009
   2.617347458783e-009             -4.219361441486e-009
   2.623378213297e-009             -4.238495247251e-009
   2.629408967810e-009             -4.108342973220e-009
   2.635439722323e-009             -4.013891361317e-009
   2.641470476837e-009             -4.075976988324e-009
   2.647501231350e-009             -4.019025415187e-009
   2.653531985863e-009             -4.057981051032e-009
   2.659562740377e-009             -3.874635364171e-009
   2.665593494890e-009             -3.982980818434e-009
   2.671624249403e-009             -3.981234163966e-009
   2.677655003917e-009             -4.012647428244e-009
   2.683685758430e-009             -4.006534137605e-009
   2.689716512943e-009             -3.925870458528e-009
   2.695747267457e-009             -3.753507419870e-009
   2.701778021970e-009             -3.666968630309e-009
   2.707808776483e-009             -3.616024593342e-009
   2.713839530997e-009             -3.707512288917e-009
   2.719870285510e-009             -3.769121555614e-009
   2.725901040023e-009             -3.694676921646e-009
   2.731931794537e-009             -3.657626727039e-009
   2.737962549050e-009             -3.603321651755e-009
   2.743993303563e-009             -3.645585448681e-009
   2.750024058077e-009             -3.683270790367e-009
   2.756054812590e-009             -3.711614228783e-009
   2.762085567103e-009             -3.722279458512e-009
   2.768116321617e-009             -3.751046224938e-009
   2.774147076130e-009             -3.720956132054e-009
   2.780177830643e-009             -3.745991564453e-009
   2.786208585157e-009             -3.899697157655e-009
   2.792239339670e-009             -4.002167501434e-009
   2.798270094183e-009             -4.043266913737e-009
   2.804300848697e-009             -4.073383367706e-009
   2.810331603210e-009             -3.996980570330e-009
   2.816362357723e-009             -4.013150304703e-009
   2.822393112236e-009             -4.012171067934e-009
   2.828423866750e-009             -4.016431949635e-009
   2.834454621263e-009             -4.047368853603e-009
   2.840485375776e-009             -4.108687062910e-009
   2.846516130290e-009             -4.126365271597e-009
   2.852546884803e-009             -4.126629967902e-009
   2.858577639316e-009             -4.068460977841e-009
   2.864608393830e-009             -4.001109026346e-009
   2.870639148343e-009             -3.998330257873e-009
   2.876669902856e-009             -3.954769650638e-009
   2.882700657370e-009             -3.943866395819e-009
   2.888731411883e-009             -3.913776302935e-009
   2.894762166396e-009             -3.819165749198e-009
   2.900792920910e-009             -3.786191133372e-009
   2.906823675423e-009             -3.780792383197e-009
   2.912854429936e-009             -3.837876226953e-009
   2.918885184450e-009             -3.864023011676e-009
   2.924915938963e-009             -3.858280326877e-009
   2.930946693476e-009             -3.718574330506e-009
   2.936977447990e-009             -3.681365349129e-009
   2.943008202503e-009             -3.682423979283e-009
   2.949038957016e-009             -3.612531284405e-009
   2.955069711530e-009             -3.736914202422e-009
   2.961100466043e-009             -3.771715021166e-009
   2.967131220556e-009             -3.745435810758e-009
   2.973161975070e-009             -3.733764983175e-009
   2.979192729583e-009             -3.738740250275e-009
   2.985223484096e-009             -3.825887825831e-009
   2.991254238610e-009             -3.763140535595e-009
   2.997284993123e-009             -3.848223728078e-009
   3.003315747636e-009             -3.762320085596e-009
   3.009346502150e-009             -3.961518088356e-009
   3.015377256663e-009             -4.021116159345e-009
   3.021408011176e-009             -3.988908806153e-009
   3.027438765690e-009             -4.153279629084e-009
   3.033469520203e-009             -4.096195785328e-009
   3.039500274716e-009             -4.210125292686e-009
   3.045531029230e-009             -4.272607886616e-009
   3.051561783743e-009             -4.303280249345e-009
   3.057592538256e-009             -4.369494332367e-009
   3.063623292770e-009             -4.256094062553e-009
   3.069654047283e-009             -4.241194622339e-009
   3.075684801796e-009             -4.161086696956e-009
   3.081715556309e-009             -4.266018235668e-009
   3.087746310823e-009             -4.298860580874e-009
   3.093777065336e-009             -4.276815736017e-009
   3.099807819849e-009             -4.157540355720e-009
   3.105838574363e-009             -4.082831180511e-009
   3.111869328876e-009             -3.983245514739e-009
   3.117900083389e-009             -3.943151855355e-009
   3.123930837903e-009             -3.888952534541e-009
   3.129961592416e-009             -3.869580548621e-009
   3.135992346929e-009             -3.869077827226e-009
   3.142023101443e-009             -3.782247825211e-009
   3.148053855956e-009             -3.824061777978e-009
   3.154084610469e-009             -3.864843461676e-009
   3.160115364983e-009             -3.899273674580e-009
   3.166146119496e-009             -3.899591248120e-009
   3.172176874009e-009             -3.799820279427e-009
   3.178207628523e-009             -3.873550217867e-009
   3.184238383036e-009             -3.759726620044e-009
   3.190269137549e-009             -3.807230380375e-009
   3.196299892063e-009             -3.938890973654e-009
   3.202330646576e-009             -4.036200902479e-009
   3.208361401089e-009             -3.914305540480e-009
   3.214392155603e-009             -3.977687977795e-009
   3.220422910116e-009             -4.062241932733e-009
   3.226453664629e-009             -4.061209818729e-009
   3.232484419143e-009             -4.040964505575e-009
   3.238515173656e-009             -4.123004233280e-009
   3.244545928169e-009             -4.077167889097e-009
   3.250576682683e-009             -4.152485695235e-009
   3.256607437196e-009             -4.164791669897e-009
   3.262638191709e-009             -4.208934391912e-009
   3.268668946223e-009             -4.351921878150e-009
   3.274699700736e-009             -4.400351842950e-009
   3.280730455249e-009             -4.450396191599e-009
   3.286761209763e-009             -4.441345345718e-009
   3.292791964276e-009             -4.242755973887e-009
   3.298822718789e-009             -4.370155840531e-009
   3.304853473303e-009             -4.323869497124e-009
   3.310884227816e-009             -4.259163888415e-009
   3.316914982329e-009             -4.217376606863e-009
   3.322945736843e-009             -4.276259982323e-009
   3.328976491356e-009             -4.209993022066e-009
   3.335007245869e-009             -4.172281164230e-009
   3.341038000382e-009             -4.125068461288e-009
   3.347068754896e-009             -4.122448479586e-009
   3.353099509409e-009             -3.983986416288e-009
   3.359130263922e-009             -3.939843694273e-009
   3.365161018436e-009             -3.880139868815e-009
   3.371191772949e-009             -3.847085859604e-009
   3.377222527462e-009             -3.905651661524e-009
   3.383253281976e-009             -3.892419482392e-009
   3.389284036489e-009             -3.957548419110e-009
   3.395314791002e-009             -3.907980585836e-009
   3.401345545516e-009             -3.961015366962e-009
   3.407376300029e-009             -4.006004900060e-009
   3.413407054542e-009             -3.998356618958e-009
   3.419437809056e-009             -3.937832498566e-009
   3.425468563569e-009             -3.987532757525e-009
   3.431499318082e-009             -3.941087627347e-009
   3.437530072596e-009             -4.037418164338e-009
   3.443560827109e-009             -4.159445796958e-009
   3.449591581622e-009             -4.183237451348e-009
   3.455622336136e-009             -4.273031369691e-009
   3.461653090649e-009             -4.309525810603e-009
   3.467683845162e-009             -4.338319093179e-009
   3.473714599676e-009             -4.281447068492e-009
   3.479745354189e-009             -4.336334258556e-009
   3.485776108702e-009             -4.387834204283e-009
   3.491806863216e-009             -4.497820403480e-009
   3.497837617729e-009             -4.415251283165e-009
   3.503868372242e-009             -4.388919195522e-009
   3.509899126756e-009             -4.481068399262e-009
   3.515929881269e-009             -4.524020220503e-009
   3.521960635782e-009             -4.508697297213e-009
   3.527991390296e-009             -4.484244134659e-009
   3.534022144809e-009             -4.450025585759e-009
   3.540052899322e-009             -4.360364093101e-009
   3.546083653836e-009             -4.282002822187e-009
   3.552114408349e-009             -4.260989936268e-009
   3.558145162862e-009             -4.290127308533e-009
   3.564175917376e-009             -4.312066398921e-009
   3.570206671889e-009             -4.194405402472e-009
   3.576237426402e-009             -4.128641163609e-009
   3.582268180916e-009             -4.160477910962e-009
   3.588298935429e-009             -4.101356355347e-009
   3.594329689942e-009             -4.043902060817e-009
   3.600360444456e-009             -4.013520755478e-009
   3.606391198969e-009             -3.969298640078e-009
   3.612421953482e-009             -3.989940920157e-009
   3.618452707995e-009             -3.887788149917e-009
   3.624483462509e-009             -3.938494006730e-009
   3.630514217022e-009             -3.992560901859e-009
   3.636544971535e-009             -4.087832963761e-009
   3.642575726049e-009             -3.972527407775e-009
   3.648606480562e-009             -4.062903440897e-009
   3.654637235075e-009             -4.059860131185e-009
   3.660667989589e-009             -4.094369737475e-009
   3.666698744102e-009             -4.079073330335e-009
   3.672729498615e-009             -4.169687543612e-009
   3.678760253129e-009             -4.182390485199e-009
   3.684791007642e-009             -4.364518910202e-009
   3.690821762155e-009             -4.352953992154e-009
   3.696852516669e-009             -4.446347128968e-009
   3.702883271182e-009             -4.504965808122e-009
   3.708914025695e-009             -4.518595109243e-009
   3.714944780209e-009             -4.542386608569e-009
   3.720975534722e-009             -4.575308347160e-009
   3.727006289235e-009             -4.453862984385e-009
   3.733037043749e-009             -4.504674750733e-009
   3.739067798262e-009             -4.471911798911e-009
   3.745098552775e-009             -4.482550512491e-009
   3.751129307289e-009             -4.508406239824e-009
   3.757160061802e-009             -4.427954224752e-009
   3.763190816315e-009             -4.423402440726e-009
   3.769221570829e-009             -4.354224286312e-009
   3.775252325342e-009             -4.491416055451e-009
   3.781283079855e-009             -4.357638201864e-009
   3.787313834369e-009             -4.215259346555e-009
   3.793344588882e-009             -4.102203166431e-009
   3.799375343395e-009             -4.027123540449e-009
   3.805406097909e-009             -4.271893346152e-009
   3.811436852422e-009             -4.225289429205e-009
   3.817467606935e-009             -4.173763122393e-009
   3.823498361449e-009             -4.167570438369e-009
   3.829529115962e-009             -4.120119710338e-009
   3.835559870475e-009             -4.042816914513e-009
   3.841590624989e-009             -3.977714338879e-009
   3.847621379502e-009             -4.044828265286e-009
   3.853652134015e-009             -4.084419048210e-009
   3.859682888529e-009             -4.052264727318e-009
   3.865713643042e-009             -4.096566236102e-009
   3.871744397555e-009             -4.130811301152e-009
   3.877775152068e-009             -4.323975406659e-009
   3.883805906582e-009             -4.264959605514e-009
   3.889836661095e-009             -4.366741924979e-009
   3.895867415608e-009             -4.375739893625e-009
   3.901898170122e-009             -4.329903394377e-009
   3.907928924635e-009             -4.366292080820e-009
   3.913959679148e-009             -4.405777109274e-009
   3.919990433662e-009             -4.446611670207e-009
   3.926021188175e-009             -4.604683899580e-009
   3.932051942688e-009             -4.477178123401e-009
   3.938082697202e-009             -4.525449301431e-009
   3.944113451715e-009             -4.709006807362e-009
   3.950144206228e-009             -4.655416272543e-009
   3.956174960742e-009             -4.412393121308e-009
   3.962205715255e-009             -4.346814185365e-009
   3.968236469768e-009             -4.360972724030e-009
   3.974267224282e-009             -4.410752376374e-009
   3.980297978795e-009             -4.408502845447e-009
   3.986328733308e-009             -4.410461318985e-009
   3.992359487822e-009             -4.409402688831e-009
   3.998390242335e-009             -4.359305462947e-009
   4.004420996848e-009             -4.309578687838e-009
   4.010451751362e-009             -4.290736094528e-009
   4.016482505875e-009             -4.277609669866e-009
   4.022513260388e-009             -4.221293243809e-009
   4.028544014902e-009             -4.164659399277e-009
   4.034574769415e-009             -4.074256694940e-009
   4.040605523928e-009             -4.064438431360e-009
   4.046636278442e-009             -4.177679914404e-009
   4.052667032955e-009             -4.136739288871e-009
   4.058697787468e-009             -4.208749088992e-009
   4.064728541982e-009             -4.217508877483e-009
   4.070759296495e-009             -4.061553753353e-009
   4.076790051008e-009             -4.037206500333e-009
   4.082820805522e-009             -4.129038130534e-009
   4.088851560035e-009             -4.099609700879e-009
   4.094882314548e-009             -4.175245080556e-009
   4.100913069062e-009             -4.190700429531e-009
   4.106943823575e-009             -4.199354308487e-009
   4.112974578088e-009             -4.379233202562e-009
   4.119005332602e-009             -4.418585805331e-009
   4.125036087115e-009             -4.517139512165e-009
   4.131066841628e-009             -4.600634836949e-009
   4.137097596142e-009             -4.537120129014e-009
   4.143128350655e-009             -4.574831986850e-009
   4.149159105168e-009             -4.612464451302e-009
   4.155189859681e-009             -4.564113879886e-009
   4.161220614195e-009             -4.622229837647e-009
   4.167251368708e-009             -4.748862286592e-009
   4.173282123221e-009             -4.630724929833e-009
   4.179312877735e-009             -4.675767495232e-009
   4.185343632248e-009             -4.687623625735e-009
   4.191374386761e-009             -4.634191877685e-009
   4.197405141275e-009             -4.515525128316e-009
   4.203435895788e-009             -4.507003675045e-009
   4.209466650301e-009             -4.507294732435e-009
   4.215497404815e-009             -4.431818139528e-009
   4.221528159328e-009             -4.420491246569e-009
   4.227558913841e-009             -4.335063964397e-009
   4.233589668355e-009             -4.382038487184e-009
   4.239620422868e-009             -4.364095582192e-009
   4.245651177381e-009             -4.282214486191e-009
   4.251681931895e-009             -4.328897796523e-009
   4.257712686408e-009             -4.292879715921e-009
   4.263743440921e-009             -4.236060413404e-009
   4.269774195435e-009             -4.192949805393e-009
   4.275804949948e-009             -4.163283195584e-009
   4.281835704461e-009             -4.197898711408e-009
   4.287866458975e-009             -4.313045635690e-009
   4.293897213488e-009             -4.304100544279e-009
   4.299927968001e-009             -4.344300113198e-009
   4.305958722515e-009             -4.346629037510e-009
   4.311989477028e-009             -4.187259997829e-009
   4.318020231541e-009             -4.280203135418e-009
   4.324050986055e-009             -4.285549008358e-009
   4.330081740568e-009             -4.323287382344e-009
   4.336112495081e-009             -4.413875234536e-009
   4.342143249595e-009             -4.380794554110e-009
   4.348174004108e-009             -4.407126796818e-009
   4.354204758621e-009             -4.428933461521e-009
   4.360235513135e-009             -4.508961993518e-009
   4.366266267648e-009             -4.526084448511e-009
   4.372297022161e-009             -4.575811223620e-009
   4.378327776675e-009             -4.551384577215e-009
   4.384358531188e-009             -4.572926545612e-009
   4.390389285701e-009             -4.456033121928e-009
   4.396420040215e-009             -4.426736962893e-009
   4.402450794728e-009             -4.428615887981e-009
   4.408481549241e-009             -4.533335762688e-009
   4.414512303754e-009             -4.419168075176e-009
   4.420543058268e-009             -4.378253965793e-009
   4.426573812781e-009             -4.372643551613e-009
   4.432604567294e-009             -4.330300361302e-009
   4.438635321808e-009             -4.246063979904e-009
   4.444666076321e-009             -4.217720541488e-009
   4.450696830834e-009             -4.160795484501e-009
   4.456727585348e-009             -4.192129510459e-009
   4.462758339861e-009             -4.108739940145e-009
   4.468789094374e-009             -4.018522538728e-009
   4.474819848888e-009             -4.071769138923e-009
   4.480850603401e-009             -4.064464947510e-009
   4.486881357914e-009             -4.133404766704e-009
   4.492912112428e-009             -4.168708461908e-009
   4.498942866941e-009             -4.069784304300e-009
   4.504973621454e-009             -4.036439082634e-009
   4.511004375968e-009             -4.041652529889e-009
   4.517035130481e-009             -4.103182403201e-009
   4.523065884994e-009             -4.189324225837e-009
   4.529096639508e-009             -4.319979221263e-009
   4.535127394021e-009             -4.275386655088e-009
   4.541158148534e-009             -4.371187954535e-009
   4.547188903048e-009             -4.394662035386e-009
   4.553219657561e-009             -4.331570655461e-009
   4.559250412074e-009             -4.419803222255e-009
   4.565281166588e-009             -4.472890880615e-009
   4.571311921101e-009             -4.459208857325e-009
   4.577342675614e-009             -4.484535347113e-009
   4.583373430128e-009             -4.477760393245e-009
   4.589404184641e-009             -4.441424739103e-009
   4.595434939154e-009             -4.583750562111e-009
   4.601465693668e-009             -4.699003240863e-009
   4.607496448181e-009             -4.655363395308e-009
   4.613527202694e-009             -4.642766363256e-009
   4.619557957208e-009             -4.573799872847e-009
   4.625588711721e-009             -4.499196607173e-009
   4.631619466234e-009             -4.424593341500e-009
   4.637650220748e-009             -4.421047000264e-009
   4.643680975261e-009             -4.526852021275e-009
   4.649711729774e-009             -4.601958163408e-009
   4.655742484288e-009             -4.477707516010e-009
   4.661773238801e-009             -4.403315914342e-009
   4.667803993314e-009             -4.298146040410e-009
   4.673834747827e-009             -4.302353889811e-009
   4.679865502341e-009             -4.219255531951e-009
   4.685896256854e-009             -4.219625982726e-009
   4.691927011367e-009             -4.144519840593e-009
   4.697957765881e-009             -4.030537456000e-009
   4.703988520394e-009             -4.034692428166e-009
   4.710019274907e-009             -3.970224999612e-009
   4.716050029421e-009             -4.056155003179e-009
   4.722080783934e-009             -4.125200886973e-009
   4.728111538447e-009             -4.136871714556e-009
   4.734142292961e-009             -4.080766952504e-009
   4.740173047474e-009             -4.102229682582e-009
   4.746203801987e-009             -4.139968056568e-009
   4.752234556501e-009             -4.183343205818e-009
   4.758265311014e-009             -4.221478546729e-009
   4.764296065527e-009             -4.363778008653e-009
   4.770326820041e-009             -4.319846950643e-009
   4.776357574554e-009             -4.452539812991e-009
   4.782388329067e-009             -4.412102063918e-009
   4.788419083581e-009             -4.426181209198e-009
   4.794449838094e-009             -4.415357192700e-009
   4.800480592607e-009             -4.420120795795e-009
   4.806511347121e-009             -4.415092496395e-009
   4.812542101634e-009             -4.412657817612e-009
   4.818572856147e-009             -4.463443067810e-009
   4.824603610661e-009             -4.452486780691e-009
   4.830634365174e-009             -4.453227837306e-009
   4.836665119687e-009             -4.609341748205e-009
   4.842695874201e-009             -4.557180294314e-009
   4.848726628714e-009             -4.499381910093e-009
   4.854757383227e-009             -4.387807688133e-009
   4.860788137741e-009             -4.452513296841e-009
   4.866818892254e-009             -4.452936779916e-009
   4.872849646767e-009             -4.393920978772e-009
   4.878880401281e-009             -4.338477879949e-009
   4.884911155794e-009             -4.349116593528e-009
   4.890941910307e-009             -4.336969405635e-009
   4.896972664821e-009             -4.179717626262e-009
   4.903003419334e-009             -4.220499309960e-009
   4.909034173847e-009             -4.178447332103e-009
   4.915064928361e-009             -4.085927522523e-009
   4.921095682874e-009             -4.019713439501e-009
   4.927126437387e-009             -4.016617097489e-009
   4.933157191901e-009             -3.913167516941e-009
   4.939187946414e-009             -3.999150552807e-009
   4.945218700927e-009             -4.037947556948e-009
   4.951249455440e-009             -3.999706306502e-009
   4.957280209954e-009             -4.110327807843e-009
   4.963310964467e-009             -4.168258462684e-009
   4.969341718980e-009             -4.164447580207e-009
   4.975372473494e-009             -4.240691745879e-009
   4.981403228007e-009             -4.298199072710e-009
   4.987433982520e-009             -4.448675898215e-009
   4.993464737034e-009             -4.358643799718e-009
   4.999495491547e-009             -4.340833320411e-009
   5.005526246060e-009             -4.444176991425e-009
   5.011557000574e-009             -4.584914946735e-009
   5.017587755087e-009             -4.577478484703e-009
   5.023618509600e-009             -4.668542697204e-009
   5.029649264114e-009             -4.631942346757e-009
   5.035680018627e-009             -4.517457085705e-009
   5.041710773140e-009             -4.568798089597e-009
   5.047741527654e-009             -4.581712850254e-009
   5.053772282167e-009             -4.626490719347e-009
   5.059803036680e-009             -4.536458620850e-009
   5.065833791194e-009             -4.519018437253e-009
   5.071864545707e-009             -4.471699979842e-009
   5.077895300220e-009             -4.510152894292e-009
   5.083926054734e-009             -4.628290251051e-009
   5.089956809247e-009             -4.626596473817e-009
   5.095987563760e-009             -4.470297415063e-009
   5.102018318274e-009             -4.359411372482e-009
   5.108049072787e-009             -4.310610801842e-009
   5.114079827300e-009             -4.190171036921e-009
   5.120110581814e-009             -4.160451549877e-009
   5.126141336327e-009             -4.184084262432e-009
   5.132172090840e-009             -4.287269146676e-009
   5.138202845354e-009             -4.194378886322e-009
   5.144233599867e-009             -4.112524306471e-009
   5.150264354380e-009             -4.021698274124e-009
   5.156295108894e-009             -4.004364155127e-009
   5.162325863407e-009             -4.007328071454e-009
   5.168356617920e-009             -4.010821380390e-009
   5.174387372434e-009             -3.981366434586e-009
   5.180418126947e-009             -3.958104172805e-009
   5.186448881460e-009             -4.026567786754e-009
   5.192479635974e-009             -4.034348338476e-009
   5.198510390487e-009             -4.164209400053e-009
   5.204541145000e-009             -4.274407418319e-009
   5.210571899513e-009             -4.326542511126e-009
   5.216602654027e-009             -4.339615903487e-009
   5.222633408540e-009             -4.352821721534e-009
   5.228664163053e-009             -4.299178154414e-009
   5.234694917567e-009             -4.398578672332e-009
   5.240725672080e-009             -4.527540045589e-009
   5.246756426593e-009             -4.666451953046e-009
   5.252787181107e-009             -4.813541534215e-009
   5.258817935620e-009             -4.665075904418e-009
   5.264848690133e-009             -4.656077935772e-009
   5.270879444647e-009             -4.829552481819e-009
   5.276910199160e-009             -4.642342880181e-009
   5.282940953673e-009             -4.661265021942e-009
   5.288971708187e-009             -4.542254337949e-009
   5.295002462700e-009             -4.475934345392e-009
   5.301033217213e-009             -4.459579308099e-009
   5.307063971727e-009             -4.402971824652e-009
   5.313094726240e-009             -4.367641768364e-009
   5.319125480753e-009             -4.421232303183e-009
   5.325156235267e-009             -4.278509513250e-009
   5.331186989780e-009             -4.255961791934e-009
   5.337217744293e-009             -4.141317744111e-009
   5.343248498807e-009             -4.221081579804e-009
   5.349279253320e-009             -4.176594768100e-009
   5.355310007833e-009             -4.083069360666e-009
   5.361340762347e-009             -4.095322458094e-009
   5.367371516860e-009             -4.051153219929e-009
   5.373402271373e-009             -4.124750887748e-009
   5.379433025887e-009             -4.120040316953e-009
   5.385463780400e-009             -4.153941292313e-009
   5.391494534913e-009             -4.114800353549e-009
   5.397525289427e-009             -4.107840096761e-009
   5.403556043940e-009             -4.037100590798e-009
   5.409586798453e-009             -4.122474995736e-009
   5.415617552967e-009             -4.096751539022e-009
   5.421648307480e-009             -4.222219603343e-009
   5.427679061993e-009             -4.122766053125e-009
   5.433709816507e-009             -4.176197801175e-009
   5.439740571020e-009             -4.309975654763e-009
   5.445771325533e-009             -4.435972956628e-009
   5.451802080047e-009             -4.417659600862e-009
   5.457832834560e-009             -4.488663803129e-009
   5.463863589073e-009             -4.520447518181e-009
   5.469894343587e-009             -4.613284901301e-009
   5.475925098100e-009             -4.631915830607e-009
   5.481955852613e-009             -4.617704414706e-009
   5.487986607126e-009             -4.715781761231e-009
   5.494017361640e-009             -4.774903316845e-009
   5.500048116153e-009             -4.691990261905e-009
   5.506078870666e-009             -4.790517452589e-009
   5.512109625180e-009             -4.691381475911e-009
   5.518140379693e-009             -4.613470204221e-009
   5.524171134206e-009             -4.514784226767e-009
   5.530201888720e-009             -4.541566158570e-009
   5.536232643233e-009             -4.505230504427e-009
   5.542263397746e-009             -4.365524663121e-009
   5.548294152260e-009             -4.335143357782e-009
   5.554324906773e-009             -4.238997968646e-009
   5.560355661286e-009             -4.249266231450e-009
   5.566386415800e-009             -4.268267766596e-009
   5.572417170313e-009             -4.136951107941e-009
   5.578447924826e-009             -4.225342306440e-009
   5.584478679340e-009             -4.225262913055e-009
   5.590509433853e-009             -4.162436384500e-009
   5.596540188366e-009             -4.052529423623e-009
   5.602570942880e-009             -4.087012668827e-009
   5.608601697393e-009             -4.117896695560e-009
   5.614632451906e-009             -4.292906077005e-009
   5.620663206420e-009             -4.277847850021e-009
   5.626693960933e-009             -4.302433283196e-009
   5.632724715446e-009             -4.270120175534e-009
   5.638755469960e-009             -4.229444401371e-009
   5.644786224473e-009             -4.287348540061e-009
   5.650816978986e-009             -4.264933244429e-009
   5.656847733500e-009             -4.371849617764e-009
   5.662878488013e-009             -4.328500829599e-009
   5.668909242526e-009             -4.287957326056e-009
   5.674939997040e-009             -4.367033137434e-009
   5.680970751553e-009             -4.477151762316e-009
   5.687001506066e-009             -4.601640589868e-009
   5.693032260580e-009             -4.629348881205e-009
   5.699063015093e-009             -4.606695250353e-009
   5.705093769606e-009             -4.637579277086e-009
   5.711124524120e-009             -4.679816557863e-009
   5.717155278633e-009             -4.690878754516e-009
   5.723186033146e-009             -4.578828172246e-009
   5.729216787660e-009             -4.764899750345e-009
   5.735247542173e-009             -4.796551349843e-009
   5.741278296686e-009             -4.703158213029e-009
   5.747309051199e-009             -4.624082401650e-009
   5.753339805713e-009             -4.560885267255e-009
   5.759370560226e-009             -4.559244522322e-009
   5.765401314739e-009             -4.352001271535e-009
   5.771432069253e-009             -4.253844531626e-009
   5.777462823766e-009             -4.220552342260e-009
   5.783493578279e-009             -4.156508241716e-009
   5.789524332793e-009             -4.171751771620e-009
   5.795555087306e-009             -4.104426181209e-009
   5.801585841819e-009             -4.208272728682e-009
   5.807616596333e-009             -4.266203538588e-009
   5.813647350846e-009             -4.119378653724e-009
   5.819678105359e-009             -4.068408100606e-009
   5.825708859873e-009             -4.024635829366e-009
   5.831739614386e-009             -4.090214765309e-009
   5.837770368899e-009             -4.157725658639e-009
   5.843801123413e-009             -4.216423886244e-009
   5.849831877926e-009             -4.229497278606e-009
   5.855862632439e-009             -4.326357208206e-009
   5.861893386953e-009             -4.410223138830e-009
   5.867924141466e-009             -4.478633720479e-009
   5.873954895979e-009             -4.461087782413e-009
   5.879985650493e-009             -4.382620601963e-009
   5.886016405006e-009             -4.447538029742e-009
   5.892047159519e-009             -4.437931430166e-009
   5.898077914033e-009             -4.503139760269e-009
   5.904108668546e-009             -4.566866287274e-009
   5.910139423059e-009             -4.653484470220e-009
   5.916170177573e-009             -4.627019956892e-009
   5.922200932086e-009             -4.650864488517e-009
   5.928231686599e-009             -4.663911364729e-009
   5.934262441113e-009             -4.657559893935e-009
   5.940293195626e-009             -4.660735629332e-009
   5.946323950139e-009             -4.705831071966e-009
   5.952354704653e-009             -4.666108018422e-009
   5.958385459166e-009             -4.566389926964e-009
   5.964416213679e-009             -4.495147544542e-009
   5.970446968193e-009             -4.525608088201e-009
   5.976477722706e-009             -4.689555428057e-009
   5.982508477219e-009             -4.506686101506e-009
   5.988539231733e-009             -4.438778241250e-009
   5.994569986246e-009             -4.320323310952e-009
   6.000600740759e-009             -4.298860580874e-009
   6.006631495272e-009             -4.253024236692e-009
   6.012662249786e-009             -4.179955806417e-009
   6.018693004299e-009             -4.182681697654e-009
   6.024723758812e-009             -4.073780334631e-009
