# Atom Manipulation               
# 
# Sample                          Ag(111)
# Data set                        -
# Creation Comment                
# Gap voltage                     -1.000e-003 V
# Gap voltage range in Volt       -1;1
# Feedback loop enabled           No
# Regulator setpoint              1.000e-009 A
# Pre-amplifier range             0;3.33e-007
# Loop gain                       7.000e+000 %
# Z-axis offset                   -8.000e-010 m
# Parameter mode                  V before Z
# Raster time                     1.000e-003 seconds
# Channel name and data unit      I(r) [A]
# Manipulation vector: start      1.228e+001, 1.922e+000 [nm]
#                      end        2.691e+001, 1.054e+000 [nm]
# 
# 
#            Position                            I(r)
# -------------------             -------------------
   0.00000000000e+000             -5.05454809347e-008
   1.46577231520e-011             -5.11506701918e-008
   2.93154463040e-011             -5.08418828017e-008
   4.39731694559e-011             -5.03147901192e-008
   5.86308926079e-011             -5.08388129759e-008
   7.32886157599e-011             -5.09196619579e-008
   8.79463389119e-011             -5.04792932128e-008
   1.02604062064e-010             -5.04892704182e-008
   1.17261785216e-010             -5.10508992231e-008
   1.31919508368e-010             -5.09041802478e-008
   1.46577231520e-010             -5.05981187489e-008
   1.61234954672e-010             -5.10675718340e-008
   1.75892677824e-010             -5.14270650809e-008
   1.90550400976e-010             -5.13737390873e-008
   2.05208124128e-010             -5.10535720821e-008
   2.19865847280e-010             -5.16244370358e-008
   2.34523570432e-010             -5.16182707128e-008
   2.49181293584e-010             -5.13544995271e-008
   2.63839016736e-010             -5.16466141513e-008
   2.78496739888e-010             -5.17290510009e-008
   2.93154463040e-010             -5.13261560886e-008
   3.07812186192e-010             -5.16724700336e-008
   3.22469909343e-010             -5.21117271163e-008
   3.37127632495e-010             -5.18328710323e-008
   3.51785355647e-010             -5.18894521546e-008
   3.66443078799e-010             -5.19506644544e-008
   3.81100801951e-010             -5.19511142986e-008
   3.95758525103e-010             -5.17795451938e-008
   4.10416248255e-010             -5.17819269953e-008
   4.25073971407e-010             -5.18115407279e-008
   4.39731694559e-010             -5.18264138070e-008
   4.54389417711e-010             -5.16656422025e-008
   4.69047140863e-010             -5.15608692955e-008
   4.83704864015e-010             -5.16880840143e-008
   4.98362587167e-010             -5.16238547659e-008
   5.13020310319e-010             -5.15786005365e-008
   5.27678033471e-010             -5.13193546186e-008
   5.42335756623e-010             -5.13919466886e-008
   5.56993479775e-010             -5.14573668378e-008
   5.71651202927e-010             -5.11937807998e-008
   5.86308926079e-010             -5.10355497837e-008
   6.00966649231e-010             -5.15211726031e-008
   6.15624372383e-010             -5.15153768860e-008
   6.30282095535e-010             -5.09875696630e-008
   6.44939818687e-010             -5.12825954814e-008
   6.59597541839e-010             -5.17081440246e-008
   6.74255264991e-010             -5.12752384128e-008
   6.88912988143e-010             -5.09519750655e-008
   7.03570711295e-010             -5.14962695964e-008
   7.18228434447e-010             -5.15949290577e-008
   7.32886157599e-010             -5.12008202949e-008
   7.47543880751e-010             -5.12946103987e-008
   7.62201603903e-010             -5.18981589108e-008
   7.76859327055e-010             -5.18377934221e-008
   7.91517050207e-010             -5.14206870939e-008
   8.06174773359e-010             -5.18562126874e-008
   8.20832496511e-010             -5.21543613640e-008
   8.35490219663e-010             -5.21514766859e-008
   8.50147942815e-010             -5.20713687606e-008
   8.64805665967e-010             -5.20848127588e-008
   8.79463389119e-010             -5.20784084107e-008
   8.94121112271e-010             -5.20139938594e-008
   9.08778835423e-010             -5.21967045543e-008
   9.23436558575e-010             -5.21646296268e-008
   9.38094281727e-010             -5.22928763045e-008
   9.52752004878e-010             -5.20776408380e-008
   9.67409728030e-010             -5.18796602521e-008
   9.82067451182e-010             -5.17076676643e-008
   9.96725174334e-010             -5.17474437501e-008
   1.01138289749e-009             -5.17280454031e-008
   1.02604062064e-009             -5.15063260401e-008
   1.04069834379e-009             -5.12648907566e-008
   1.05535606694e-009             -5.14139121401e-008
   1.07001379009e-009             -5.13545258881e-008
   1.08467151325e-009             -5.11402167812e-008
   1.09932923640e-009             -5.16334348494e-008
   1.11398695955e-009             -5.15707405914e-008
   1.12864468270e-009             -5.12766940098e-008
   1.14330240585e-009             -5.14798086495e-008
   1.15796012901e-009             -5.16935621579e-008
   1.17261785216e-009             -5.13524616601e-008
   1.18727557531e-009             -5.14160822776e-008
   1.20193329846e-009             -5.17345026284e-008
   1.21659102161e-009             -5.15280004342e-008
   1.23124874477e-009             -5.17911631441e-008
   1.24590646792e-009             -5.19951776272e-008
   1.26056419107e-009             -5.18855882399e-008
   1.27522191422e-009             -5.15861694242e-008
   1.28987963737e-009             -5.18043424460e-008
   1.30453736053e-009             -5.19618852828e-008
   1.31919508368e-009             -5.15323141931e-008
   1.33385280683e-009             -5.12642292484e-008
   1.34851052998e-009             -5.17723997891e-008
   1.36316825313e-009             -5.21111184853e-008
   1.37782597629e-009             -5.20172755043e-008
   1.39248369944e-009             -5.23660770054e-008
   1.40714142259e-009             -5.27382731939e-008
   1.42179914574e-009             -5.26033574718e-008
   1.43645686889e-009             -5.22289911458e-008
   1.45111459205e-009             -5.26228617284e-008
   1.46577231520e-009             -5.25660160648e-008
   1.48043003835e-009             -5.24107226039e-008
   1.49508776150e-009             -5.24204879902e-008
   1.50974548465e-009             -5.24054297632e-008
   1.52440320781e-009             -5.24104050303e-008
   1.53906093096e-009             -5.23756307277e-008
   1.55371865411e-009             -5.22197549970e-008
   1.56837637726e-009             -5.21576430089e-008
   1.58303410041e-009             -5.21048198918e-008
   1.59769182357e-009             -5.19894347873e-008
   1.61234954672e-009             -5.13677317062e-008
   1.62700726987e-009             -5.10369259874e-008
   1.64166499302e-009             -5.13807257052e-008
   1.65632271617e-009             -5.14901563057e-008
   1.67098043933e-009             -5.13571723860e-008
   1.68563816248e-009             -5.17444268015e-008
   1.70029588563e-009             -5.20675578781e-008
   1.71495360878e-009             -5.18678041216e-008
   1.72961133193e-009             -5.16744548683e-008
   1.74426905509e-009             -5.20630854874e-008
   1.75892677824e-009             -5.21566902883e-008
   1.77358450139e-009             -5.18829682582e-008
   1.78824222454e-009             -5.22541323326e-008
   1.80289994769e-009             -5.23540357270e-008
   1.81755767085e-009             -5.24259926499e-008
   1.83221539400e-009             -5.25193592706e-008
   1.84687311715e-009             -5.26637493216e-008
   1.86153084030e-009             -5.24598936253e-008
   1.87618856345e-009             -5.22653004388e-008
   1.89084628661e-009             -5.25275102731e-008
   1.90550400976e-009             -5.23731695328e-008
   1.92016173291e-009             -5.21453899115e-008
   1.93481945606e-009             -5.26875144598e-008
   1.94947717921e-009             -5.26346384655e-008
   1.96413490236e-009             -5.24129984959e-008
   1.97879262552e-009             -5.27567983687e-008
   1.99345034867e-009             -5.30819671572e-008
   2.00810807182e-009             -5.28260028842e-008
   2.02276579497e-009             -5.26622143311e-008
   2.03742351812e-009             -5.28337834359e-008
   2.05208124128e-009             -5.26683276218e-008
   2.06673896443e-009             -5.25107317527e-008
   2.08139668758e-009             -5.25533660004e-008
   2.09605441073e-009             -5.27504734141e-008
   2.11071213388e-009             -5.26147107259e-008
   2.12536985704e-009             -5.23889159392e-008
   2.14002758019e-009             -5.24212025307e-008
   2.15468530334e-009             -5.23023771496e-008
   2.16934302649e-009             -5.19344151716e-008
   2.18400074964e-009             -5.19545282141e-008
   2.19865847280e-009             -5.19934574889e-008
   2.21331619595e-009             -5.18688892679e-008
   2.22797391910e-009             -5.19455038844e-008
   2.24263164225e-009             -5.19441541968e-008
   2.25728936540e-009             -5.19501880941e-008
   2.27194708856e-009             -5.21254092946e-008
   2.28660481171e-009             -5.22575992805e-008
   2.30126253486e-009             -5.23759748174e-008
   2.31592025801e-009             -5.24162007474e-008
   2.33057798116e-009             -5.25113140225e-008
   2.34523570432e-009             -5.24153802974e-008
   2.35989342747e-009             -5.25889607530e-008
   2.37455115062e-009             -5.28362711470e-008
   2.38920887377e-009             -5.29104510847e-008
   2.40386659692e-009             -5.28461688040e-008
   2.41852432008e-009             -5.29086513979e-008
   2.43318204323e-009             -5.29614216378e-008
   2.44783976638e-009             -5.27563220084e-008
   2.46249748953e-009             -5.28152319000e-008
   2.47715521268e-009             -5.30956758517e-008
   2.49181293584e-009             -5.29928614182e-008
   2.50647065899e-009             -5.26580858751e-008
   2.52112838214e-009             -5.29245037138e-008
   2.53578610529e-009             -5.31270362387e-008
   2.55044382844e-009             -5.27068599296e-008
   2.56510155160e-009             -5.26220943107e-008
   2.57975927475e-009             -5.30333520445e-008
   2.59441699790e-009             -5.29755800214e-008
   2.60907472105e-009             -5.24377428709e-008
   2.62373244420e-009             -5.25407954845e-008
   2.63839016736e-009             -5.25140399138e-008
   2.65304789051e-009             -5.23145772147e-008
   2.66770561366e-009             -5.21658205275e-008
   2.68236333681e-009             -5.23999251035e-008
   2.69702105996e-009             -5.23907683481e-008
   2.71167878312e-009             -5.18816979640e-008
   2.72633650627e-009             -5.19547663943e-008
   2.74099422942e-009             -5.19615677092e-008
   2.75565195257e-009             -5.20343979593e-008
   2.77030967572e-009             -5.20420726015e-008
   2.78496739888e-009             -5.20266439238e-008
   2.79962512203e-009             -5.21278439734e-008
   2.81428284518e-009             -5.19746412566e-008
   2.82894056833e-009             -5.21869655290e-008
   2.84359829148e-009             -5.20848656360e-008
   2.85825601464e-009             -5.22143562468e-008
   2.87291373779e-009             -5.23505952953e-008
   2.88757146094e-009             -5.23540357270e-008
   2.90222918409e-009             -5.23491398533e-008
   2.91688690724e-009             -5.24984788103e-008
   2.93154463040e-009             -5.24236372094e-008
   2.94620235355e-009             -5.24251193227e-008
   2.96086007670e-009             -5.25106259982e-008
   2.97551779985e-009             -5.28039051621e-008
   2.99017552300e-009             -5.26419426569e-008
   3.00483324616e-009             -5.27670135992e-008
   3.01949096931e-009             -5.30860692521e-008
   3.03414869246e-009             -5.28374091706e-008
   3.04880641561e-009             -5.27510291678e-008
   3.06346413876e-009             -5.31087757602e-008
   3.07812186192e-009             -5.30793208144e-008
   3.09277958507e-009             -5.29146059018e-008
   3.10743730822e-009             -5.27315247562e-008
   3.12209503137e-009             -5.30653210625e-008
   3.13675275452e-009             -5.36354978368e-008
   3.15141047768e-009             -5.54889364078e-008
   3.16606820083e-009             -5.53530414489e-008
   3.18072592398e-009             -5.51715746872e-008
   3.19538364713e-009             -5.47623811813e-008
   3.21004137028e-009             -5.44770148397e-008
   3.22469909343e-009             -5.45233276993e-008
   3.23935681659e-009             -5.45160235079e-008
   3.25401453974e-009             -5.43313014623e-008
   3.26867226289e-009             -5.46593285677e-008
   3.28332998604e-009             -5.53991424894e-008
   3.29798770919e-009             -5.55222022360e-008
   3.31264543235e-009             -5.54445820217e-008
   3.32730315550e-009             -5.54752278683e-008
   3.34196087865e-009             -5.55221228427e-008
   3.35661860180e-009             -5.56872347222e-008
   3.37127632495e-009             -5.55712409868e-008
   3.38593404811e-009             -5.57169278482e-008
   3.40059177126e-009             -5.55360166850e-008
   3.41524949441e-009             -5.57496114066e-008
   3.42990721756e-009             -5.54834847804e-008
   3.44456494071e-009             -5.55085996061e-008
   3.45922266387e-009             -5.49645961327e-008
   3.47388038702e-009             -5.44491212455e-008
   3.48853811017e-009             -5.40037773884e-008
   3.50319583332e-009             -5.42014138845e-008
   3.51785355647e-009             -5.44554198390e-008
   3.53251127963e-009             -5.46856606553e-008
   3.54716900278e-009             -5.56964972321e-008
   3.56182672593e-009             -5.59521968088e-008
   3.57648444908e-009             -5.59371385818e-008
   3.59114217223e-009             -5.59169726620e-008
   3.60579989539e-009             -5.59623328009e-008
   3.62045761854e-009             -5.60212690536e-008
   3.63511534169e-009             -5.59024171564e-008
   3.64977306484e-009             -5.58744706849e-008
   3.66443078799e-009             -5.59920259269e-008
   3.67908851115e-009             -5.61528504086e-008
   3.69374623430e-009             -5.62266597404e-008
   3.70840395745e-009             -5.64868055017e-008
   3.72306168060e-009             -5.65944629317e-008
   3.73771940375e-009             -5.67454955109e-008
   3.75237712691e-009             -5.68590016902e-008
   3.76703485006e-009             -5.62661447689e-008
   3.78169257321e-009             -5.57343678767e-008
   3.79635029636e-009             -5.54316143838e-008
   3.81100801951e-009             -5.54403476562e-008
   3.82566574267e-009             -5.55079114268e-008
   3.84032346582e-009             -5.54823997891e-008
   3.85498118897e-009             -5.54945204609e-008
   3.86963891212e-009             -5.56181094450e-008
   3.88429663527e-009             -5.55991080649e-008
   3.89895435843e-009             -5.55504927972e-008
   3.91361208158e-009             -5.55865373940e-008
   3.92826980473e-009             -5.58843419808e-008
   3.94292752788e-009             -5.59483330490e-008
   3.95758525103e-009             -5.54804943479e-008
   3.97224297419e-009             -5.55946883965e-008
   3.98690069734e-009             -5.55920155375e-008
   4.00155842049e-009             -5.56588118904e-008
   4.01621614364e-009             -5.56602144552e-008
   4.03087386679e-009             -5.59681020019e-008
   4.04553158995e-009             -5.62942500271e-008
   4.06018931310e-009             -5.63036449627e-008
   4.07484703625e-009             -5.59885589791e-008
   4.08950475940e-009             -5.59950163594e-008
   4.10416248255e-009             -5.59604537208e-008
   4.11882020571e-009             -5.58394318411e-008
   4.13347792886e-009             -5.58509702430e-008
   4.14813565201e-009             -5.60859746623e-008
   4.16279337516e-009             -5.62464817256e-008
   4.17745109831e-009             -5.59638941525e-008
   4.19210882147e-009             -5.58897407310e-008
   4.20676654462e-009             -5.62030799051e-008
   4.22142426777e-009             -5.61544382763e-008
   4.23608199092e-009             -5.58012436229e-008
   4.25073971407e-009             -5.56149073485e-008
   4.26539743723e-009             -5.57394755695e-008
   4.28005516038e-009             -5.55881517778e-008
   4.29471288353e-009             -5.54181705407e-008
   4.30937060668e-009             -5.49240261130e-008
   4.32402832983e-009             -5.43327835755e-008
   4.33868605299e-009             -5.43483975562e-008
   4.35334377614e-009             -5.45238569368e-008
   4.36800149929e-009             -5.44386678348e-008
   4.38265922244e-009             -5.44041317124e-008
   4.39731694559e-009             -5.44623799408e-008
   4.41197466875e-009             -5.46181762781e-008
   4.42663239190e-009             -5.48880872707e-008
   4.44129011505e-009             -5.49418365923e-008
   4.45594783820e-009             -5.52703664191e-008
   4.47060556135e-009             -5.52234185675e-008
   4.48526328450e-009             -5.52455162896e-008
   4.49992100766e-009             -5.52586161981e-008
   4.51457873081e-009             -5.54789858736e-008
   4.52923645396e-009             -5.54662564158e-008
   4.54389417711e-009             -5.55416272543e-008
   4.55855190026e-009             -5.54092784816e-008
   4.57320962342e-009             -5.51439986664e-008
   4.58786734657e-009             -5.51212656422e-008
   4.60252506972e-009             -5.49328916559e-008
   4.61718279287e-009             -5.51082981594e-008
   4.63184051602e-009             -5.51870827583e-008
   4.64649823918e-009             -5.52914321822e-008
   4.66115596233e-009             -5.52128062150e-008
   4.67581368548e-009             -5.51679754687e-008
   4.69047140863e-009             -5.53869689404e-008
   4.70512913178e-009             -5.52013472065e-008
   4.71978685494e-009             -5.52233391741e-008
   4.73444457809e-009             -5.55125162431e-008
   4.74910230124e-009             -5.55975730745e-008
   4.76376002439e-009             -5.54099136287e-008
   4.77841774754e-009             -5.54196790150e-008
   4.79307547070e-009             -5.54585287413e-008
   4.80773319385e-009             -5.53520093349e-008
   4.82239091700e-009             -5.51819752206e-008
   4.83704864015e-009             -5.50409725690e-008
   4.85170636330e-009             -5.50860680116e-008
   4.86636408646e-009             -5.46934146909e-008
   4.88102180961e-009             -5.46268830343e-008
   4.89567953276e-009             -5.45855721131e-008
   4.91033725591e-009             -5.46208491371e-008
   4.92499497906e-009             -5.46622130906e-008
   4.93965270222e-009             -5.48342321946e-008
   4.95431042537e-009             -5.49027221697e-008
   4.96896814852e-009             -5.48355553660e-008
   4.98362587167e-009             -5.47925506676e-008
   4.99828359482e-009             -5.49683011056e-008
   5.01294131798e-009             -5.50938749244e-008
   5.02759904113e-009             -5.50033929817e-008
   5.04225676428e-009             -5.53336694630e-008
   5.05691448743e-009             -5.52954547287e-008
   5.07157221058e-009             -5.52976513824e-008
   5.08622993374e-009             -5.51705689342e-008
   5.10088765689e-009             -5.49953477337e-008
   5.11554538004e-009             -5.51109181411e-008
   5.13020310319e-009             -5.52768237994e-008
   5.14486082634e-009             -5.53401532044e-008
   5.15951854950e-009             -5.53523003923e-008
   5.17417627265e-009             -5.50033664656e-008
   5.18883399580e-009             -5.51573632713e-008
   5.20349171895e-009             -5.52480040007e-008
   5.21814944210e-009             -5.53461342244e-008
   5.23280716526e-009             -5.54281475911e-008
   5.24746488841e-009             -5.54263215432e-008
   5.26212261156e-009             -5.53264711811e-008
   5.27678033471e-009             -5.55385837895e-008
   5.29143805786e-009             -5.56849323140e-008
   5.30609578102e-009             -5.58391671448e-008
   5.32075350417e-009             -5.55647570904e-008
   5.33541122732e-009             -5.55151627409e-008
   5.35006895047e-009             -5.53737631224e-008
   5.36472667362e-009             -5.51477301555e-008
   5.37938439678e-009             -5.51018407790e-008
   5.39404211993e-009             -5.49546189273e-008
   5.40869984308e-009             -5.48873463691e-008
   5.42335756623e-009             -5.47682562918e-008
   5.43801528938e-009             -5.47577498488e-008
   5.45267301254e-009             -5.42604296857e-008
   5.46733073569e-009             -5.41038130534e-008
   5.48198845884e-009             -5.41653164106e-008
   5.49664618199e-009             -5.41418424848e-008
   5.51130390514e-009             -5.35436396905e-008
   5.52596162830e-009             -5.34088033618e-008
   5.54061935145e-009             -5.33503961916e-008
   5.55527707460e-009             -5.32842351409e-008
   5.56993479775e-009             -5.52802905922e-008
   5.58459252090e-009             -5.55341906372e-008
   5.59925024406e-009             -5.57018694661e-008
   5.61390796721e-009             -5.54082198514e-008
   5.62856569036e-009             -5.55221758750e-008
   5.64322341351e-009             -5.55109548915e-008
   5.65788113666e-009             -5.55470788817e-008
   5.67253885982e-009             -5.53481719363e-008
   5.68719658297e-009             -5.51862888245e-008
   5.70185430612e-009             -5.51975363240e-008
   5.71651202927e-009             -5.48118961373e-008
   5.73116975242e-009             -5.45797233637e-008
   5.74582747557e-009             -5.44455485432e-008
   5.76048519873e-009             -5.43372030889e-008
   5.77514292188e-009             -5.39062292794e-008
   5.78980064503e-009             -5.33284307401e-008
   5.80445836818e-009             -5.32986053435e-008
   5.81911609133e-009             -5.33223439656e-008
   5.83377381449e-009             -5.42634995115e-008
   5.84843153764e-009             -5.55579557754e-008
   5.86308926079e-009             -5.54386275179e-008
   5.87774698394e-009             -5.55153215277e-008
   5.89240470709e-009             -5.55313324753e-008
   5.90706243025e-009             -5.53909914869e-008
   5.92172015340e-009             -5.55722994619e-008
   5.93637787655e-009             -5.54391303943e-008
   5.95103559970e-009             -5.53621716882e-008
   5.96569332285e-009             -5.52026703779e-008
   5.98035104601e-009             -5.53869424243e-008
   5.99500876916e-009             -5.54374894943e-008
   6.00966649231e-009             -5.53039498209e-008
   6.02432421546e-009             -5.56024954643e-008
   6.03898193861e-009             -5.54269832064e-008
   6.05363966177e-009             -5.55370753152e-008
   6.06829738492e-009             -5.56145103816e-008
   6.08295510807e-009             -5.56307066321e-008
   6.09761283122e-009             -5.55685416117e-008
   6.11227055437e-009             -5.55610256013e-008
   6.12692827753e-009             -5.57969298640e-008
   6.14158600068e-009             -5.57991793949e-008
   6.15624372383e-009             -5.55222287522e-008
   6.17090144698e-009             -5.57240732528e-008
   6.18555917013e-009             -5.58785991409e-008
   6.20021689329e-009             -5.56981379770e-008
   6.21487461644e-009             -5.58181544139e-008
   6.22953233959e-009             -5.58506791856e-008
   6.24419006274e-009             -5.58549399122e-008
   6.25884778589e-009             -5.57799396796e-008
   6.27350550905e-009             -5.58387173006e-008
   6.28816323220e-009             -5.58520817504e-008
   6.30282095535e-009             -5.57460915815e-008
   6.31747867850e-009             -5.58820130565e-008
   6.33213640165e-009             -5.59137704105e-008
   6.34679412481e-009             -5.61017475849e-008
   6.36145184796e-009             -5.59648468731e-008
   6.37610957111e-009             -5.58363883763e-008
   6.39076729426e-009             -5.58805045822e-008
   6.40542501741e-009             -5.57801249826e-008
   6.42008274057e-009             -5.55809269798e-008
   6.43474046372e-009             -5.53273708695e-008
   6.44939818687e-009             -5.51690340988e-008
   6.46405591002e-009             -5.53551585542e-008
   6.47871363317e-009             -5.53067285894e-008
   6.49337135633e-009             -5.51400555133e-008
   6.50802907948e-009             -5.52386620974e-008
   6.52268680263e-009             -5.52163525562e-008
   6.53734452578e-009             -5.49963798477e-008
   6.55200224893e-009             -5.49590120796e-008
   6.56665997209e-009             -5.52229950844e-008
   6.58131769524e-009             -5.54469638233e-008
   6.59597541839e-009             -5.53895624060e-008
   6.61063314154e-009             -5.55700500861e-008
   6.62529086469e-009             -5.56603732419e-008
   6.63994858785e-009             -5.55040211509e-008
   6.65460631100e-009             -5.56782367536e-008
   6.66926403415e-009             -5.59122884523e-008
   6.68392175730e-009             -5.59439398967e-008
   6.69857948045e-009             -5.58787579277e-008
   6.71323720361e-009             -5.56670157701e-008
   6.72789492676e-009             -5.56512164865e-008
   6.74255264991e-009             -5.55017981361e-008
   6.75721037306e-009             -5.53823110918e-008
   6.77186809621e-009             -5.55802388004e-008
   6.78652581937e-009             -5.54183556886e-008
   6.80118354252e-009             -5.53009328723e-008
   6.81584126567e-009             -5.55011895052e-008
   6.83049898882e-009             -5.55266482656e-008
   6.84515671197e-009             -5.54855755245e-008
   6.85981443513e-009             -5.57974062243e-008
   6.87447215828e-009             -5.60093336848e-008
   6.88912988143e-009             -5.57645373630e-008
   6.90378760458e-009             -5.57464621873e-008
   6.91844532773e-009             -5.55237901037e-008
   6.93310305089e-009             -5.54853373444e-008
   6.94776077404e-009             -5.55295064275e-008
   6.96241849719e-009             -5.54368808634e-008
   6.97707622034e-009             -5.54189908356e-008
   6.99173394349e-009             -5.54473079130e-008
   7.00639166664e-009             -5.51486299989e-008
   7.02104938980e-009             -5.48460352928e-008
   7.03570711295e-009             -5.44770413559e-008
   7.05036483610e-009             -5.43329158461e-008
   7.06502255925e-009             -5.44699488285e-008
   7.07968028240e-009             -5.42882173704e-008
   7.09433800556e-009             -5.43246854502e-008
   7.10899572871e-009             -5.48486023973e-008
   7.12365345186e-009             -5.53267093613e-008
   7.13831117501e-009             -5.50125232210e-008
   7.15296889816e-009             -5.51792493293e-008
   7.16762662132e-009             -5.52755800214e-008
   7.18228434447e-009             -5.50584919909e-008
   7.19694206762e-009             -5.48802273256e-008
   7.21159979077e-009             -5.50262582766e-008
   7.22625751392e-009             -5.51344449441e-008
   7.24091523708e-009             -5.50736561274e-008
   7.25557296023e-009             -5.53903034626e-008
   7.27023068338e-009             -5.56117316131e-008
   7.28488840653e-009             -5.52638298004e-008
   7.29954612968e-009             -5.52121975841e-008
   7.31420385284e-009             -5.53428790957e-008
   7.32886157599e-009             -5.52881770535e-008
   7.34351929914e-009             -5.52680640109e-008
   7.35817702229e-009             -5.56384077905e-008
   7.37283474544e-009             -5.59230594365e-008
   7.38749246860e-009             -5.59688694196e-008
   7.40215019175e-009             -5.59139028361e-008
   7.41680791490e-009             -5.60177493836e-008
   7.43146563805e-009             -5.58075685776e-008
   7.44612336120e-009             -5.56537041976e-008
   7.46078108436e-009             -5.55290037061e-008
   7.47543880751e-009             -5.53363688381e-008
   7.49009653066e-009             -5.53439112097e-008
   7.50475425381e-009             -5.50148785064e-008
   7.51941197696e-009             -5.49365702678e-008
   7.53406970012e-009             -5.47662449410e-008
   7.54872742327e-009             -5.45735837120e-008
   7.56338514642e-009             -5.46684057746e-008
   7.57804286957e-009             -5.44592307215e-008
   7.59270059272e-009             -5.40677684566e-008
   7.60735831588e-009             -5.33503961916e-008
   7.62201603903e-009             -5.28231183613e-008
   7.63667376218e-009             -5.28131941882e-008
   7.65133148533e-009             -5.29615273923e-008
   7.66598920848e-009             -5.47340906201e-008
   7.68064693164e-009             -5.54707024454e-008
   7.69530465479e-009             -5.55989756393e-008
   7.70996237794e-009             -5.57914252043e-008
   7.72462010109e-009             -5.55329468592e-008
   7.73927782424e-009             -5.56469557599e-008
   7.75393554740e-009             -5.58152432198e-008
   7.76859327055e-009             -5.57990734854e-008
   7.78325099370e-009             -5.56547628278e-008
   7.79790871685e-009             -5.56389899053e-008
   7.81256644000e-009             -5.56543922219e-008
   7.82722416316e-009             -5.52602305820e-008
   7.84188188631e-009             -5.48495814790e-008
   7.85653960946e-009             -5.62152536091e-008
   7.87119733261e-009             -5.64024632108e-008
   7.88585505576e-009             -5.62098019817e-008
   7.90051277892e-009             -5.60560698724e-008
   7.91517050207e-009             -5.59238798865e-008
   7.92982822522e-009             -5.58023551303e-008
   7.94448594837e-009             -5.58729358495e-008
   7.95914367152e-009             -5.59331160353e-008
   7.97380139468e-009             -5.59691869931e-008
   7.98845911783e-009             -5.59722569741e-008
   8.00311684098e-009             -5.58719566128e-008
   8.01777456413e-009             -5.56976881329e-008
   8.03243228728e-009             -5.56111493433e-008
   8.04709001044e-009             -5.56683125804e-008
   8.06174773359e-009             -5.55769042782e-008
   8.07640545674e-009             -5.55179415094e-008
   8.09106317989e-009             -5.53525385725e-008
   8.10572090304e-009             -5.53292763107e-008
   8.12037862620e-009             -5.54061291073e-008
   8.13503634935e-009             -5.55200057374e-008
   8.14969407250e-009             -5.58548870350e-008
   8.16435179565e-009             -5.56880021399e-008
   8.17900951880e-009             -5.56712501357e-008
   8.19366724196e-009             -5.57457740080e-008
   8.20832496511e-009             -5.57065536758e-008
   8.22298268826e-009             -5.55845525594e-008
   8.23764041141e-009             -5.57262432353e-008
   8.25229813456e-009             -5.58344300578e-008
   8.26695585771e-009             -5.57435246321e-008
   8.28161358087e-009             -5.59838484083e-008
   8.29627130402e-009             -5.57607793577e-008
   8.31092902717e-009             -5.57365908915e-008
   8.32558675032e-009             -5.57984383383e-008
   8.34024447347e-009             -5.58821189660e-008
   8.35490219663e-009             -5.58223886244e-008
   8.36955991978e-009             -5.58437190839e-008
   8.38421764293e-009             -5.56512695188e-008
   8.39887536608e-009             -5.59117326986e-008
   8.41353308923e-009             -5.60379946968e-008
   8.42819081239e-009             -5.60228040441e-008
   8.44284853554e-009             -5.63070323621e-008
   8.45750625869e-009             -5.63414890912e-008
   8.47216398184e-009             -5.61698671091e-008
   8.48682170499e-009             -5.61381361162e-008
   8.50147942815e-009             -5.58075950937e-008
   8.51613715130e-009             -5.57269048985e-008
   8.53079487445e-009             -5.58586185241e-008
   8.54545259760e-009             -5.57029546124e-008
   8.56011032075e-009             -5.56103554094e-008
   8.57476804391e-009             -5.55473699391e-008
   8.58942576706e-009             -5.53718576812e-008
   8.60408349021e-009             -5.52606275489e-008
   8.61874121336e-009             -5.51580512956e-008
   8.63339893651e-009             -5.53045055746e-008
   8.64805665967e-009             -5.51138820574e-008
   8.66271438282e-009             -5.50769906496e-008
   8.67737210597e-009             -5.51274583262e-008
   8.69202982912e-009             -5.54115014964e-008
   8.70668755227e-009             -5.56380371846e-008
   8.72134527543e-009             -5.55336348835e-008
   8.73600299858e-009             -5.55687267596e-008
   8.75066072173e-009             -5.57282811022e-008
   8.76531844488e-009             -5.55739138458e-008
   8.77997616803e-009             -5.55451205632e-008
   8.79463389119e-009             -5.55853730094e-008
   8.80929161434e-009             -5.56534395013e-008
   8.82394933749e-009             -5.55627458946e-008
   8.83860706064e-009             -5.53946700988e-008
   8.85326478379e-009             -5.52756063825e-008
   8.86792250695e-009             -5.54663358092e-008
   8.88258023010e-009             -5.52402499651e-008
   8.89723795325e-009             -5.52392707283e-008
   8.91189567640e-009             -5.52963545721e-008
   8.92655339955e-009             -5.55060853789e-008
   8.94121112271e-009             -5.56774956969e-008
   8.95586884586e-009             -5.59571722309e-008
   8.97052656901e-009             -5.57694068756e-008
   8.98518429216e-009             -5.59367416148e-008
   8.99984201531e-009             -5.58665578626e-008
   9.01449973847e-009             -5.56983497961e-008
   9.02915746162e-009             -5.59910732063e-008
   9.04381518477e-009             -5.60557522988e-008
   9.05847290792e-009             -5.55989227620e-008
   9.07313063107e-009             -5.53745305401e-008
   9.08778835423e-009             -5.53471928546e-008
   9.10244607738e-009             -5.52489038441e-008
   9.11710380053e-009             -5.50118086806e-008
   9.13176152368e-009             -5.47648423762e-008
   9.14641924683e-009             -5.46411209664e-008
   9.16107696999e-009             -5.45753038503e-008
   9.17573469314e-009             -5.42997559274e-008
   9.19039241629e-009             -5.43525788894e-008
   9.20505013944e-009             -5.44227891578e-008
   9.21970786259e-009             -5.52655764549e-008
   9.23436558575e-009             -5.51050959078e-008
   9.24902330890e-009             -5.52779881840e-008
   9.26368103205e-009             -5.51170049156e-008
   9.27833875520e-009             -5.50638113477e-008
   9.29299647835e-009             -5.47573528819e-008
   9.30765420151e-009             -5.47481432492e-008
   9.32231192466e-009             -5.51531289057e-008
   9.33696964781e-009             -5.53037646730e-008
   9.35162737096e-009             -5.53461871017e-008
   9.36628509411e-009             -5.53426937927e-008
   9.38094281727e-009             -5.54248659461e-008
   9.39560054042e-009             -5.54117396765e-008
   9.41025826357e-009             -5.53842695654e-008
   9.42491598672e-009             -5.53553173409e-008
   9.43957370987e-009             -5.55225728419e-008
   9.45423143303e-009             -5.57933571617e-008
   9.46888915618e-009             -5.59426961187e-008
   9.48354687933e-009             -5.58490384407e-008
   9.49820460248e-009             -5.60578430430e-008
   9.51286232563e-009             -5.61302498100e-008
   9.52752004878e-009             -5.59806461567e-008
   9.54217777194e-009             -5.59024701887e-008
   9.55683549509e-009             -5.56103819256e-008
   9.57149321824e-009             -5.54572849633e-008
   9.58615094139e-009             -5.54054939602e-008
   9.60080866454e-009             -5.50145874490e-008
   9.61546638770e-009             -5.51452160834e-008
   9.63012411085e-009             -5.52326016840e-008
   9.64478183400e-009             -5.47477462823e-008
   9.65943955715e-009             -5.44682815674e-008
   9.67409728030e-009             -5.42078183876e-008
   9.68875500346e-009             -5.37009710183e-008
   9.70341272661e-009             -5.31823997891e-008
   9.71807044976e-009             -5.30388036719e-008
   9.73272817291e-009             -5.29941317124e-008
   9.74738589606e-009             -5.30964167532e-008
   9.76204361922e-009             -5.47587554467e-008
   9.77670134237e-009             -5.55117488254e-008
   9.79135906552e-009             -5.56166803641e-008
   9.80601678867e-009             -5.56591029478e-008
   9.82067451182e-009             -5.55472905457e-008
   9.83533223498e-009             -5.56796129572e-008
   9.84998995813e-009             -5.55960380840e-008
   9.86464768128e-009             -5.54496897145e-008
   9.87930540443e-009             -5.56616435361e-008
   9.89396312758e-009             -5.56038716680e-008
   9.90862085074e-009             -5.58703687451e-008
   9.92327857389e-009             -5.59417699142e-008
   9.93793629704e-009             -5.59553196669e-008
   9.95259402019e-009             -5.60063696134e-008
   9.96725174334e-009             -5.61708198297e-008
   9.98190946650e-009             -5.58146080727e-008
   9.99656718965e-009             -5.58716919165e-008
   1.00112249128e-008             -5.57891227961e-008
   1.00258826360e-008             -5.58692572377e-008
   1.00405403591e-008             -5.60005210191e-008
   1.00551980823e-008             -5.60329663974e-008
   1.00698558054e-008             -5.60250535750e-008
   1.00845135286e-008             -5.61609220177e-008
   1.00991712517e-008             -5.60713927957e-008
   1.01138289749e-008             -5.59741093830e-008
   1.01284866980e-008             -5.58348270248e-008
   1.01431444212e-008             -5.56153571927e-008
   1.01578021443e-008             -5.55740726325e-008
   1.01724598675e-008             -5.56000077533e-008
   1.01871175906e-008             -5.55193705903e-008
   1.02017753138e-008             -5.56034481850e-008
   1.02164330369e-008             -5.56239581944e-008
   1.02310907601e-008             -5.55992138194e-008
   1.02457484832e-008             -5.56369787095e-008
   1.02604062064e-008             -5.56805920390e-008
   1.02750639295e-008             -5.56499461924e-008
   1.02897216527e-008             -5.57696714168e-008
   1.03043793758e-008             -5.55898984323e-008
   1.03190370990e-008             -5.56345703918e-008
   1.03336948221e-008             -5.58719831289e-008
   1.03483525453e-008             -5.57081680597e-008
   1.03630102684e-008             -5.56633636744e-008
   1.03776679916e-008             -5.56962855681e-008
   1.03923257148e-008             -5.59122355751e-008
   1.04069834379e-008             -5.55759515576e-008
   1.04216411611e-008             -5.57147311945e-008
   1.04362988842e-008             -5.54961877219e-008
   1.04509566074e-008             -5.55219376948e-008
   1.04656143305e-008             -5.57550895502e-008
   1.04802720537e-008             -5.57563333282e-008
   1.04949297768e-008             -5.60825607468e-008
   1.05095875000e-008             -5.62045355022e-008
   1.05242452231e-008             -5.62573586193e-008
   1.05389029463e-008             -5.62941177565e-008
   1.05535606694e-008             -5.61208283583e-008
   1.05682183926e-008             -5.61165676317e-008
   1.05828761157e-008             -5.62495780676e-008
   1.05975338389e-008             -5.61256449937e-008
   1.06121915620e-008             -5.59107271007e-008
   1.06268492852e-008             -5.61685174216e-008
   1.06415070083e-008             -5.58819073020e-008
   1.06561647315e-008             -5.57974856177e-008
   1.06708224546e-008             -5.57203946409e-008
   1.06854801778e-008             -5.55561562437e-008
   1.07001379009e-008             -5.54365632899e-008
   1.07147956241e-008             -5.54654624820e-008
   1.07294533472e-008             -5.51597979500e-008
   1.07441110704e-008             -5.51748298159e-008
   1.07587687936e-008             -5.54230398983e-008
   1.07734265167e-008             -5.53664324148e-008
   1.07880842399e-008             -5.58317041666e-008
   1.08027419630e-008             -5.58115117307e-008
   1.08173996862e-008             -5.57335474267e-008
   1.08320574093e-008             -5.56622521670e-008
   1.08467151325e-008             -5.55477405449e-008
   1.08613728556e-008             -5.57210032719e-008
   1.08760305788e-008             -5.57444243204e-008
   1.08906883019e-008             -5.56789512940e-008
   1.09053460251e-008             -5.55701029633e-008
   1.09200037482e-008             -5.57937806448e-008
   1.09346614714e-008             -5.55214083022e-008
   1.09493191945e-008             -5.54809176759e-008
   1.09639769177e-008             -5.55055296252e-008
   1.09786346408e-008             -5.55805034967e-008
   1.09932923640e-008             -5.54871633922e-008
   1.10079500871e-008             -5.56881344105e-008
   1.10226078103e-008             -5.58409666765e-008
   1.10372655334e-008             -5.62082141140e-008
   1.10519232566e-008             -5.63404040999e-008
   1.10665809797e-008             -5.63688004156e-008
   1.10812387029e-008             -5.65365321218e-008
   1.10958964260e-008             -5.65767845679e-008
   1.11105541492e-008             -5.63917979811e-008
   1.11252118724e-008             -5.64706621284e-008
   1.11398695955e-008             -5.66061337592e-008
   1.11545273187e-008             -5.67296433500e-008
   1.11691850418e-008             -5.71426742545e-008
   1.11838427650e-008             -5.72486644234e-008
   1.11985004881e-008             -5.72191035681e-008
   1.12131582113e-008             -5.76614569927e-008
   1.12278159344e-008             -6.11241994759e-008
   1.12424736576e-008             -6.10655807967e-008
   1.12571313807e-008             -6.08973196979e-008
   1.12717891039e-008             -6.10540687559e-008
   1.12864468270e-008             -6.10317855758e-008
   1.13011045502e-008             -6.11376699902e-008
   1.13157622733e-008             -6.09394247081e-008
   1.13304199965e-008             -6.09341317124e-008
   1.13450777196e-008             -6.09280714540e-008
   1.13597354428e-008             -6.07262269534e-008
   1.13743931659e-008             -6.08169207152e-008
   1.13890508891e-008             -6.08222400720e-008
   1.14037086122e-008             -6.08507422971e-008
   1.14183663354e-008             -6.06216129883e-008
   1.14330240585e-008             -6.04733590225e-008
   1.14476817817e-008             -6.04300631115e-008
   1.14623395048e-008             -6.04169368419e-008
   1.14769972280e-008             -6.04471063282e-008
   1.14916549511e-008             -6.08275063964e-008
   1.15063126743e-008             -6.09979111166e-008
   1.15209703975e-008             -6.04907461738e-008
   1.15356281206e-008             -6.01906126626e-008
   1.15502858438e-008             -6.02992758455e-008
   1.15649435669e-008             -6.02709852843e-008
   1.15796012901e-008             -6.10469233513e-008
   1.15942590132e-008             -6.12257436152e-008
   1.16089167364e-008             -6.10020395726e-008
   1.16235744595e-008             -6.10576678193e-008
   1.16382321827e-008             -6.11304980694e-008
   1.16528899058e-008             -6.07183935245e-008
   1.16675476290e-008             -6.14931405356e-008
   1.16822053521e-008             -6.16441997860e-008
   1.16968630753e-008             -6.16293795841e-008
   1.17115207984e-008             -6.15602015848e-008
   1.17261785216e-008             -6.12594329265e-008
   1.17408362447e-008             -6.11829770969e-008
   1.17554939679e-008             -6.10804273597e-008
   1.17701516910e-008             -6.04930220658e-008
   1.17848094142e-008             -6.03542954612e-008
   1.17994671373e-008             -6.00654886880e-008
   1.18141248605e-008             -5.98382648204e-008
   1.18287825836e-008             -5.97616238428e-008
   1.18434403068e-008             -5.96863323978e-008
   1.18580980299e-008             -6.05086625626e-008
   1.18727557531e-008             -6.08104898510e-008
   1.18874134763e-008             -6.08994368032e-008
   1.19020711994e-008             -6.06713926406e-008
   1.19167289226e-008             -6.04662401340e-008
   1.19313866457e-008             -6.06210572346e-008
   1.19460443689e-008             -6.01837319543e-008
   1.19607020920e-008             -6.04294809968e-008
   1.19753598152e-008             -6.02222642621e-008
   1.19900175383e-008             -5.99937964614e-008
   1.20046752615e-008             -5.99074164586e-008
   1.20193329846e-008             -5.98283936795e-008
   1.20339907078e-008             -6.00247863977e-008
   1.20486484309e-008             -6.02312620757e-008
   1.20633061541e-008             -6.00201550652e-008
   1.20779638772e-008             -5.99244331591e-008
   1.20926216004e-008             -6.02464262122e-008
   1.21072793235e-008             -6.01287388547e-008
   1.21219370467e-008             -5.99545232520e-008
   1.21365947698e-008             -6.01602843896e-008
   1.21512524930e-008             -6.04205624215e-008
   1.21659102161e-008             -6.01872781405e-008
   1.21805679393e-008             -6.00764186140e-008
   1.21952256624e-008             -5.87027277520e-008
   1.22098833856e-008             -5.68409263595e-008
   1.22245411087e-008             -5.65151753012e-008
   1.22391988319e-008             -5.62701144381e-008
   1.22538565551e-008             -5.63873255904e-008
   1.22685142782e-008             -5.61187112531e-008
   1.22831720014e-008             -5.59710924344e-008
   1.22978297245e-008             -5.59210482408e-008
   1.23124874477e-008             -5.58159313992e-008
   1.23271451708e-008             -5.57690362698e-008
   1.23418028940e-008             -5.57631611593e-008
   1.23564606171e-008             -5.56410012560e-008
   1.23711183403e-008             -5.57249465800e-008
   1.23857760634e-008             -5.58151374653e-008
   1.24004337866e-008             -5.53536237188e-008
   1.24150915097e-008             -5.51595597699e-008
   1.24297492329e-008             -5.53541794725e-008
   1.24444069560e-008             -5.53747952364e-008
   1.24590646792e-008             -5.52521853339e-008
   1.24737224023e-008             -5.52601246724e-008
   1.24883801255e-008             -5.49515756175e-008
   1.25030378486e-008             -5.48980114438e-008
   1.25176955718e-008             -5.49320977221e-008
   1.25323532949e-008             -5.49882023291e-008
   1.25470110181e-008             -5.52372858937e-008
   1.25616687412e-008             -5.51316926918e-008
   1.25763264644e-008             -5.51670756253e-008
   1.25909841875e-008             -5.54038797314e-008
   1.26056419107e-008             -5.55271511421e-008
   1.26202996339e-008             -5.55669801051e-008
   1.26349573570e-008             -5.58775670269e-008
   1.26496150802e-008             -5.57184891997e-008
   1.26642728033e-008             -5.54203935555e-008
   1.26789305265e-008             -5.57171129960e-008
   1.26935882496e-008             -5.56867053296e-008
   1.27082459728e-008             -5.56471674239e-008
   1.27229036959e-008             -5.55035713067e-008
   1.27375614191e-008             -5.54872956628e-008
   1.27522191422e-008             -5.53873128751e-008
   1.27668768654e-008             -5.52796819613e-008
   1.27815345885e-008             -5.51519114888e-008
   1.27961923117e-008             -5.50742912745e-008
   1.28108500348e-008             -5.50582272946e-008
   1.28255077580e-008             -5.47404949681e-008
   1.28401654811e-008             -5.49368084480e-008
   1.28548232043e-008             -5.54368543473e-008
   1.28694809274e-008             -5.54405064430e-008
   1.28841386506e-008             -5.54189644746e-008
   1.28987963737e-008             -5.51469097055e-008
   1.29134540969e-008             -5.50688660082e-008
   1.29281118200e-008             -5.52139707547e-008
   1.29427695432e-008             -5.50931340229e-008
   1.29574272663e-008             -5.50224739103e-008
   1.29720849895e-008             -5.51201541348e-008
   1.29867427127e-008             -5.49455945975e-008
   1.30014004358e-008             -5.46854753524e-008
   1.30160581590e-008             -5.46774831367e-008
   1.30307158821e-008             -5.47165711982e-008
   1.30453736053e-008             -5.44574575509e-008
   1.30600313284e-008             -5.42827392268e-008
   1.30746890516e-008             -5.42701685559e-008
   1.30893467747e-008             -5.42090621656e-008
   1.31040044979e-008             -5.43810811146e-008
   1.31186622210e-008             -5.46367543302e-008
   1.31333199442e-008             -5.48715205694e-008
   1.31479776673e-008             -5.50521670362e-008
   1.31626353905e-008             -5.50435131573e-008
   1.31772931136e-008             -5.50369235063e-008
   1.31919508368e-008             -5.45424084728e-008
   1.32066085599e-008             -5.45365333623e-008
   1.32212662831e-008             -5.48847263874e-008
   1.32359240062e-008             -5.49342678596e-008
   1.32505817294e-008             -5.48962384283e-008
   1.32652394525e-008             -5.51209217076e-008
   1.32798971757e-008             -5.51991505528e-008
   1.32945548988e-008             -5.52438490285e-008
   1.33092126220e-008             -5.46826171905e-008
   1.33238703451e-008             -5.47822295275e-008
   1.33385280683e-008             -5.48029512010e-008
   1.33531857915e-008             -5.49815332847e-008
   1.33678435146e-008             -5.51297872505e-008
   1.33825012378e-008             -5.54235956520e-008
   1.33971589609e-008             -5.54500601653e-008
   1.34118166841e-008             -5.52682227977e-008
   1.34264744072e-008             -5.53783944549e-008
   1.34411321304e-008             -5.53321875048e-008
   1.34557898535e-008             -5.52077780707e-008
   1.34704475767e-008             -5.50189275690e-008
   1.34851052998e-008             -5.46921443967e-008
   1.34997630230e-008             -5.45742717363e-008
   1.35144207461e-008             -5.46908212253e-008
   1.35290784693e-008             -5.46216430709e-008
   1.35437361924e-008             -5.43560193211e-008
   1.35583939156e-008             -5.42666488859e-008
   1.35730516387e-008             -5.41463413916e-008
   1.35877093619e-008             -5.39651391710e-008
   1.36023670850e-008             -5.36419817333e-008
   1.36170248082e-008             -5.35562897548e-008
   1.36316825313e-008             -5.33128167594e-008
   1.36463402545e-008             -5.32532452046e-008
   1.36609979776e-008             -5.34926162601e-008
   1.36756557008e-008             -5.56040304548e-008
   1.36903134239e-008             -5.58025139171e-008
   1.37049711471e-008             -5.57528930515e-008
   1.37196288703e-008             -5.59072337918e-008
   1.37342865934e-008             -5.59476979020e-008
   1.37489443166e-008             -5.59266321388e-008
   1.37636020397e-008             -5.59080012095e-008
   1.37782597629e-008             -5.57965594132e-008
   1.37929174860e-008             -5.57216649351e-008
   1.38075752092e-008             -5.58740473569e-008
   1.38222329323e-008             -5.57983854611e-008
   1.38368906555e-008             -5.57321977391e-008
   1.38515483786e-008             -5.60627124006e-008
   1.38662061018e-008             -5.59728390888e-008
   1.38808638249e-008             -5.59280083425e-008
   1.38955215481e-008             -5.54504836484e-008
   1.39101792712e-008             -5.56063857402e-008
   1.39248369944e-008             -5.56808038580e-008
   1.39394947175e-008             -5.56700592349e-008
   1.39541524407e-008             -5.54470432167e-008
   1.39688101638e-008             -5.55689385787e-008
   1.39834678870e-008             -5.56383812743e-008
   1.39981256101e-008             -5.53280590488e-008
   1.40127833333e-008             -5.54915300284e-008
   1.40274410564e-008             -5.55301946068e-008
   1.40420987796e-008             -5.53664324148e-008
   1.40567565027e-008             -5.52399323916e-008
   1.40714142259e-008             -5.51695898525e-008
   1.40860719490e-008             -5.52000769123e-008
   1.41007296722e-008             -5.51864476112e-008
   1.41153873954e-008             -5.54199171952e-008
   1.41300451185e-008             -5.55286331002e-008
   1.41447028417e-008             -5.56858585185e-008
   1.41593605648e-008             -5.58105590101e-008
   1.41740182880e-008             -5.57498761029e-008
   1.41886760111e-008             -5.58144229248e-008
   1.42033337343e-008             -5.60033791809e-008
   1.42179914574e-008             -5.59748239235e-008
   1.42326491806e-008             -5.59660906511e-008
   1.42473069037e-008             -5.58953776613e-008
   1.42619646269e-008             -5.59603479663e-008
   1.42766223500e-008             -5.59044285072e-008
   1.42912800732e-008             -5.56832650530e-008
   1.43059377963e-008             -5.58287400952e-008
   1.43205955195e-008             -5.57688511219e-008
   1.43352532426e-008             -5.55979700414e-008
   1.43499109658e-008             -5.56309182961e-008
   1.43645686889e-008             -5.54998663338e-008
   1.43792264121e-008             -5.55522659678e-008
   1.43938841352e-008             -5.56065710431e-008
   1.44085418584e-008             -5.56819947588e-008
   1.44231995815e-008             -5.58013493774e-008
   1.44378573047e-008             -5.58843419808e-008
   1.44525150278e-008             -5.58642554544e-008
   1.44671727510e-008             -5.57450859837e-008
   1.44818304742e-008             -5.54264538138e-008
   1.44964881973e-008             -5.55570030548e-008
   1.45111459205e-008             -5.55739403619e-008
   1.45258036436e-008             -5.55784657849e-008
   1.45404613668e-008             -5.53118097660e-008
   1.45551190899e-008             -5.52848690474e-008
   1.45697768131e-008             -5.51903644032e-008
   1.45844345362e-008             -5.48958414613e-008
   1.45990922594e-008             -5.49082003132e-008
   1.46137499825e-008             -5.50050867590e-008
   1.46284077057e-008             -5.51368532618e-008
   1.46430654288e-008             -5.49566831553e-008
