# Atom Manipulation               
# 
# Sample                          Ag(111)
# Data set                        -
# Creation Comment                
# Gap voltage                     -1.000e-003 V
# Gap voltage range in Volt       -10;10
# Feedback loop enabled           No
# Regulator setpoint              1.000e-009 A
# Pre-amplifier range             0;3.33e-007
# Loop gain                       7.000e+000 %
# Z-axis offset                   -3.000e-010 m
# Parameter mode                  V before Z
# Raster time                     1.000e-003 seconds
# Channel name and data unit      I(r) [A]
# Manipulation vector: start      -1.154e+001, -8.853e+000 [nm]
#                      end        2.652e+000, -9.594e+000 [nm]
# 
# 
#            Position                              I(r)
# -------------------             ---------------------
   0.00000000000e+000             -1.6402143001132e-009
   1.42153261306e-011             -1.6962660298656e-009
   2.84306522612e-011             -1.7134415171580e-009
   4.26459783919e-011             -1.7110862317605e-009
   5.68613045225e-011             -1.7122241002341e-009
   7.10766306531e-011             -1.6449250259734e-009
   8.52919567837e-011             -1.6375149250260e-009
   9.95072829144e-011             -1.6326984446960e-009
   1.13722609045e-010             -1.6682138039045e-009
   1.27937935176e-010             -1.7085191272930e-009
   1.42153261306e-010             -1.7012414520306e-009
   1.56368587437e-010             -1.6972981438695e-009
   1.70583913567e-010             -1.6784819116438e-009
   1.84799239698e-010             -1.7021147792647e-009
   1.99014565829e-010             -1.7456223541999e-009
   2.13229891959e-010             -1.7414408658841e-009
   2.27445218090e-010             -1.7613686054986e-009
   2.41660544221e-010             -1.7553612243949e-009
   2.55875870351e-010             -1.7529265456124e-009
   2.70091196482e-010             -1.7570284854781e-009
   2.84306522612e-010             -1.8178966955605e-009
   2.98521848743e-010             -1.8434613655042e-009
   3.12737174874e-010             -1.8368982307060e-009
   3.26952501004e-010             -1.8592077718681e-009
   3.41167827135e-010             -1.8280855649801e-009
   3.55383153266e-010             -1.8175262447859e-009
   3.69598479396e-010             -1.8214430367970e-009
   3.83813805527e-010             -1.7914586983827e-009
   3.98029131657e-010             -1.7937347454605e-009
   4.12244457788e-010             -1.7777501589418e-009
   4.26459783919e-010             -1.7525824559227e-009
   4.40675110049e-010             -1.7684346167563e-009
   4.54890436180e-010             -1.7631152599668e-009
   4.69105762311e-010             -1.7511268588441e-009
   4.83321088441e-010             -1.7119859200794e-009
   4.97536414572e-010             -1.7258268852052e-009
   5.11751740702e-010             -1.7117742560747e-009
   5.25967066833e-010             -1.7178346694785e-009
   5.40182392964e-010             -1.6637412581991e-009
   5.54397719094e-010             -1.6612800632666e-009
   5.68613045225e-010             -1.6796464513328e-009
   5.82828371356e-010             -1.6911054598459e-009
   5.97043697486e-010             -1.7048141543519e-009
   6.11259023617e-010             -1.7109803222255e-009
   6.25474349747e-010             -1.7001034284917e-009
   6.39689675878e-010             -1.6874270030548e-009
   6.53905002009e-010             -1.6706749988370e-009
   6.68120328139e-010             -1.6860773155112e-009
   6.82335654270e-010             -1.7043377940424e-009
   6.96550980401e-010             -1.7421025291135e-009
   7.10766306531e-010             -1.7272030888989e-009
   7.24981632662e-010             -1.7529794228473e-009
   7.39196958792e-010             -1.7666879622881e-009
   7.53412284923e-010             -1.7595161965607e-009
   7.67627611054e-010             -1.7692021895207e-009
   7.81842937184e-010             -1.7830429995813e-009
   7.96058263315e-010             -1.8056701142831e-009
   8.10273589446e-010             -1.7498830808355e-009
   8.24488915576e-010             -1.7245831071966e-009
   8.38704241707e-010             -1.7763475941633e-009
   8.52919567837e-010             -1.8118099210718e-009
   8.67134893968e-010             -1.8614836638807e-009
   8.81350220099e-010             -1.8730750980787e-009
   8.95565546229e-010             -1.8603986726418e-009
   9.09780872360e-010             -1.8311290297570e-009
   9.23996198491e-010             -1.7963547271628e-009
   9.38211524621e-010             -1.7355657554001e-009
   9.52426850752e-010             -1.7338191009319e-009
   9.66642176882e-010             -1.7272824822838e-009
   9.80857503013e-010             -1.7576371164074e-009
   9.95072829144e-010             -1.7197401107166e-009
   1.00928815527e-009             -1.7082809471383e-009
   1.02350348140e-009             -1.6705162120672e-009
   1.03771880754e-009             -1.6660701825117e-009
   1.05193413367e-009             -1.6612271860317e-009
   1.06614945980e-009             -1.6505619563026e-009
   1.08036478593e-009             -1.6731096776194e-009
   1.09458011206e-009             -1.6457189598226e-009
   1.10879543819e-009             -1.6075572578269e-009
   1.12301076432e-009             -1.5993003457954e-009
   1.13722609045e-009             -1.6532348152398e-009
   1.15144141658e-009             -1.6753855696320e-009
   1.16565674271e-009             -1.7298759478361e-009
   1.17987206884e-009             -1.7345866736963e-009
   1.19408739497e-009             -1.7332104700026e-009
   1.20830272110e-009             -1.7073282265193e-009
   1.22251804723e-009             -1.7122241002341e-009
   1.23673337336e-009             -1.7544350199259e-009
   1.25094869949e-009             -1.7430817658826e-009
   1.26516402563e-009             -1.7395884569461e-009
   1.27937935176e-009             -1.7694138535254e-009
   1.29359467789e-009             -1.7790733303354e-009
   1.30781000402e-009             -1.7821433112624e-009
   1.32202533015e-009             -1.7784646994061e-009
   1.33624065628e-009             -1.7522383662330e-009
   1.35045598241e-009             -1.7495920234459e-009
   1.36467130854e-009             -1.7593837708757e-009
   1.37888663467e-009             -1.7435844872769e-009
   1.39310196080e-009             -1.7458868954395e-009
   1.40731728693e-009             -1.7578489354774e-009
   1.42153261306e-009             -1.7559698553242e-009
   1.43574793919e-009             -1.7605746716494e-009
   1.44996326532e-009             -1.7699167299850e-009
   1.46417859145e-009             -1.7453576578951e-009
   1.47839391758e-009             -1.7908765836034e-009
   1.49260924372e-009             -1.7186020871777e-009
   1.50682456985e-009             -1.6942283180077e-009
   1.52103989598e-009             -1.6752532990122e-009
   1.53525522211e-009             -1.6966366357053e-009
   1.54947054824e-009             -1.6642704957435e-009
   1.56368587437e-009             -1.6565429763215e-009
   1.57790120050e-009             -1.6504560467677e-009
   1.59211652663e-009             -1.6390764316395e-009
   1.60633185276e-009             -1.5977653553319e-009
   1.62054717889e-009             -1.5851946843648e-009
   1.63476250502e-009             -1.6104948130689e-009
   1.64897783115e-009             -1.5671195087534e-009
   1.66319315728e-009             -1.5624352990432e-009
   1.67740848341e-009             -1.5429574035882e-009
   1.69162380954e-009             -1.5549194436260e-009
   1.70583913567e-009             -1.6336246491650e-009
   1.72005446181e-009             -1.6360064507125e-009
   1.73426978794e-009             -1.6401879390284e-009
   1.74848511407e-009             -1.6740095210036e-009
   1.76270044020e-009             -1.6658054862070e-009
   1.77691576633e-009             -1.6619152103460e-009
   1.79113109246e-009             -1.6506413496875e-009
   1.80534641859e-009             -1.6958161857061e-009
   1.81956174472e-009             -1.7220688799640e-009
   1.83377707085e-009             -1.6877709376793e-009
   1.84799239698e-009             -1.7047876382019e-009
   1.86220772311e-009             -1.7116683465397e-009
   1.87642304924e-009             -1.7241596241219e-009
   1.89063837537e-009             -1.7068783823598e-009
   1.90485370150e-009             -1.7396678503311e-009
   1.91906902763e-009             -1.7090483648374e-009
   1.93328435376e-009             -1.6706219665369e-009
   1.94749967990e-009             -1.6472274341361e-009
   1.96171500603e-009             -1.6549551086232e-009
   1.97593033216e-009             -1.6131147947712e-009
   1.99014565829e-009             -1.6657789700569e-009
   2.00436098442e-009             -1.6428079207307e-009
   2.01857631055e-009             -1.6565164601715e-009
   2.03279163668e-009             -1.6351331234784e-009
   2.04700696281e-009             -1.6396850625688e-009
   2.06122228894e-009             -1.5663784521391e-009
   2.07543761507e-009             -1.5433808866628e-009
   2.08965294120e-009             -1.5435131572826e-009
   2.10386826733e-009             -1.5124174665447e-009
   2.11808359346e-009             -1.5334832296981e-009
   2.13229891959e-009             -1.5011964831212e-009
   2.14651424572e-009             -1.5024139000450e-009
   2.16072957185e-009             -1.5150903254819e-009
   2.17494489799e-009             -1.5196951418071e-009
   2.18916022412e-009             -1.5318423296996e-009
   2.20337555025e-009             -1.4920927600056e-009
   2.21759087638e-009             -1.5476416132984e-009
   2.23180620251e-009             -1.5415548388097e-009
   2.24602152864e-009             -1.5371882026392e-009
   2.26023685477e-009             -1.5843743894308e-009
   2.27445218090e-009             -1.6568605498612e-009
   2.28866750703e-009             -1.6537376916994e-009
   2.30288283316e-009             -1.6687959186838e-009
   2.31709815929e-009             -1.6802815984121e-009
   2.33131348542e-009             -1.6861830699809e-009
   2.34552881155e-009             -1.6515940703066e-009
   2.35974413768e-009             -1.6607771868071e-009
   2.37395946381e-009             -1.6625768735753e-009
   2.38817478994e-009             -1.6724216533052e-009
   2.40239011608e-009             -1.6975363240243e-009
   2.41660544221e-009             -1.6782702476391e-009
   2.43082076834e-009             -1.6680019848346e-009
   2.44503609447e-009             -1.6537111755493e-009
   2.45925142060e-009             -1.6222713951216e-009
   2.47346674673e-009             -1.6224566980415e-009
   2.48768207286e-009             -1.6531290607701e-009
   2.50189739899e-009             -1.5847977174402e-009
   2.51611272512e-009             -1.5523788553087e-009
   2.53032805125e-009             -1.5397287909566e-009
   2.54454337738e-009             -1.5785521561817e-009
   2.55875870351e-009             -1.5947749228551e-009
   2.57297402964e-009             -1.5884498131464e-009
   2.58718935577e-009             -1.5888998123711e-009
   2.60140468190e-009             -1.5860680115989e-009
   2.61562000803e-009             -1.5474299492937e-009
   2.62983533417e-009             -1.5535697560824e-009
   2.64405066030e-009             -1.5585450231822e-009
   2.65826598643e-009             -1.5320805098544e-009
   2.67248131256e-009             -1.5694484330661e-009
   2.68669663869e-009             -1.5366059327947e-009
   2.70091196482e-009             -1.5825483415776e-009
   2.71512729095e-009             -1.5974212656422e-009
   2.72934261708e-009             -1.5935575059312e-009
   2.74355794321e-009             -1.5885028454465e-009
   2.75777326934e-009             -1.5959921847137e-009
   2.77198859547e-009             -1.5857504380592e-009
   2.78620392160e-009             -1.5708244816946e-009
   2.80041924773e-009             -1.6049901533595e-009
   2.81463457386e-009             -1.5710363007645e-009
   2.82884989999e-009             -1.5836068166664e-009
   2.84306522612e-009             -1.6588717455690e-009
   2.85728055226e-009             -1.6712836297663e-009
   2.87149587839e-009             -1.6882738141388e-009
   2.88571120452e-009             -1.6723422599203e-009
   2.89992653065e-009             -1.6781379770193e-009
   2.91414185678e-009             -1.7155322613159e-009
   2.92835718291e-009             -1.7205869218006e-009
   2.94257250904e-009             -1.6913966723007e-009
   2.95678783517e-009             -1.7147118113167e-009
   2.97100316130e-009             -1.7234715998077e-009
   2.98521848743e-009             -1.6933815069237e-009
   2.99943381356e-009             -1.7207457085705e-009
   3.01364913969e-009             -1.7116683465397e-009
   3.02786446582e-009             -1.6879827567492e-009
   3.04207979195e-009             -1.6660171502117e-009
   3.05629511808e-009             -1.6430461008854e-009
   3.07051044421e-009             -1.6480742452201e-009
   3.08472577035e-009             -1.6031112282715e-009
   3.09894109648e-009             -1.5371088092543e-009
   3.11315642261e-009             -1.5430367969731e-009
   3.12737174874e-009             -1.5683104095272e-009
   3.14158707487e-009             -1.5777847384825e-009
   3.15580240100e-009             -1.5879734528369e-009
   3.17001772713e-009             -1.6245209260494e-009
   3.18423305326e-009             -1.5986386825660e-009
   3.19844837939e-009             -1.5480916125231e-009
   3.21266370552e-009             -1.5302281009164e-009
   3.22687903165e-009             -1.6212129200329e-009
   3.24109435778e-009             -1.6153641706338e-009
   3.25530968391e-009             -1.6206306501884e-009
   3.26952501004e-009             -1.6062075702833e-009
   3.28374033617e-009             -1.6401085456434e-009
   3.29795566230e-009             -1.6508266526074e-009
   3.31217098844e-009             -1.6374620477911e-009
   3.32638631457e-009             -1.6838277845834e-009
   3.34060164070e-009             -1.7134680333080e-009
   3.35481696683e-009             -1.6922434833848e-009
   3.36903229296e-009             -1.6775291910248e-009
   3.38324761909e-009             -1.6861830699809e-009
   3.39746294522e-009             -1.6777144939447e-009
   3.41167827135e-009             -1.7673496255175e-009
   3.42589359748e-009             -1.8003243964087e-009
   3.44010892361e-009             -1.7931259594660e-009
   3.45432424974e-009             -1.7784646994061e-009
   3.46853957587e-009             -1.7722454992324e-009
   3.48275490200e-009             -1.7652853975097e-009
   3.49697022813e-009             -1.7499624742204e-009
   3.51118555426e-009             -1.7176758827087e-009
   3.52540088039e-009             -1.7378152863279e-009
   3.53961620653e-009             -1.6978538975639e-009
   3.55383153266e-009             -1.6601156786429e-009
   3.56804685879e-009             -1.6718128673107e-009
   3.58226218492e-009             -1.6653291258974e-009
   3.59647751105e-009             -1.6317192079269e-009
   3.61069283718e-009             -1.6005970010389e-009
   3.62490816331e-009             -1.6424638310410e-009
   3.63912348944e-009             -1.6215568546574e-009
   3.65333881557e-009             -1.6162374978679e-009
   3.66755414170e-009             -1.6149408426243e-009
   3.68176946783e-009             -1.6126119183117e-009
   3.69598479396e-009             -1.6171373412520e-009
   3.71020012009e-009             -1.6745122423979e-009
   3.72441544622e-009             -1.7248476484362e-009
   3.73863077235e-009             -1.7292936779916e-009
   3.75284609848e-009             -1.7671643225977e-009
   3.76706142462e-009             -1.7227305431934e-009
   3.78127675075e-009             -1.7301406441409e-009
   3.79549207688e-009             -1.7581134767170e-009
   3.80970740301e-009             -1.7869332754423e-009
   3.82392272914e-009             -1.8069934407418e-009
   3.83813805527e-009             -1.7949785234691e-009
   3.85235338140e-009             -1.7796290840298e-009
   3.86656870753e-009             -1.7716103521531e-009
   3.88078403366e-009             -1.8139535424646e-009
   3.89499935979e-009             -1.7779089457117e-009
   3.90921468592e-009             -1.8114658313821e-009
   3.92343001205e-009             -1.7775913721720e-009
   3.93764533818e-009             -1.7435050938920e-009
   3.95186066431e-009             -1.7342425840066e-009
   3.96607599044e-009             -1.8291176789840e-009
   3.98029131657e-009             -1.8549734063174e-009
   3.99450664271e-009             -1.8380626153297e-009
   4.00872196884e-009             -1.8581227806293e-009
   4.02293729497e-009             -1.8709314766859e-009
   4.03715262110e-009             -1.8571700600102e-009
   4.05136794723e-009             -1.8767008327002e-009
   4.06558327336e-009             -1.8630715315790e-009
   4.07979859949e-009             -1.8121540107615e-009
   4.09401392562e-009             -1.8468224038208e-009
   4.10822925175e-009             -1.8322405371459e-009
   4.12244457788e-009             -1.8087400952100e-009
   4.13665990401e-009             -1.8542853820031e-009
   4.15087523014e-009             -1.8169704910915e-009
   4.16509055627e-009             -1.7704724836794e-009
   4.17930588240e-009             -1.7450135682054e-009
   4.19352120853e-009             -1.7442990277412e-009
   4.20773653466e-009             -1.7101598722263e-009
   4.22195186080e-009             -1.6793552388779e-009
   4.23616718693e-009             -1.6745652746980e-009
   4.25038251306e-009             -1.6972452666346e-009
   4.26459783919e-009             -1.7149499914714e-009
   4.27881316532e-009             -1.7645973731954e-009
   4.29302849145e-009             -1.7778295523268e-009
   4.30724381758e-009             -1.7759769883236e-009
   4.32145914371e-009             -1.7378152863279e-009
   4.33567446984e-009             -1.7425788894230e-009
   4.34988979597e-009             -1.7864834312829e-009
   4.36410512210e-009             -1.8376921645552e-009
   4.37832044823e-009             -1.8556085533967e-009
   4.39253577436e-009             -1.8674118066647e-009
   4.40675110049e-009             -1.8088988819799e-009
   4.42096642662e-009             -1.9158681325497e-009
   4.43518175275e-009             -1.9039327637271e-009
   4.44939707889e-009             -1.9396861480252e-009
   4.46361240502e-009             -1.9519127293027e-009
   4.47782773115e-009             -1.9446879312751e-009
   4.49204305728e-009             -1.9240192901115e-009
   4.50625838341e-009             -1.9407182620292e-009
   4.52047370954e-009             -1.9047795748112e-009
   4.53468903567e-009             -1.9234105041170e-009
   4.54890436180e-009             -1.9916624540619e-009
   4.56311968793e-009             -1.9246279210408e-009
   4.57733501406e-009             -1.9627896230365e-009
   4.59155034019e-009             -1.8752187194715e-009
   4.60576566632e-009             -1.8772300702445e-009
   4.61998099245e-009             -1.8480398207446e-009
   4.63419631858e-009             -1.8161500410923e-009
   4.64841164471e-009             -1.7922791483819e-009
   4.66262697084e-009             -1.8067816216719e-009
   4.67684229698e-009             -1.7925438446867e-009
   4.69105762311e-009             -1.7760035044736e-009
   4.70527294924e-009             -1.7417584394238e-009
   4.71948827537e-009             -1.7351953046256e-009
   4.73370360150e-009             -1.6915289429205e-009
   4.74791892763e-009             -1.7761622912435e-009
   4.76213425376e-009             -1.7530323000822e-009
   4.77634957989e-009             -1.7629301121121e-009
   4.79056490602e-009             -1.7154792290158e-009
   4.80478023215e-009             -1.7187608739475e-009
   4.81899555828e-009             -1.7482686969871e-009
   4.83321088441e-009             -1.8235866581898e-009
   4.84742621054e-009             -1.8395710896432e-009
   4.86164153667e-009             -1.9070819829738e-009
   4.87585686280e-009             -1.9039062475771e-009
   4.89007218893e-009             -1.9176678193180e-009
   4.90428751507e-009             -1.9106281691451e-009
   4.91850284120e-009             -1.9586611670207e-009
   4.93271816733e-009             -1.9356901176945e-009
   4.94693349346e-009             -1.9439999069609e-009
   4.96114881959e-009             -1.9776892183163e-009
   4.97536414572e-009             -1.9706495681434e-009
   4.98957947185e-009             -1.9414064414086e-009
   5.00379479798e-009             -1.9437882429562e-009
   5.01801012411e-009             -1.9417768921832e-009
   5.03222545024e-009             -1.8811468622556e-009
   5.04644077637e-009             -1.8707726899161e-009
   5.06065610250e-009             -1.8019386251919e-009
   5.07487142863e-009             -1.7488774829816e-009
   5.08908675476e-009             -1.7656558482842e-009
   5.10330208089e-009             -1.7433993394222e-009
   5.11751740702e-009             -1.7653647908946e-009
   5.13173273316e-009             -1.7602570981098e-009
   5.14594805929e-009             -1.7769297089426e-009
   5.16016338542e-009             -1.7637769231962e-009
   5.17437871155e-009             -1.7403823907953e-009
   5.18859403768e-009             -1.7309609390749e-009
   5.20280936381e-009             -1.7595955899456e-009
   5.21702468994e-009             -1.7560757648591e-009
   5.23124001607e-009             -1.7819051311076e-009
   5.24545534220e-009             -1.7527147265425e-009
   5.25967066833e-009             -1.7559963714742e-009
   5.27388599446e-009             -1.7424466188032e-009
   5.28810132059e-009             -1.7431081269674e-009
   5.30231664672e-009             -1.7469455255935e-009
   5.31653197285e-009             -1.7559169780893e-009
   5.33074729898e-009             -1.7553612243949e-009
   5.34496262511e-009             -1.7162202856301e-009
   5.35917795125e-009             -1.6881150273690e-009
   5.37339327738e-009             -1.6516734636915e-009
   5.38760860351e-009             -1.7209838887252e-009
   5.40182392964e-009             -1.7696520336802e-009
   5.41603925577e-009             -1.8209401603374e-009
   5.43025458190e-009             -1.8194051698739e-009
   5.44446990803e-009             -1.8097722092140e-009
   5.45868523416e-009             -1.8059082944378e-009
   5.47290056029e-009             -1.8116511343020e-009
   5.48711588642e-009             -1.8335637085394e-009
   5.50133121255e-009             -1.8574082401650e-009
   5.51554653868e-009             -1.8421381941106e-009
   5.52976186481e-009             -1.8731544914637e-009
   5.54397719094e-009             -1.8387507947092e-009
   5.55819251707e-009             -1.8463195273613e-009
   5.57240784320e-009             -1.8532797841492e-009
   5.58662316934e-009             -1.8386977624091e-009
   5.60083849547e-009             -1.8060142039728e-009
   5.61505382160e-009             -1.7459134115896e-009
   5.62926914773e-009             -1.7132827303881e-009
   5.64348447386e-009             -1.7245300748965e-009
   5.65769979999e-009             -1.6747769387027e-009
   5.67191512612e-009             -1.6947575555521e-009
   5.68613045225e-009             -1.7173846702538e-009
   5.70034577838e-009             -1.6807049264216e-009
   5.71456110451e-009             -1.6935402936935e-009
   5.72877643064e-009             -1.6543463226287e-009
   5.74299175677e-009             -1.6222979112717e-009
   5.75720708290e-009             -1.5981888384065e-009
   5.77142240903e-009             -1.5789226069562e-009
   5.78563773516e-009             -1.6077424056816e-009
   5.79985306129e-009             -1.6181429391059e-009
   5.81406838743e-009             -1.5933458419265e-009
   5.82828371356e-009             -1.6086951263006e-009
   5.84249903969e-009             -1.5939279567058e-009
   5.85671436582e-009             -1.5850624137450e-009
   5.87092969195e-009             -1.6216098869575e-009
   5.88514501808e-009             -1.6119238939974e-009
   5.89936034421e-009             -1.6395262757990e-009
   5.91357567034e-009             -1.6425432244259e-009
   5.92779099647e-009             -1.6647468560530e-009
   5.94200632260e-009             -1.7052374823613e-009
   5.95622164873e-009             -1.7254564344307e-009
   5.97043697486e-009             -1.7467338615888e-009
   5.98465230099e-009             -1.7872508489820e-009
   5.99886762712e-009             -1.8140858130844e-009
   6.01308295325e-009             -1.8421647102607e-009
   6.02729827938e-009             -1.8258890663524e-009
   6.04151360552e-009             -1.8235866581898e-009
   6.05572893165e-009             -1.7952695808588e-009
   6.06994425778e-009             -1.8200403169533e-009
   6.08415958391e-009             -1.8136359689249e-009
   6.09837491004e-009             -1.7699430910698e-009
   6.11259023617e-009             -1.7143148443921e-009
   6.12680556230e-009             -1.6649850362077e-009
   6.14102088843e-009             -1.6640853478888e-009
   6.15523621456e-009             -1.6405849059530e-009
   6.16945154069e-009             -1.6308723968429e-009
   6.18366686682e-009             -1.5931076617718e-009
   6.19788219295e-009             -1.5694484330661e-009
   6.21209751908e-009             -1.5210713455008e-009
   6.22631284521e-009             -1.4862441656717e-009
   6.24052817134e-009             -1.5191393881127e-009
   6.25474349747e-009             -1.5583333591775e-009
   6.26895882361e-009             -1.5459743522151e-009
   6.28317414974e-009             -1.5551045914807e-009
   6.29738947587e-009             -1.5496000868365e-009
   6.31160480200e-009             -1.5529346090031e-009
   6.32582012813e-009             -1.5822571291228e-009
   6.34003545426e-009             -1.5918108514630e-009
   6.35425078039e-009             -1.6175608243266e-009
   6.36846610652e-009             -1.6174549147917e-009
   6.38268143265e-009             -1.6538436012343e-009
   6.39689675878e-009             -1.6479419746003e-009
   6.41111208491e-009             -1.6862624633658e-009
   6.42532741104e-009             -1.6514352835367e-009
   6.43954273717e-009             -1.6894381987626e-009
   6.45375806330e-009             -1.7116683465397e-009
   6.46797338943e-009             -1.7047347609670e-009
   6.48218871556e-009             -1.6668376002109e-009
   6.49640404170e-009             -1.6526527004605e-009
   6.51061936783e-009             -1.6484977282947e-009
   6.52483469396e-009             -1.7164584657849e-009
   6.53905002009e-009             -1.7060844485106e-009
   6.55326534622e-009             -1.7048935477368e-009
   6.56748067235e-009             -1.6927992370792e-009
   6.58169599848e-009             -1.6737713408488e-009
   6.59591132461e-009             -1.6604067360325e-009
   6.61012665074e-009             -1.6346567631689e-009
   6.62434197687e-009             -1.6369591713315e-009
   6.63855730300e-009             -1.6514087673867e-009
   6.65277262913e-009             -1.6508795298423e-009
   6.66698795526e-009             -1.6268762114469e-009
   6.68120328139e-009             -1.6156817441734e-009
   6.69541860752e-009             -1.6307136100730e-009
   6.70963393365e-009             -1.6012321481183e-009
   6.72384925979e-009             -1.6064192342880e-009
   6.73806458592e-009             -1.6443163950441e-009
   6.75227991205e-009             -1.5715390221588e-009
   6.76649523818e-009             -1.5483561537627e-009
   6.78071056431e-009             -1.5195099939525e-009
   6.79492589044e-009             -1.5154609313216e-009
   6.80914121657e-009             -1.5648964939757e-009
   6.82335654270e-009             -1.5658757307448e-009
   6.83757186883e-009             -1.6089333064554e-009
   6.85178719496e-009             -1.5896407139202e-009
   6.86600252109e-009             -1.5940073500907e-009
   6.88021784722e-009             -1.6012586642683e-009
   6.89443317335e-009             -1.6021054753524e-009
   6.90864849948e-009             -1.6178783978663e-009
   6.92286382561e-009             -1.6449250259734e-009
   6.93707915174e-009             -1.6701986385275e-009
   6.95129447788e-009             -1.6642970118935e-009
   6.96550980401e-009             -1.6914230333855e-009
   6.97972513014e-009             -1.6990978306378e-009
   6.99394045627e-009             -1.7400117849556e-009
   7.00815578240e-009             -1.7314372993844e-009
   7.02237110853e-009             -1.7305639721503e-009
   7.03658643466e-009             -1.7366772627890e-009
   7.05080176079e-009             -1.6911584921459e-009
   7.06501708692e-009             -1.6986743475632e-009
   7.07923241305e-009             -1.6877445765945e-009
   7.09344773918e-009             -1.7142883282420e-009
   7.10766306531e-009             -1.7241067468871e-009
   7.12187839144e-009             -1.7268061219743e-009
   7.13609371757e-009             -1.7520795794632e-009
   7.15030904370e-009             -1.7550701670052e-009
   7.16452436983e-009             -1.6886179038286e-009
   7.17873969597e-009             -1.6674727472902e-009
   7.19295502210e-009             -1.6721040797655e-009
   7.20717034823e-009             -1.6621533905007e-009
   7.22138567436e-009             -1.6646145854332e-009
   7.23560100049e-009             -1.6474656142908e-009
   7.24981632662e-009             -1.6252089503636e-009
   7.26403165275e-009             -1.5831834886570e-009
   7.27824697888e-009             -1.5650287645955e-009
   7.29246230501e-009             -1.5542312642466e-009
   7.30667763114e-009             -1.5826277349626e-009
   7.32089295727e-009             -1.5257555552110e-009
   7.33510828340e-009             -1.5171016762549e-009
   7.34932360953e-009             -1.5133967033137e-009
   7.36353893566e-009             -1.5335361069330e-009
   7.37775426179e-009             -1.5679663198375e-009
   7.39196958792e-009             -1.6171638574020e-009
   7.40618491406e-009             -1.6450838127433e-009
   7.42040024019e-009             -1.6803079594970e-009
   7.43461556632e-009             -1.6876121509095e-009
   7.44883089245e-009             -1.6988066181829e-009
   7.46304621858e-009             -1.7212220688800e-009
   7.47726154471e-009             -1.7768768317077e-009
   7.49147687084e-009             -1.8161236800074e-009
   7.50569219697e-009             -1.8269475414412e-009
   7.51990752310e-009             -1.8431703081146e-009
   7.53412284923e-009             -1.8581491417141e-009
   7.54833817536e-009             -1.8273445083658e-009
   7.56255350149e-009             -1.8452345361224e-009
   7.57676882762e-009             -1.8096397835290e-009
   7.59098415375e-009             -1.8246716494286e-009
   7.60519947988e-009             -1.8309172106871e-009
   7.61941480601e-009             -1.7628242025772e-009
   7.63363013215e-009             -1.7236567476624e-009
   7.64784545828e-009             -1.7022205337344e-009
   7.66206078441e-009             -1.7451988711253e-009
   7.67627611054e-009             -1.7547789545504e-009
   7.69049143667e-009             -1.7780942486315e-009
   7.70470676280e-009             -1.7813493774132e-009
   7.71892208893e-009             -1.7508886786894e-009
   7.73313741506e-009             -1.7336603141621e-009
   7.74735274119e-009             -1.6702249996123e-009
   7.76156806732e-009             -1.7407528415699e-009
   7.77578339345e-009             -1.7231803873529e-009
   7.78999871958e-009             -1.7318079052241e-009
   7.80421404571e-009             -1.7498830808355e-009
   7.81842937184e-009             -1.6939636217029e-009
   7.83264469797e-009             -1.7246094682814e-009
   7.84686002410e-009             -1.7161408922452e-009
   7.86107535024e-009             -1.7086513979128e-009
   7.87529067637e-009             -1.7203222254958e-009
   7.88950600250e-009             -1.7158761959404e-009
   7.90372132863e-009             -1.6792494844082e-009
   7.91793665476e-009             -1.6898351656872e-009
   7.93215198089e-009             -1.6968482997100e-009
   7.94636730702e-009             -1.7553347082448e-009
   7.96058263315e-009             -1.7450666005055e-009
   7.97479795928e-009             -1.7940523190001e-009
   7.98901328541e-009             -1.8094016033742e-009
   8.00322861154e-009             -1.8545235621579e-009
   8.01744393767e-009             -1.8475898215199e-009
   8.03165926380e-009             -1.8651887918870e-009
   8.04587458993e-009             -1.8646859154274e-009
   8.06008991606e-009             -1.8271063282110e-009
   8.07430524219e-009             -1.8874718168990e-009
   8.08852056833e-009             -1.8249627068182e-009
   8.10273589446e-009             -1.9049118454310e-009
   8.11695122059e-009             -1.9297356138256e-009
   8.13116654672e-009             -1.8611926064910e-009
   8.14538187285e-009             -1.8638654654282e-009
   8.15959719898e-009             -1.8640242521980e-009
   8.17381252511e-009             -1.8740543348478e-009
   8.18802785124e-009             -1.8443877250384e-009
   8.20224317737e-009             -1.8039234598149e-009
   8.21645850350e-009             -1.8168382204717e-009
   8.23067382963e-009             -1.8284031385197e-009
   8.24488915576e-009             -1.7996362170293e-009
   8.25910448189e-009             -1.8449169625828e-009
   8.27331980802e-009             -1.8532797841492e-009
   8.28753513415e-009             -1.8055643598133e-009
   8.30175046028e-009             -1.7720603513778e-009
   8.31596578642e-009             -1.7616067856534e-009
   8.33018111255e-009             -1.7390855804866e-009
   8.34439643868e-009             -1.7653119136597e-009
   8.35861176481e-009             -1.7840751135853e-009
   8.37282709094e-009             -1.7861129805083e-009
   8.38704241707e-009             -1.7690962799857e-009
   8.40125774320e-009             -1.7633534401216e-009
   8.41547306933e-009             -1.7621096621129e-009
   8.42968839546e-009             -1.7865893408178e-009
   8.44390372159e-009             -1.8223427251159e-009
   8.45811904772e-009             -1.8335902246895e-009
   8.47233437385e-009             -1.8139535424646e-009
   8.48654969998e-009             -1.8461607405914e-009
   8.50076502611e-009             -1.8622247204950e-009
   8.51498035224e-009             -1.9047001814263e-009
   8.52919567837e-009             -1.8762508334755e-009
   8.54341100451e-009             -1.9378337390873e-009
   8.55762633064e-009             -1.9788270867900e-009
   8.57184165677e-009             -1.9595081331700e-009
   8.58605698290e-009             -1.9591640434803e-009
   8.60027230903e-009             -1.9497691079099e-009
   8.61448763516e-009             -1.9906832172929e-009
   8.62870296129e-009             -2.0108226209121e-009
   8.64291828742e-009             -1.9639541627254e-009
   8.65713361355e-009             -1.9752280233838e-009
   8.67134893968e-009             -1.9871370311216e-009
   8.68556426581e-009             -1.9728462218363e-009
   8.69977959194e-009             -1.9231723239622e-009
   8.71399491807e-009             -1.8869689404395e-009
   8.72821024420e-009             -1.8540472018484e-009
   8.74242557033e-009             -1.8263123943618e-009
   8.75664089646e-009             -1.7878331188265e-009
   8.77085622260e-009             -1.7751566933896e-009
   8.78507154873e-009             -1.7653913070446e-009
   8.79928687486e-009             -1.7555465273147e-009
   8.81350220099e-009             -1.7550171347051e-009
   8.82771752712e-009             -1.7407263254198e-009
   8.84193285325e-009             -1.7629035959621e-009
   8.85614817938e-009             -1.7577959031773e-009
   8.87036350551e-009             -1.7459662888245e-009
   8.88457883164e-009             -1.7423407092682e-009
   8.89879415777e-009             -1.7511268588441e-009
   8.91300948390e-009             -1.7932583851510e-009
   8.92722481003e-009             -1.8065964738172e-009
   8.94144013616e-009             -1.8112806835274e-009
   8.95565546229e-009             -1.8526709981547e-009
   8.96987078842e-009             -1.9157623780800e-009
   8.98408611455e-009             -1.8785532416381e-009
   8.99830144069e-009             -1.8735514583883e-009
   9.01251676682e-009             -1.8983752267829e-009
   9.02673209295e-009             -1.8849047124316e-009
   9.04094741908e-009             -1.8498393524477e-009
   9.05516274521e-009             -1.8492042053684e-009
   9.06937807134e-009             -1.8529091783095e-009
   9.08359339747e-009             -1.8762244723906e-009
   9.09780872360e-009             -1.9096490874413e-009
   9.11202404973e-009             -1.9342873978508e-009
   9.12623937586e-009             -1.9646687031897e-009
   9.14045470199e-009             -1.9324878661477e-009
   9.15467002812e-009             -1.9115808897641e-009
   9.16888535425e-009             -1.9198908340957e-009
   9.18310068038e-009             -1.9039062475771e-009
   9.19731600651e-009             -1.9504836483741e-009
   9.21153133264e-009             -1.9490545674456e-009
   9.22574665878e-009             -1.9743546961497e-009
   9.23996198491e-009             -1.9735607623005e-009
   9.25417731104e-009             -1.9319586286033e-009
   9.26839263717e-009             -1.9010480857200e-009
   9.28260796330e-009             -1.8745041790073e-009
   9.29682328943e-009             -1.8774153731644e-009
   9.31103861556e-009             -1.8223957574160e-009
   9.32525394169e-009             -1.7479776395975e-009
   9.33946926782e-009             -1.7412557180294e-009
   9.35368459395e-009             -1.7285527764425e-009
   9.36789992008e-009             -1.7763739552482e-009
   9.38211524621e-009             -1.7806348369489e-009
   9.39633057234e-009             -1.8037911891951e-009
   9.41054589847e-009             -1.7938935322303e-009
   9.42476122460e-009             -1.7206134379507e-009
   9.43897655073e-009             -1.7557581913194e-009
   9.45319187687e-009             -1.7370478686288e-009
   9.46740720300e-009             -1.7687521902960e-009
   9.48162252913e-009             -1.8039499759649e-009
   9.49583785526e-009             -1.8048761804339e-009
   9.51005318139e-009             -1.8268417869714e-009
   9.52426850752e-009             -1.8568788475554e-009
   9.53848383365e-009             -1.8439377258137e-009
   9.55269915978e-009             -1.8273445083658e-009
   9.56691448591e-009             -1.8324256850005e-009
   9.58112981204e-009             -1.8321346276109e-009
   9.59534513817e-009             -1.8637331948084e-009
   9.60956046430e-009             -1.8542059886182e-009
   9.62377579043e-009             -1.8257037634325e-009
   9.63799111656e-009             -1.8569582409403e-009
   9.65220644269e-009             -1.8605574594117e-009
   9.66642176882e-009             -1.8710108700709e-009
   9.68063709495e-009             -1.9231459628774e-009
   9.69485242109e-009             -1.9098607514460e-009
   9.70906774722e-009             -1.9607253950286e-009
   9.72328307335e-009             -1.9016303555645e-009
   9.73749839948e-009             -1.8714608692955e-009
   9.75171372561e-009             -1.8449963559677e-009
   9.76592905174e-009             -1.8815967064150e-009
   9.78014437787e-009             -1.8633891051187e-009
   9.79435970400e-009             -1.8480133045946e-009
   9.80857503013e-009             -1.8319758408411e-009
   9.82279035626e-009             -1.7937611065453e-009
   9.83700568239e-009             -1.7727748918420e-009
   9.85122100852e-009             -1.7467338615888e-009
   9.86543633465e-009             -1.7649943401200e-009
   9.87965166078e-009             -1.7253505248957e-009
   9.89386698691e-009             -1.7030674998837e-009
   9.90808231304e-009             -1.6491593915241e-009
   9.92229763918e-009             -1.6781114608693e-009
   9.93651296531e-009             -1.7350100017057e-009
   9.95072829144e-009             -1.7351953046256e-009
   9.96494361757e-009             -1.7811640744933e-009
   9.97915894370e-009             -1.7686727969111e-009
   9.99337426983e-009             -1.7554934950147e-009
   1.00075895960e-008             -1.7331045604677e-009
   1.00218049221e-008             -1.7569756082433e-009
   1.00360202482e-008             -1.7989481927150e-009
   1.00502355744e-008             -1.8184260881701e-009
   1.00644509005e-008             -1.8004301508784e-009
   1.00786662266e-008             -1.7870126688272e-009
   1.00928815527e-008             -1.8033677061204e-009
   1.01070968789e-008             -1.8035001318054e-009
   1.01213122050e-008             -1.8257566406674e-009
   1.01355275311e-008             -1.7672437159826e-009
   1.01497428573e-008             -1.7717691389229e-009
   1.01639581834e-008             -1.7395619407961e-009
   1.01781735095e-008             -1.6776879777947e-009
   1.01923888357e-008             -1.6854156522818e-009
   1.02066041618e-008             -1.6497680224534e-009
   1.02208194879e-008             -1.6617035463412e-009
   1.02350348140e-008             -1.6607243095722e-009
   1.02492501402e-008             -1.6274849974414e-009
   1.02634654663e-008             -1.6185135449456e-009
   1.02776807924e-008             -1.5702952441502e-009
   1.02918961186e-008             -1.4968828792507e-009
   1.03061114447e-008             -1.4551748360185e-009
   1.03203267708e-008             -1.4451183922840e-009
   1.03345420970e-008             -1.4585358743352e-009
   1.03487574231e-008             -1.4568686132519e-009
   1.03629727492e-008             -1.4447214253594e-009
   1.03771880754e-008             -1.4685394408349e-009
   1.03914034015e-008             -1.4470238335220e-009
   1.04056187276e-008             -1.4492732093845e-009
   1.04198340537e-008             -1.4552013521686e-009
   1.04340493799e-008             -1.4450124827490e-009
   1.04482647060e-008             -1.4434774922855e-009
   1.04624800321e-008             -1.4528459117059e-009
   1.04766953583e-008             -1.4479235218409e-009
   1.04909106844e-008             -1.4486645784552e-009
   1.05051260105e-008             -1.4744674285537e-009
   1.05193413367e-008             -1.4919868504706e-009
   1.05335566628e-008             -1.4975974197150e-009
   1.05477719889e-008             -1.5075479539146e-009
   1.05619873151e-008             -1.5051661523671e-009
   1.05762026412e-008             -1.4593826854192e-009
   1.05904179673e-008             -1.4630082649754e-009
   1.06046332934e-008             -1.4888111150739e-009
   1.06188486196e-008             -1.5311543053854e-009
   1.06330639457e-008             -1.5691308595264e-009
   1.06472792718e-008             -1.5663255749042e-009
   1.06614945980e-008             -1.5676752624479e-009
   1.06757099241e-008             -1.6021319915024e-009
   1.06899252502e-008             -1.5813574408039e-009
   1.07041405764e-008             -1.6081658887562e-009
   1.07183559025e-008             -1.6226420009614e-009
   1.07325712286e-008             -1.6055459070539e-009
   1.07467865548e-008             -1.5798753275752e-009
   1.07610018809e-008             -1.5601328908806e-009
   1.07752172070e-008             -1.5583862364124e-009
   1.07894325331e-008             -1.5795577540356e-009
   1.08036478593e-008             -1.5887410256013e-009
   1.08178631854e-008             -1.5757468715595e-009
   1.08320785115e-008             -1.5384319806479e-009
   1.08462938377e-008             -1.5199069608770e-009
   1.08605091638e-008             -1.4859265921320e-009
   1.08747244899e-008             -1.5271052427546e-009
   1.08889398161e-008             -1.5250410147467e-009
   1.09031551422e-008             -1.5215742219603e-009
   1.09173704683e-008             -1.4846826590581e-009
   1.09315857944e-008             -1.4817451038162e-009
   1.09458011206e-008             -1.5215211896603e-009
   1.09600164467e-008             -1.4832272170448e-009
   1.09742317728e-008             -1.4754995425576e-009
   1.09884470990e-008             -1.4772461970258e-009
   1.10026624251e-008             -1.4427365907364e-009
   1.10168777512e-008             -1.4384757090356e-009
   1.10310930774e-008             -1.4434511312007e-009
   1.10453084035e-008             -1.4357499728636e-009
   1.10595237296e-008             -1.4581917846454e-009
   1.10737390558e-008             -1.4838887252090e-009
   1.10879543819e-008             -1.4856618958272e-009
   1.11021697080e-008             -1.5459479911303e-009
   1.11163850341e-008             -1.5263907022903e-009
   1.11306003603e-008             -1.5437778535874e-009
   1.11448156864e-008             -1.5119939834700e-009
   1.11590310125e-008             -1.5552898944006e-009
   1.11732463387e-008             -1.5882116329917e-009
   1.11874616648e-008             -1.6146761463195e-009
   1.12016769909e-008             -1.6572575167858e-009
   1.12158923171e-008             -1.6251560731288e-009
   1.12301076432e-008             -1.6143585727799e-009
   1.12443229693e-008             -1.6165815875576e-009
   1.12585382955e-008             -1.6366946300920e-009
   1.12727536216e-008             -1.6111034439982e-009
   1.12869689477e-008             -1.5904082866846e-009
   1.13011842738e-008             -1.5488061529873e-009
   1.13153996000e-008             -1.5230033028889e-009
   1.13296149261e-008             -1.5117823194653e-009
   1.13438302522e-008             -1.5108030826963e-009
   1.13580455784e-008             -1.5457626882104e-009
   1.13722609045e-008             -1.5240354168928e-009
   1.13864762306e-008             -1.5395700041868e-009
   1.14006915568e-008             -1.5200921087317e-009
   1.14149068829e-008             -1.5076273472995e-009
   1.14291222090e-008             -1.5153021445518e-009
   1.14433375352e-008             -1.5416342321946e-009
   1.14575528613e-008             -1.5425869528137e-009
   1.14717681874e-008             -1.5324774767790e-009
   1.14859835135e-008             -1.5515849214595e-009
   1.15001988397e-008             -1.5350180650964e-009
   1.15144141658e-008             -1.5946161360852e-009
   1.15286294919e-008             -1.5511085611500e-009
   1.15428448181e-008             -1.5822307680380e-009
   1.15570601442e-008             -1.5516112825443e-009
   1.15712754703e-008             -1.5281638729086e-009
   1.15854907965e-008             -1.5579363922529e-009
   1.15997061226e-008             -1.5999089767247e-009
   1.16139214487e-008             -1.5922078183876e-009
   1.16281367749e-008             -1.5940603823908e-009
   1.16423521010e-008             -1.6319310269969e-009
   1.16565674271e-008             -1.6597981051032e-009
   1.16707827532e-008             -1.6734801283940e-009
   1.16849980794e-008             -1.6646674626681e-009
   1.16992134055e-008             -1.6183811192606e-009
   1.17134287316e-008             -1.6203924700336e-009
   1.17276440578e-008             -1.6310046674627e-009
   1.17418593839e-008             -1.6404524802680e-009
   1.17560747100e-008             -1.6664406332863e-009
   1.17702900362e-008             -1.6367475073268e-009
   1.17845053623e-008             -1.6197573229543e-009
   1.17987206884e-008             -1.6366415977919e-009
   1.18129360145e-008             -1.6158141698584e-009
   1.18271513407e-008             -1.6100184527594e-009
   1.18413666668e-008             -1.6292580129945e-009
   1.18555819929e-008             -1.5622765122734e-009
   1.18697973191e-008             -1.5629116593528e-009
   1.18840126452e-008             -1.5099562716122e-009
   1.18982279713e-008             -1.5402316674161e-009
   1.19124432975e-008             -1.5431692226581e-009
   1.19266586236e-008             -1.5586509327172e-009
   1.19408739497e-008             -1.5400728806463e-009
   1.19550892759e-008             -1.5268670625998e-009
   1.19693046020e-008             -1.5312865760052e-009
   1.19835199281e-008             -1.5054837259067e-009
   1.19977352542e-008             -1.5238235978229e-009
   1.20119505804e-008             -1.5154872924065e-009
   1.20261659065e-008             -1.5080773465242e-009
   1.20403812326e-008             -1.5105914186916e-009
   1.20545965588e-008             -1.4988940749585e-009
   1.20688118849e-008             -1.5045310052877e-009
   1.20830272110e-008             -1.5703481213850e-009
   1.20972425372e-008             -1.5419783218844e-009
   1.21114578633e-008             -1.5375322923289e-009
   1.21256731894e-008             -1.5467682860643e-009
   1.21398885156e-008             -1.5877089115973e-009
   1.21541038417e-008             -1.5868619454481e-009
   1.21683191678e-008             -1.5982945928763e-009
   1.21825344939e-008             -1.6196779295694e-009
   1.21967498201e-008             -1.6376208345609e-009
   1.22109651462e-008             -1.6672874443704e-009
   1.22251804723e-008             -1.6665465428213e-009
   1.22393957985e-008             -1.6537905689342e-009
   1.22536111246e-008             -1.6844364155127e-009
   1.22678264507e-008             -1.6877180604444e-009
   1.22820417769e-008             -1.6552726821628e-009
   1.22962571030e-008             -1.6575485741754e-009
   1.23104724291e-008             -1.6629208081998e-009
   1.23246877553e-008             -1.6639794383538e-009
   1.23389030814e-008             -1.6834836948937e-009
   1.23531184075e-008             -1.6583690241747e-009
   1.23673337336e-008             -1.6365358433221e-009
   1.23815490598e-008             -1.6808902293414e-009
   1.23957643859e-008             -1.6523086107708e-009
   1.24099797120e-008             -1.5943514397804e-009
   1.24241950382e-008             -1.5776523127975e-009
   1.24384103643e-008             -1.5414225681899e-009
   1.24526256904e-008             -1.5522729457737e-009
   1.24668410166e-008             -1.5321864193894e-009
   1.24810563427e-008             -1.5310483958505e-009
   1.24952716688e-008             -1.5381674394083e-009
   1.25094869949e-008             -1.5112265657709e-009
   1.25237023211e-008             -1.5173133402596e-009
   1.25379176472e-008             -1.5072040192901e-009
   1.25521329733e-008             -1.5195628711873e-009
   1.25663482995e-008             -1.5047163082076e-009
   1.25805636256e-008             -1.5038429809735e-009
   1.25947789517e-008             -1.4904783761572e-009
   1.26089942779e-008             -1.5183719704136e-009
   1.26232096040e-008             -1.5821777357379e-009
   1.26374249301e-008             -1.5838449968212e-009
   1.26516402563e-008             -1.6355566065531e-009
   1.26658555824e-008             -1.6030053187365e-009
   1.26800709085e-008             -1.6050695467444e-009
   1.26942862346e-008             -1.6066574144428e-009
   1.27085015608e-008             -1.6225626075765e-009
   1.27227168869e-008             -1.5945631037851e-009
   1.27369322130e-008             -1.5948543162400e-009
   1.27511475392e-008             -1.5973949045574e-009
   1.27653628653e-008             -1.6373297771713e-009
   1.27795781914e-008             -1.6092245189102e-009
   1.27937935176e-008             -1.6137234257005e-009
   1.28080088437e-008             -1.6085893718309e-009
   1.28222241698e-008             -1.5819131944983e-009
   1.28364394960e-008             -1.5740267332413e-009
   1.28506548221e-008             -1.5901435903798e-009
   1.28648701482e-008             -1.5300427979966e-009
   1.28790854743e-008             -1.5415283226597e-009
   1.28933008005e-008             -1.5628057498178e-009
   1.29075161266e-008             -1.5768583789483e-009
   1.29217314527e-008             -1.5543371737816e-009
   1.29359467789e-008             -1.5868355843632e-009
   1.29501621050e-008             -1.6009410907287e-009
   1.29643774311e-008             -1.5581745724077e-009
   1.29785927573e-008             -1.5418724123494e-009
   1.29928080834e-008             -1.5269729721348e-009
   1.30070234095e-008             -1.5332185333933e-009
   1.30212387357e-008             -1.5082890105289e-009
   1.30354540618e-008             -1.4884406642993e-009
   1.30496693879e-008             -1.4959036424817e-009
   1.30638847140e-008             -1.5145345717874e-009
   1.30781000402e-008             -1.5447040580564e-009
   1.30923153663e-008             -1.5559515576300e-009
   1.31065306924e-008             -1.5506585619253e-009
   1.31207460186e-008             -1.5307573384608e-009
   1.31349613447e-008             -1.5229502705888e-009
   1.31491766708e-008             -1.5189277241080e-009
   1.31633919970e-008             -1.5802459334150e-009
   1.31776073231e-008             -1.6176137015615e-009
   1.31918226492e-008             -1.5929488750019e-009
   1.32060379753e-008             -1.5525640031633e-009
   1.32202533015e-008             -1.5859092248290e-009
   1.32344686276e-008             -1.6082981593760e-009
   1.32486839537e-008             -1.6382031044054e-009
   1.32628992799e-008             -1.6194662655647e-009
   1.32771146060e-008             -1.5616413651941e-009
   1.32913299321e-008             -1.5610327342648e-009
   1.33055452583e-008             -1.5024404161950e-009
   1.33197605844e-008             -1.5453657212858e-009
   1.33339759105e-008             -1.5625146924282e-009
   1.33481912367e-008             -1.5903817705345e-009
   1.33624065628e-008             -1.5557927708601e-009
   1.33766218889e-008             -1.5519818883841e-009
   1.33908372150e-008             -1.5459479911303e-009
   1.34050525412e-008             -1.5218652793500e-009
   1.34192678673e-008             -1.4964859123261e-009
   1.34334831934e-008             -1.4963006094063e-009
   1.34476985196e-008             -1.5262053993704e-009
   1.34619138457e-008             -1.4899226224627e-009
   1.34761291718e-008             -1.4676661136008e-009
   1.34903444980e-008             -1.4641462885143e-009
   1.35045598241e-008             -1.4657870334476e-009
   1.35187751502e-008             -1.4570802772566e-009
   1.35329904764e-008             -1.4478177673712e-009
   1.35472058025e-008             -1.4192361488006e-009
   1.35614211286e-008             -1.4026429313526e-009
   1.35756364547e-008             -1.4021135387430e-009
   1.35898517809e-008             -1.3838530602118e-009
   1.36040671070e-008             -1.4067183550683e-009
   1.36182824331e-008             -1.4202946238893e-009
   1.36324977593e-008             -1.4548043852440e-009
   1.36467130854e-008             -1.4494585123044e-009
   1.36609284115e-008             -1.4877261238351e-009
   1.36751437377e-008             -1.5080243142241e-009
   1.36893590638e-008             -1.5139788180930e-009
   1.37035743899e-008             -1.4835182744344e-009
   1.37177897161e-008             -1.5195893873374e-009
   1.37320050422e-008             -1.5295929538371e-009
   1.37462203683e-008             -1.5558191319450e-009
   1.37604356944e-008             -1.5441748205120e-009
   1.37746510206e-008             -1.5604769805703e-009
   1.37888663467e-008             -1.5565867047093e-009
   1.38030816728e-008             -1.5788697297213e-009
   1.38172969990e-008             -1.5877883049822e-009
   1.38315123251e-008             -1.5862533145188e-009
   1.38457276512e-008             -1.5615090945743e-009
   1.38599429774e-008             -1.5373735055591e-009
   1.38741583035e-008             -1.5259408581308e-009
   1.38883736296e-008             -1.5263907022903e-009
   1.39025889558e-008             -1.5531991502427e-009
   1.39168042819e-008             -1.5580951790228e-009
   1.39310196080e-008             -1.5324774767790e-009
   1.39452349341e-008             -1.5191659042627e-009
   1.39594502603e-008             -1.4765051404115e-009
   1.39736655864e-008             -1.4497232086092e-009
   1.39878809125e-008             -1.4568949743367e-009
   1.40020962387e-008             -1.4069036579882e-009
   1.40163115648e-008             -1.4412544775078e-009
   1.40305268909e-008             -1.4305100094590e-009
   1.40447422171e-008             -1.3933273891671e-009
   1.40589575432e-008             -1.3871875823784e-009
   1.40731728693e-008             -1.4260639799035e-009
   1.40873881954e-008             -1.4068771418381e-009
   1.41016035216e-008             -1.4100265161500e-009
   1.41158188477e-008             -1.3873728852983e-009
   1.41300341738e-008             -1.4065595682985e-009
   1.41442495000e-008             -1.3891989331514e-009
   1.41584648261e-008             -1.3821594380437e-009
   1.41726801522e-008             -1.4057656344493e-009
   1.41868954784e-008             -1.4671632371412e-009
   1.42011108045e-008             -1.4567627037169e-009
