# Atom Manipulation               
# 
# Sample                          Ag(111)
# Data set                        -
# Creation Comment                
# Gap voltage                     -1.000e-003 V
# Gap voltage range in Volt       -10;10
# Feedback loop enabled           No
# Regulator setpoint              1.000e-009 A
# Pre-amplifier range             0;3.33e-007
# Loop gain                       7.000e+000 %
# Z-axis offset                   -4.000e-010 m
# Parameter mode                  V before Z
# Raster time                     1.000e-003 seconds
# Channel name and data unit      I(r) [A]
# Manipulation vector: start      -2.980e+000, -5.800e-001 [nm]
#                      end        -7.400e-001, 4.760e+000 [nm]
# 
# 
#             Position                            I(r)
# --------------------             -------------------
   0.000000000000e+000             -6.80163128596e-009
   5.790785784330e-012             -6.94313665897e-009
   1.158157156866e-011             -6.95996805657e-009
   1.737235735299e-011             -6.74052474065e-009
   2.316314313732e-011             -6.98825861775e-009
   2.895392892165e-011             -7.19166446991e-009
   3.474471470598e-011             -7.41677123230e-009
   4.053550049031e-011             -7.51836824885e-009
   4.632628627464e-011             -7.50024004094e-009
   5.211707205897e-011             -7.56910062181e-009
   5.790785784330e-011             -7.52739257858e-009
   6.369864362763e-011             -7.72209167455e-009
   6.948942941196e-011             -7.88326024593e-009
   7.528021519629e-011             -8.14425281831e-009
   8.107100098062e-011             -8.22076152522e-009
   8.686178676495e-011             -8.17169641334e-009
   9.265257254928e-011             -8.20279210408e-009
   9.844335833361e-011             -8.34024856952e-009
   1.042341441179e-010             -8.78016731536e-009
   1.100249299023e-010             -8.85604087519e-009
   1.158157156866e-010             -8.95522972910e-009
   1.216065014709e-010             -8.77180449379e-009
   1.273972872553e-010             -8.81494161795e-009
   1.331880730396e-010             -8.71538231326e-009
   1.389788588239e-010             -8.85167423902e-009
   1.447696446083e-010             -8.77307478795e-009
   1.505604303926e-010             -9.04769650638e-009
   1.563512161769e-010             -8.93466684241e-009
   1.621420019612e-010             -8.79787204019e-009
   1.679327877456e-010             -8.78344896029e-009
   1.737235735299e-010             -8.82153126890e-009
   1.795143593142e-010             -8.70283815845e-009
   1.853051450986e-010             -8.61135046287e-009
   1.910959308829e-010             -8.61701390935e-009
   1.968867166672e-010             -8.65821907612e-009
   2.026775024516e-010             -8.67261579494e-009
   2.084682882359e-010             -8.69185535518e-009
   2.142590740202e-010             -8.76865527454e-009
   2.200498598045e-010             -9.14910837507e-009
   2.258406455889e-010             -9.18478252105e-009
   2.316314313732e-010             -9.26803966568e-009
   2.374222171575e-010             -9.50751663074e-009
   2.432130029419e-010             -9.55599947278e-009
   2.490037887262e-010             -9.66799702275e-009
   2.547945745105e-010             -9.84610290127e-009
   2.605853602949e-010             -9.94185132348e-009
   2.663761460792e-010             -1.02664643583e-008
   2.721669318635e-010             -1.04556853107e-008
   2.779577176478e-010             -1.04980019848e-008
   2.837485034322e-010             -1.05842760781e-008
   2.895392892165e-010             -1.08244147064e-008
   2.953300750008e-010             -1.08123203957e-008
   3.011208607852e-010             -1.09166167874e-008
   3.069116465695e-010             -1.10054051078e-008
   3.127024323538e-010             -1.10549730962e-008
   3.184932181382e-010             -1.11684262432e-008
   3.242840039225e-010             -1.11105748267e-008
   3.300747897068e-010             -1.13822326288e-008
   3.358655754911e-010             -1.15128876242e-008
   3.416563612755e-010             -1.16935340911e-008
   3.474471470598e-010             -1.16441514057e-008
   3.532379328441e-010             -1.17589542403e-008
   3.590287186285e-010             -1.18116449317e-008
   3.648195044128e-010             -1.16383026563e-008
   3.706102901971e-010             -1.18561581045e-008
   3.764010759815e-010             -1.18747891889e-008
   3.821918617658e-010             -1.20434736157e-008
   3.879826475501e-010             -1.17920082495e-008
   3.937734333344e-010             -1.15873321031e-008
   3.995642191188e-010             -1.19709609391e-008
   4.053550049031e-010             -1.17434194979e-008
   4.111457906874e-010             -1.18111156941e-008
   4.169365764718e-010             -1.17545876041e-008
   4.227273622561e-010             -1.17906585619e-008
   4.285181480404e-010             -1.18043936175e-008
   4.343089338248e-010             -1.17854451147e-008
   4.400997196091e-010             -1.16430662594e-008
   4.458905053934e-010             -1.20942588659e-008
   4.516812911778e-010             -1.24265201817e-008
   4.574720769621e-010             -1.24989799811e-008
   4.632628627464e-010             -1.25205219495e-008
   4.690536485307e-010             -1.27081815503e-008
   4.748444343151e-010             -1.25333836778e-008
   4.806352200994e-010             -1.25997036704e-008
   4.864260058837e-010             -1.29468380654e-008
   4.922167916681e-010             -1.30601587868e-008
   4.980075774524e-010             -1.34479691110e-008
   5.037983632367e-010             -1.32549637923e-008
   5.095891490211e-010             -1.31361118951e-008
   5.153799348054e-010             -1.30153280404e-008
   5.211707205897e-010             -1.31269816558e-008
   5.269615063740e-010             -1.28599551862e-008
   5.327522921584e-010             -1.29505165222e-008
   5.385430779427e-010             -1.29769016421e-008
   5.443338637270e-010             -1.26155558312e-008
   5.501246495114e-010             -1.23202918327e-008
   5.559154352957e-010             -1.19231397603e-008
   5.617062210800e-010             -1.21732818000e-008
   5.674970068644e-010             -1.22338060755e-008
   5.732877926487e-010             -1.21368137202e-008
   5.790785784330e-010             -1.20460670812e-008
   5.848693642173e-010             -1.17843336073e-008
   5.906601500017e-010             -1.14595352696e-008
   5.964509357860e-010             -1.11873218688e-008
   6.022417215703e-010             -1.07743174805e-008
   6.080325073547e-010             -1.08443688071e-008
   6.138232931390e-010             -1.10076546388e-008
   6.196140789233e-010             -1.06367022283e-008
   6.254048647077e-010             -1.03831726341e-008
   6.311956504920e-010             -1.02840368125e-008
   6.369864362763e-010             -1.00144168773e-008
   6.427772220606e-010             -9.84721440866e-009
   6.485680078450e-010             -9.74408240165e-009
   6.543587936293e-010             -9.73669881685e-009
   6.601495794136e-010             -9.43598319093e-009
   6.659403651980e-010             -9.25763913226e-009
   6.717311509823e-010             -9.11960055203e-009
   6.775219367666e-010             -9.02091457458e-009
   6.833127225510e-010             -9.21548124486e-009
   6.891035083353e-010             -9.24107243096e-009
   6.948942941196e-010             -9.21590472794e-009
   7.006850799039e-010             -9.31530524586e-009
   7.064758656883e-010             -9.00590922483e-009
   7.122666514726e-010             -8.76383879421e-009
   7.180574372569e-010             -8.64506629038e-009
   7.238482230413e-010             -8.72287180760e-009
   7.296390088256e-010             -8.83203771186e-009
   7.354297946099e-010             -8.70402905922e-009
   7.412205803943e-010             -8.47844593652e-009
   7.470113661786e-010             -8.27305524973e-009
   7.528021519629e-010             -8.06663244894e-009
   7.585929377472e-010             -7.84419870055e-009
   7.643837235316e-010             -7.58074493324e-009
   7.701745093159e-010             -7.49333281645e-009
   7.759652951002e-010             -7.18941493898e-009
   7.817560808846e-010             -6.94295151111e-009
   7.875468666689e-010             -6.62320783389e-009
   7.933376524532e-010             -6.62244041620e-009
   7.991284382376e-010             -6.60833475476e-009
   8.049192240219e-010             -6.49062088108e-009
   8.107100098062e-010             -6.32286265875e-009
   8.165007955905e-010             -6.21030935508e-009
   8.222915813749e-010             -6.04773806386e-009
   8.280823671592e-010             -5.89810804943e-009
   8.338731529435e-010             -5.77983842206e-009
   8.396639387279e-010             -5.74352912900e-009
   8.454547245122e-010             -5.78780412163e-009
   8.512455102965e-010             -5.66575012793e-009
   8.570362960809e-010             -5.60125618323e-009
   8.628270818652e-010             -5.65847229760e-009
   8.686178676495e-010             -5.56148009738e-009
   8.744086534338e-010             -5.56031571276e-009
   8.801994392182e-010             -5.41489339267e-009
   8.859902250025e-010             -5.47015118857e-009
   8.917810107868e-010             -5.40330195847e-009
   8.975717965712e-010             -5.34637690149e-009
   9.033625823555e-010             -5.33436213928e-009
   9.091533681398e-010             -5.39316612135e-009
   9.149441539242e-010             -5.48380685078e-009
   9.207349397085e-010             -5.46557288840e-009
   9.265257254928e-010             -5.60191784645e-009
   9.323165112771e-010             -5.62160740591e-009
   9.381072970615e-010             -5.53967343268e-009
   9.438980828458e-010             -5.57166896680e-009
   9.496888686301e-010             -5.46147094853e-009
   9.554796544145e-010             -5.55369954566e-009
   9.612704401988e-010             -5.51199150243e-009
   9.670612259831e-010             -5.55793391121e-009
   9.728520117675e-010             -5.35839181876e-009
   9.786427975518e-010             -5.28778458342e-009
   9.844335833361e-010             -5.19558250244e-009
   9.902243691204e-010             -5.02118159686e-009
   9.960151549048e-010             -4.97436601591e-009
   1.001805940689e-009             -4.82034284917e-009
   1.007596726473e-009             -4.70241715641e-009
   1.013387512258e-009             -4.54998185737e-009
   1.019178298042e-009             -4.49305680038e-009
   1.024969083826e-009             -4.52989533099e-009
   1.030759869611e-009             -4.53291227961e-009
   1.036550655395e-009             -4.55453379646e-009
   1.042341441179e-009             -4.44192746050e-009
   1.048132226964e-009             -4.48360898758e-009
   1.053923012748e-009             -4.46413124719e-009
   1.059713798532e-009             -4.42427576796e-009
   1.065504584317e-009             -4.51150258184e-009
   1.071295370101e-009             -4.54921443967e-009
   1.077086155885e-009             -4.69005830452e-009
   1.082876941670e-009             -4.60902417467e-009
   1.088667727454e-009             -4.59925878832e-009
   1.094458513238e-009             -4.61675169409e-009
   1.100249299023e-009             -4.75013258075e-009
   1.106040084807e-009             -4.74947107259e-009
   1.111830870591e-009             -4.80742824358e-009
   1.117621656376e-009             -4.79901254478e-009
   1.123412442160e-009             -4.82124269255e-009
   1.129203227944e-009             -4.78199584425e-009
   1.134994013729e-009             -4.73486268976e-009
   1.140784799513e-009             -4.83902681077e-009
   1.146575585297e-009             -4.91730868830e-009
   1.152366371082e-009             -5.07643939276e-009
   1.158157156866e-009             -5.09501744484e-009
   1.163947942650e-009             -5.09724045961e-009
   1.169738728435e-009             -5.02263719394e-009
   1.175529514219e-009             -5.02626277350e-009
   1.181320300003e-009             -4.94602257749e-009
   1.187111085788e-009             -4.93967110670e-009
   1.192901871572e-009             -4.93781854270e-009
   1.198692657356e-009             -4.85792243638e-009
   1.204483443141e-009             -4.69093163175e-009
   1.210274228925e-009             -4.69947960117e-009
   1.216065014709e-009             -4.63538277846e-009
   1.221855800494e-009             -4.56247313495e-009
   1.227646586278e-009             -4.35149839508e-009
   1.233437372062e-009             -4.22338398797e-009
   1.239228157847e-009             -3.97265967839e-009
   1.245018943631e-009             -3.97231558871e-009
   1.250809729415e-009             -3.96019491696e-009
   1.256600515200e-009             -3.98806199507e-009
   1.262391300984e-009             -4.01145652747e-009
   1.268182086768e-009             -3.95334056971e-009
   1.273972872553e-009             -3.91451720448e-009
   1.279763658337e-009             -3.99131712385e-009
   1.285554444121e-009             -4.05641969948e-009
   1.291345229906e-009             -4.04591325652e-009
   1.297136015690e-009             -3.97093954008e-009
   1.302926801474e-009             -4.15198281878e-009
   1.308717587259e-009             -4.17662128425e-009
   1.314508373043e-009             -4.19636372094e-009
   1.320299158827e-009             -4.28089131480e-009
   1.326089944612e-009             -4.40792073067e-009
   1.331880730396e-009             -4.42612817690e-009
   1.337671516180e-009             -4.40672982989e-009
   1.343462301965e-009             -4.42488439889e-009
   1.349253087749e-009             -4.49340089007e-009
   1.355043873533e-009             -4.50957062445e-009
   1.360834659318e-009             -4.41175797423e-009
   1.366625445102e-009             -4.38725193444e-009
   1.372416230886e-009             -4.56025012018e-009
   1.378207016671e-009             -4.66147668595e-009
   1.383997802455e-009             -4.73009908667e-009
   1.389788588239e-009             -4.66539347796e-009
   1.395579374024e-009             -4.59730031478e-009
   1.401370159808e-009             -4.53002775667e-009
   1.407160945592e-009             -4.46071733164e-009
   1.412951731377e-009             -4.48077734187e-009
   1.418742517161e-009             -4.41689218316e-009
   1.424533302945e-009             -4.44608243266e-009
   1.430324088730e-009             -4.33273519515e-009
   1.436114874514e-009             -4.34194482780e-009
   1.441905660298e-009             -4.33948363287e-009
   1.447696446083e-009             -4.20874908899e-009
   1.453487231867e-009             -4.13104948131e-009
   1.459278017651e-009             -4.05385259502e-009
   1.465068803436e-009             -3.96016840081e-009
   1.470859589220e-009             -3.97567662702e-009
   1.476650375004e-009             -3.96757850176e-009
   1.482441160789e-009             -3.88882026392e-009
   1.488231946573e-009             -3.90329637613e-009
   1.494022732357e-009             -3.91750779203e-009
   1.499813518141e-009             -4.03876785188e-009
   1.505604303926e-009             -4.05149730962e-009
   1.511395089710e-009             -4.13361658577e-009
   1.517185875494e-009             -4.18164958365e-009
   1.522976661279e-009             -4.20689668005e-009
   1.528767447063e-009             -4.24066522973e-009
   1.534558232847e-009             -4.37335809208e-009
   1.540349018632e-009             -4.55284001923e-009
   1.546139804416e-009             -4.62477042596e-009
   1.551930590200e-009             -4.73338057653e-009
   1.557721375985e-009             -4.74870349982e-009
   1.563512161769e-009             -4.78236629503e-009
   1.569302947553e-009             -4.84646327281e-009
   1.575093733338e-009             -4.88785374250e-009
   1.580884519122e-009             -4.85786940408e-009
   1.586675304906e-009             -4.89237916544e-009
   1.592466090691e-009             -4.78138721332e-009
   1.598256876475e-009             -4.79766285723e-009
   1.604047662259e-009             -4.63165128937e-009
   1.609838448044e-009             -4.76757276435e-009
   1.615629233828e-009             -4.72012188125e-009
   1.621420019612e-009             -4.85924560778e-009
   1.627210805397e-009             -4.75164105506e-009
   1.633001591181e-009             -4.68439485804e-009
   1.638792376965e-009             -4.54561522120e-009
   1.644583162750e-009             -4.50435717719e-009
   1.650373948534e-009             -4.47519328878e-009
   1.656164734318e-009             -4.64962055544e-009
   1.661955520103e-009             -4.59147823660e-009
   1.667746305887e-009             -4.49639132255e-009
   1.673537091671e-009             -4.48424413466e-009
   1.679327877456e-009             -4.33127959807e-009
   1.685118663240e-009             -4.27723921909e-009
   1.690909449024e-009             -4.28713687606e-009
   1.696700234809e-009             -4.27811254633e-009
   1.702491020593e-009             -4.24143280249e-009
   1.708281806377e-009             -4.14817193630e-009
   1.714072592162e-009             -4.09042658438e-009
   1.719863377946e-009             -4.20906666253e-009
   1.725654163730e-009             -4.25522073532e-009
   1.731444949515e-009             -4.33585789825e-009
   1.737235735299e-009             -4.52587278451e-009
   1.743026521083e-009             -4.47506101816e-009
   1.748817306868e-009             -4.55077579122e-009
   1.754608092652e-009             -4.50306036688e-009
   1.760398878436e-009             -4.61254384469e-009
   1.766189664221e-009             -4.79543984245e-009
   1.771980450005e-009             -4.87642109507e-009
   1.777771235789e-009             -4.94200003101e-009
   1.783562021574e-009             -4.95052148428e-009
   1.789352807358e-009             -5.04251205632e-009
   1.795143593142e-009             -5.04137403278e-009
   1.800934378927e-009             -5.00112158663e-009
   1.806725164711e-009             -5.04050070555e-009
   1.812515950495e-009             -4.96129262355e-009
   1.818306736280e-009             -4.91651475445e-009
   1.824097522064e-009             -4.89677216269e-009
   1.829888307848e-009             -4.79888011909e-009
   1.835679093633e-009             -4.89873063623e-009
   1.841469879417e-009             -4.92598892834e-009
   1.847260665201e-009             -4.81626727039e-009
   1.853051450986e-009             -4.77082789313e-009
   1.858842236770e-009             -4.88727147265e-009
   1.864633022554e-009             -4.78596551350e-009
   1.870423808339e-009             -4.64168121695e-009
   1.876214594123e-009             -4.64549209943e-009
   1.882005379907e-009             -4.59221913815e-009
   1.887796165692e-009             -4.63511808215e-009
   1.893586951476e-009             -4.58004558917e-009
   1.899377737260e-009             -4.61286141823e-009
   1.905168523045e-009             -4.71194436260e-009
   1.910959308829e-009             -4.56035602971e-009
   1.916750094613e-009             -4.57051838298e-009
   1.922540880398e-009             -4.45455100870e-009
   1.928331666182e-009             -4.48636139497e-009
   1.934122451966e-009             -4.43335297493e-009
   1.939913237751e-009             -4.43412054769e-009
   1.945704023535e-009             -4.40082820326e-009
   1.951494809319e-009             -4.55628045093e-009
   1.957285595104e-009             -4.72181565848e-009
   1.963076380888e-009             -4.76310021864e-009
   1.968867166672e-009             -4.90251500256e-009
   1.974657952457e-009             -5.01459194591e-009
   1.980448738241e-009             -4.92093426786e-009
   1.986239524025e-009             -5.09978104793e-009
   1.992030309810e-009             -5.09155065205e-009
   1.997821095594e-009             -5.16477786909e-009
   2.003611881378e-009             -5.18184744685e-009
   2.009402667163e-009             -5.27322923289e-009
   2.015193452947e-009             -5.27119136597e-009
   2.020984238731e-009             -5.30435143978e-009
   2.026775024516e-009             -5.36940098311e-009
   2.032565810300e-009             -5.28749352603e-009
   2.038356596084e-009             -5.17120873327e-009
   2.044147381869e-009             -5.06995565135e-009
   2.049938167653e-009             -4.99275876506e-009
   2.055728953437e-009             -5.02732140365e-009
   2.061519739222e-009             -4.91262447859e-009
   2.067310525006e-009             -4.91664702507e-009
   2.073101310790e-009             -4.91212160213e-009
   2.078892096575e-009             -4.83309866799e-009
   2.084682882359e-009             -4.74865062259e-009
   2.090473668143e-009             -4.79340197553e-009
   2.096264453927e-009             -4.67010404875e-009
   2.102055239712e-009             -4.63829381755e-009
   2.107846025496e-009             -4.56154693048e-009
   2.113636811280e-009             -4.65867140132e-009
   2.119427597065e-009             -4.65065266945e-009
   2.125218382849e-009             -4.78085782071e-009
   2.131009168633e-009             -4.71003892137e-009
   2.136799954418e-009             -4.72906697266e-009
   2.142590740202e-009             -4.79731876754e-009
   2.148381525986e-009             -4.86787297058e-009
   2.154172311771e-009             -4.86342694103e-009
   2.159963097555e-009             -4.92059017817e-009
   2.165753883339e-009             -4.82693250012e-009
   2.171544669124e-009             -4.91008389028e-009
   2.177335454908e-009             -4.83492471584e-009
   2.183126240692e-009             -4.97224891067e-009
   2.188917026477e-009             -5.13815456900e-009
   2.194707812261e-009             -5.04957806758e-009
   2.200498598045e-009             -5.18282652856e-009
   2.206289383830e-009             -5.24226581277e-009
   2.212080169614e-009             -5.26640140179e-009
   2.217870955398e-009             -5.25110483959e-009
   2.223661741183e-009             -5.22651940641e-009
   2.229452526967e-009             -5.22133232024e-009
   2.235243312751e-009             -5.29477120129e-009
   2.241034098536e-009             -5.38276558793e-009
   2.246824884320e-009             -5.30728899502e-009
   2.252615670104e-009             -5.32472902355e-009
   2.258406455889e-009             -5.23819023399e-009
   2.264197241673e-009             -5.23559676844e-009
   2.269988027457e-009             -5.14614678472e-009
   2.275778813242e-009             -5.13331157252e-009
   2.281569599026e-009             -4.97703887485e-009
   2.287360384810e-009             -5.02541596241e-009
   2.293151170595e-009             -4.82301570811e-009
   2.298941956379e-009             -4.80300857511e-009
   2.304732742163e-009             -4.88195211586e-009
   2.310523527948e-009             -4.78427173627e-009
   2.316314313732e-009             -4.80793096497e-009
   2.322105099516e-009             -4.72832591605e-009
   2.327895885301e-009             -4.70175564825e-009
   2.333686671085e-009             -4.66298516026e-009
   2.339477456869e-009             -4.76074493324e-009
   2.345268242654e-009             -4.71218254276e-009
   2.351059028438e-009             -4.83135201352e-009
   2.356849814222e-009             -4.84328753741e-009
   2.362640600007e-009             -4.81290638714e-009
   2.368431385791e-009             -4.99704600785e-009
   2.374222171575e-009             -4.99963962846e-009
   2.380012957360e-009             -5.11735350215e-009
   2.385803743144e-009             -4.99304997752e-009
   2.391594528928e-009             -5.01954085193e-009
   2.397385314713e-009             -5.03859526431e-009
   2.403176100497e-009             -5.10827614012e-009
   2.408966886281e-009             -5.11616260137e-009
   2.414757672066e-009             -5.11293398874e-009
   2.420548457850e-009             -5.30289584270e-009
   2.426339243634e-009             -5.24718820264e-009
   2.432130029419e-009             -5.38731752702e-009
   2.437920815203e-009             -5.38768797779e-009
   2.443711600987e-009             -5.35180216781e-009
   2.449502386772e-009             -5.18721968088e-009
   2.455293172556e-009             -5.20944982865e-009
   2.461083958340e-009             -5.12034393462e-009
   2.466874744125e-009             -5.29598861821e-009
   2.472665529909e-009             -5.27793980369e-009
   2.478456315693e-009             -5.23112422274e-009
   2.484247101478e-009             -5.17197615097e-009
   2.490037887262e-009             -5.04137403278e-009
   2.495828673046e-009             -5.03642512677e-009
   2.501619458831e-009             -4.90952813658e-009
   2.507410244615e-009             -4.83505714153e-009
   2.513201030399e-009             -4.75037076090e-009
   2.518991816184e-009             -4.63255097769e-009
   2.524782601968e-009             -4.53844345547e-009
   2.530573387752e-009             -4.59245731830e-009
   2.536364173537e-009             -4.59632123308e-009
   2.542154959321e-009             -4.63577974538e-009
   2.547945745105e-009             -4.70249654980e-009
   2.553736530890e-009             -4.63072492983e-009
   2.559527316674e-009             -4.61773093086e-009
   2.565318102458e-009             -4.70741893966e-009
   2.571108888243e-009             -4.71189148537e-009
   2.576899674027e-009             -4.77186000713e-009
   2.582690459811e-009             -4.97981764332e-009
   2.588481245596e-009             -5.08522569741e-009
   2.594272031380e-009             -5.17618400037e-009
   2.600062817164e-009             -5.22127944301e-009
   2.605853602949e-009             -5.21982384593e-009
   2.611644388733e-009             -5.34624463087e-009
   2.617435174517e-009             -5.28529702740e-009
   2.623225960302e-009             -5.33939028361e-009
   2.629016746086e-009             -5.40777450418e-009
   2.634807531870e-009             -5.24258338631e-009
   2.640598317655e-009             -5.26994758796e-009
   2.646389103439e-009             -5.34992324272e-009
   2.652179889223e-009             -5.30257826916e-009
   2.657970675008e-009             -5.36193800493e-009
   2.663761460792e-009             -5.33639985114e-009
   2.669552246576e-009             -5.46538758548e-009
   2.675343032361e-009             -5.37413822512e-009
   2.681133818145e-009             -5.29770875653e-009
   2.686924603929e-009             -5.10981113058e-009
   2.692715389713e-009             -5.12473708695e-009
   2.698506175498e-009             -5.09991347362e-009
   2.704296961282e-009             -5.05457985083e-009
   2.710087747066e-009             -5.09530865729e-009
   2.715878532851e-009             -4.95737583154e-009
   2.721669318635e-009             -4.92556560033e-009
   2.727460104419e-009             -4.83211958629e-009
   2.733250890204e-009             -4.70866287274e-009
   2.739041675988e-009             -4.64887965389e-009
   2.744832461772e-009             -4.68137790941e-009
   2.750623247557e-009             -4.59031369691e-009
   2.756414033341e-009             -4.48895486052e-009
   2.762204819125e-009             -4.67502643862e-009
   2.767995604910e-009             -4.67529113492e-009
   2.773786390694e-009             -4.74976212998e-009
   2.779577176478e-009             -4.81057746282e-009
   2.785367962263e-009             -4.94864255920e-009
   2.791158748047e-009             -5.05465924421e-009
   2.796949533831e-009             -5.00154506970e-009
   2.802740319616e-009             -4.90304424010e-009
   2.808531105400e-009             -5.07360774706e-009
   2.814321891184e-009             -5.18782831181e-009
   2.820112676969e-009             -5.24758516956e-009
   2.825903462753e-009             -5.30424553025e-009
   2.831694248537e-009             -5.47216253935e-009
   2.837485034322e-009             -5.41028857635e-009
   2.843275820106e-009             -5.47110390919e-009
   2.849066605890e-009             -5.39208113012e-009
   2.854857391675e-009             -5.43852626029e-009
   2.860648177459e-009             -5.40920358511e-009
   2.866438963243e-009             -5.38123059747e-009
   2.872229749028e-009             -5.28839336941e-009
   2.878020534812e-009             -5.31911860938e-009
   2.883811320596e-009             -5.38580905271e-009
   2.889602106381e-009             -5.24705577695e-009
   2.895392892165e-009             -5.23766099645e-009
   2.901183677949e-009             -5.16882693172e-009
   2.906974463734e-009             -5.16117865062e-009
   2.912765249518e-009             -4.98659259719e-009
   2.918556035302e-009             -4.87837941354e-009
   2.924346821087e-009             -4.85765774008e-009
   2.930137606871e-009             -4.83389260184e-009
   2.935928392655e-009             -4.65896261378e-009
   2.941719178440e-009             -4.57663167362e-009
   2.947509964224e-009             -4.70728666904e-009
   2.953300750008e-009             -4.65356386360e-009
   2.959091535793e-009             -4.70606925212e-009
   2.964882321577e-009             -4.56477554312e-009
   2.970673107361e-009             -4.50795639566e-009
   2.976463893146e-009             -4.44684985036e-009
   2.982254678930e-009             -4.37346400161e-009
   2.988045464714e-009             -4.45198405930e-009
   2.993836250499e-009             -4.52206190203e-009
   2.999627036283e-009             -4.61849834856e-009
   3.005417822067e-009             -4.61394656453e-009
   3.011208607852e-009             -4.67867853432e-009
   3.016999393636e-009             -4.83558637907e-009
   3.022790179420e-009             -4.83778287770e-009
   3.028580965205e-009             -4.86403572702e-009
   3.034371750989e-009             -4.86107165563e-009
   3.040162536773e-009             -5.00839926189e-009
   3.045953322558e-009             -5.13320566298e-009
   3.051744108342e-009             -5.17089115973e-009
   3.057534894126e-009             -5.20749151018e-009
   3.063325679911e-009             -5.34881173533e-009
   3.069116465695e-009             -5.34838825226e-009
   3.074907251479e-009             -5.33557940114e-009
   3.080698037264e-009             -5.28852564003e-009
   3.086488823048e-009             -5.35876226953e-009
   3.092279608832e-009             -5.27468467491e-009
   3.098070394617e-009             -5.14278590147e-009
   3.103861180401e-009             -4.93173176821e-009
   3.109651966185e-009             -4.96949650328e-009
   3.115442751970e-009             -4.94239699794e-009
   3.121233537754e-009             -4.89023554405e-009
   3.127024323538e-009             -4.94242335902e-009
   3.132815109323e-009             -4.81650545054e-009
   3.138605895107e-009             -4.66475833088e-009
   3.144396680891e-009             -4.56009133341e-009
   3.150187466676e-009             -4.48940470468e-009
   3.155978252460e-009             -4.52206190203e-009
   3.161769038244e-009             -4.66211183303e-009
   3.167559824029e-009             -4.55630696708e-009
   3.173350609813e-009             -4.47701933663e-009
   3.179141395597e-009             -4.55821240832e-009
   3.184932181382e-009             -4.57181503822e-009
   3.190722967166e-009             -4.52470839988e-009
   3.196513752950e-009             -4.54558886012e-009
   3.202304538735e-009             -4.63101614229e-009
   3.208095324519e-009             -4.57430274931e-009
   3.213886110303e-009             -4.57655228023e-009
   3.219676896088e-009             -4.49234225992e-009
   3.225467681872e-009             -4.60624540619e-009
   3.231258467656e-009             -4.84304935725e-009
   3.237049253441e-009             -4.77736451178e-009
   3.242840039225e-009             -4.87938501140e-009
   3.248630825009e-009             -4.91918761339e-009
   3.254421610794e-009             -4.86186558948e-009
   3.260212396578e-009             -4.92699468126e-009
   3.266003182362e-009             -5.02755958380e-009
   3.271793968147e-009             -5.09297973298e-009
   3.277584753931e-009             -5.19844066430e-009
   3.283375539715e-009             -5.14699375087e-009
   3.289166325499e-009             -5.11367489029e-009
   3.294957111284e-009             -5.20370698879e-009
   3.300747897068e-009             -5.20595651972e-009
   3.306538682852e-009             -5.20553303664e-009
   3.312329468637e-009             -5.10946704089e-009
   3.318120254421e-009             -5.05788785684e-009
   3.323911040205e-009             -4.86170680271e-009
   3.329701825990e-009             -4.88478376157e-009
   3.335492611774e-009             -4.65396083053e-009
   3.341283397558e-009             -4.64983237451e-009
   3.347074183343e-009             -4.58586766735e-009
   3.352864969127e-009             -4.60666873420e-009
   3.358655754911e-009             -4.55395152662e-009
   3.364446540696e-009             -4.51274635984e-009
   3.370237326480e-009             -4.39204205368e-009
   3.376028112264e-009             -4.31672409248e-009
   3.381818898049e-009             -4.13803609918e-009
   3.387609683833e-009             -4.17204298407e-009
   3.393400469617e-009             -4.14586952814e-009
   3.399191255402e-009             -4.27131107631e-009
   3.404982041186e-009             -4.20739940145e-009
   3.410772826970e-009             -4.28239978911e-009
   3.416563612755e-009             -4.26136054211e-009
   3.422354398539e-009             -4.31206639892e-009
   3.428145184323e-009             -4.30730279583e-009
   3.433935970108e-009             -4.28782490037e-009
   3.439726755892e-009             -4.31873544325e-009
   3.445517541676e-009             -4.26657398936e-009
   3.451308327461e-009             -4.30290964351e-009
   3.457099113245e-009             -4.40641225635e-009
   3.462889899029e-009             -4.64009334925e-009
   3.468680684814e-009             -4.64506877142e-009
   3.474471470598e-009             -4.62016560964e-009
   3.480262256382e-009             -4.71776659585e-009
   3.486053042167e-009             -4.70035292841e-009
   3.491843827951e-009             -4.71686675247e-009
   3.497634613735e-009             -4.79985935586e-009
   3.503425399520e-009             -4.78009040301e-009
   3.509216185304e-009             -4.86699964335e-009
   3.515006971088e-009             -4.83217246352e-009
   3.520797756873e-009             -4.68561227496e-009
   3.526588542657e-009             -4.84042937555e-009
   3.532379328441e-009             -4.85165035898e-009
   3.538170114226e-009             -4.79244925491e-009
   3.543960900010e-009             -4.66676952659e-009
   3.549751685794e-009             -4.60740979082e-009
   3.555542471579e-009             -4.38836344183e-009
   3.561333257363e-009             -4.40927041821e-009
   3.567124043147e-009             -4.34337390873e-009
   3.572914828932e-009             -4.39810231202e-009
   3.578705614716e-009             -4.40567119974e-009
   3.584496400500e-009             -4.25696738979e-009
   3.590287186285e-009             -4.21144846408e-009
   3.596077972069e-009             -4.18260230427e-009
   3.601868757853e-009             -4.10320891935e-009
   3.607659543638e-009             -4.15423234970e-009
   3.613450329422e-009             -4.16735877436e-009
   3.619241115206e-009             -4.09418443455e-009
   3.625031900991e-009             -4.05141791623e-009
   3.630822686775e-009             -4.11884941618e-009
   3.636613472559e-009             -4.20591744328e-009
   3.642404258344e-009             -4.26776489014e-009
   3.648195044128e-009             -4.41403402131e-009
   3.653985829912e-009             -4.35792925925e-009
   3.659776615697e-009             -4.33876909240e-009
   3.665567401481e-009             -4.38116515995e-009
   3.671358187265e-009             -4.48855789359e-009
   3.677148973050e-009             -4.44613530990e-009
   3.682939758834e-009             -4.41032889330e-009
   3.688730544618e-009             -4.49604738793e-009
   3.694521330403e-009             -4.63292158353e-009
   3.700312116187e-009             -4.56773961451e-009
   3.706102901971e-009             -4.71623160539e-009
   3.711893687756e-009             -4.72546775419e-009
   3.717684473540e-009             -4.68121912264e-009
   3.723475259324e-009             -4.62998402828e-009
   3.729266045109e-009             -4.52513172789e-009
   3.735056830893e-009             -4.56019724294e-009
   3.740847616677e-009             -4.51695420924e-009
   3.746638402462e-009             -4.46635426197e-009
   3.752429188246e-009             -4.39535005970e-009
   3.758219974030e-009             -4.43054784537e-009
   3.764010759815e-009             -4.41215494115e-009
   3.769801545599e-009             -4.32079967126e-009
   3.775592331383e-009             -4.32752159283e-009
   3.781383117168e-009             -4.20477941975e-009
   3.787173902952e-009             -4.12326892958e-009
   3.792964688736e-009             -3.98864426491e-009
   3.798755474521e-009             -3.93399509994e-009
   3.804546260305e-009             -3.99478391664e-009
   3.810337046089e-009             -4.05319108685e-009
   3.816127831874e-009             -4.02783808091e-009
   3.821918617658e-009             -3.92531470483e-009
   3.827709403442e-009             -3.88299803067e-009
   3.833500189227e-009             -3.85997394905e-009
   3.839290975011e-009             -3.82789902154e-009
   3.845081760795e-009             -3.89114918823e-009
   3.850872546580e-009             -3.97046317977e-009
   3.856663332364e-009             -3.93248662563e-009
   3.862454118148e-009             -3.92221836282e-009
   3.868244903933e-009             -3.89416613686e-009
   3.874035689717e-009             -4.10069469212e-009
   3.879826475501e-009             -4.19006528245e-009
   3.885617261285e-009             -4.28269084650e-009
   3.891408047070e-009             -4.29634650871e-009
   3.897198832854e-009             -4.26604475182e-009
   3.902989618638e-009             -4.25590875963e-009
   3.908780404423e-009             -4.17588022764e-009
   3.914571190207e-009             -4.20067747988e-009
   3.920361975991e-009             -4.24262370327e-009
   3.926152761776e-009             -4.37412550978e-009
   3.931943547560e-009             -4.33284094962e-009
   3.937734333344e-009             -4.32458403759e-009
   3.943525119129e-009             -4.26927336445e-009
   3.949315904913e-009             -4.23235544046e-009
   3.955106690697e-009             -4.13414582332e-009
   3.960897476482e-009             -4.06375040705e-009
   3.966688262266e-009             -4.03281334801e-009
   3.972479048050e-009             -4.06237420335e-009
   3.978269833835e-009             -4.08322814744e-009
   3.984060619619e-009             -3.99981221604e-009
   3.989851405403e-009             -4.09140566608e-009
   3.995642191188e-009             -4.04832157422e-009
   4.001432976972e-009             -3.98827365907e-009
   4.007223762756e-009             -3.92891392330e-009
   4.013014548541e-009             -3.93820294934e-009
   4.018805334325e-009             -3.92753771961e-009
   4.024596120109e-009             -3.80196390082e-009
   4.030386905894e-009             -3.74522414675e-009
   4.036177691678e-009             -3.72444944099e-009
   4.041968477462e-009             -3.82170633751e-009
   4.047759263247e-009             -3.72471413729e-009
   4.053550049031e-009             -3.78899626293e-009
   4.059340834815e-009             -3.89411310456e-009
   4.065131620600e-009             -3.84512738607e-009
   4.070922406384e-009             -3.86349377413e-009
   4.076713192168e-009             -3.90109972243e-009
   4.082503977953e-009             -3.89869155980e-009
   4.088294763737e-009             -3.96083006404e-009
   4.094085549521e-009             -4.08844174976e-009
   4.099876335306e-009             -4.14356711997e-009
   4.105667121090e-009             -4.26522430182e-009
   4.111457906874e-009             -4.34250058149e-009
   4.117248692659e-009             -4.22595109243e-009
   4.123039478443e-009             -4.34191831165e-009
   4.128830264227e-009             -4.28808959668e-009
   4.134621050012e-009             -4.24347051435e-009
   4.140411835796e-009             -4.27760966987e-009
   4.146202621580e-009             -4.19263223185e-009
   4.151993407365e-009             -4.18183473150e-009
   4.157784193149e-009             -4.19874552249e-009
   4.163574978933e-009             -4.19051512661e-009
   4.169365764718e-009             -4.15941943587e-009
   4.175156550502e-009             -4.04593977267e-009
   4.180947336286e-009             -4.02085146304e-009
   4.186738122071e-009             -3.95725736172e-009
   4.192528907855e-009             -3.92711439160e-009
   4.198319693639e-009             -3.82752857076e-009
   4.204110479424e-009             -3.80077300005e-009
   4.209901265208e-009             -3.80971793639e-009
   4.215692050992e-009             -3.74702367846e-009
   4.221482836777e-009             -3.83435640187e-009
   4.227273622561e-009             -3.74832048877e-009
   4.233064408345e-009             -3.78002481043e-009
   4.238855194130e-009             -3.69425359364e-009
   4.244645979914e-009             -3.60043697375e-009
   4.250436765698e-009             -3.65410690195e-009
   4.256227551483e-009             -3.66448107429e-009
   4.262018337267e-009             -3.66831831785e-009
   4.267809123051e-009             -3.74715594908e-009
   4.273599908836e-009             -3.74345097614e-009
   4.279390694620e-009             -3.76599869745e-009
   4.285181480404e-009             -3.81067065701e-009
   4.290972266189e-009             -4.02151312627e-009
   4.296763051973e-009             -3.91671385818e-009
   4.302553837757e-009             -3.89945897750e-009
   4.308344623542e-009             -3.90456667028e-009
   4.314135409326e-009             -3.86661663229e-009
   4.319926195110e-009             -3.99327544232e-009
   4.325716980895e-009             -3.98020204996e-009
   4.331507766679e-009             -4.07423033386e-009
   4.337298552463e-009             -4.11165097924e-009
   4.343089338248e-009             -4.12011971034e-009
   4.348880124032e-009             -4.07057823815e-009
   4.354670909816e-009             -4.06242708059e-009
   4.360461695601e-009             -4.11577943525e-009
   4.366252481385e-009             -4.08452495774e-009
   4.372043267169e-009             -3.87767867388e-009
   4.377834052954e-009             -3.78208903844e-009
   4.383624838738e-009             -3.84618601622e-009
   4.389415624522e-009             -3.96202096482e-009
   4.395206410307e-009             -3.97072772101e-009
   4.400997196091e-009             -3.93595341841e-009
   4.406787981875e-009             -3.88993177131e-009
   4.412578767660e-009             -3.73418846625e-009
   4.418369553444e-009             -3.60644450992e-009
   4.424160339228e-009             -3.52681294484e-009
   4.429951125013e-009             -3.58937493216e-009
   4.435741910797e-009             -3.58098559444e-009
   4.441532696581e-009             -3.53263502303e-009
   4.447323482366e-009             -3.43966536929e-009
   4.453114268150e-009             -3.52559552792e-009
   4.458905053934e-009             -3.54356494906e-009
   4.464695839719e-009             -3.59906092512e-009
   4.470486625503e-009             -3.60371861868e-009
   4.476277411287e-009             -3.62721906061e-009
   4.482068197071e-009             -3.59792290158e-009
   4.487858982856e-009             -3.58937493216e-009
   4.493649768640e-009             -3.63769898742e-009
   4.499440554424e-009             -3.75686845819e-009
   4.505231340209e-009             -3.87677898556e-009
   4.511022125993e-009             -3.96691683853e-009
   4.516812911777e-009             -3.96961621362e-009
   4.522603697562e-009             -3.98321899859e-009
   4.528394483346e-009             -4.02524461536e-009
   4.534185269130e-009             -4.03850331064e-009
   4.539976054915e-009             -4.09328474624e-009
   4.545766840699e-009             -4.05308517732e-009
   4.551557626483e-009             -4.13515142117e-009
   4.557348412268e-009             -4.05501713471e-009
   4.563139198052e-009             -3.97329482547e-009
   4.568929983836e-009             -4.11405929693e-009
   4.574720769621e-009             -4.23235544046e-009
   4.580511555405e-009             -4.18818620230e-009
   4.586302341189e-009             -4.08587464529e-009
   4.592093126974e-009             -4.06589402844e-009
   4.597883912758e-009             -3.98970274000e-009
   4.603674698542e-009             -3.87701716572e-009
   4.609465484327e-009             -3.81479911303e-009
   4.615256270111e-009             -3.76904216223e-009
   4.621047055895e-009             -3.72323217913e-009
   4.626837841680e-009             -3.72585216083e-009
   4.632628627464e-009             -3.61935911551e-009
   4.638419413248e-009             -3.67363767464e-009
   4.644210199033e-009             -3.59768472143e-009
   4.650000984817e-009             -3.52543674115e-009
   4.655791770601e-009             -3.46372156492e-009
   4.661582556386e-009             -3.40666423731e-009
   4.667373342170e-009             -3.41915551489e-009
   4.673164127954e-009             -3.44427018561e-009
   4.678954913739e-009             -3.48304067360e-009
   4.684745699523e-009             -3.55542092450e-009
   4.690536485307e-009             -3.63023600924e-009
   4.696327271092e-009             -3.65397463133e-009
   4.702118056876e-009             -3.66649227000e-009
   4.707908842660e-009             -3.76107630759e-009
   4.713699628445e-009             -3.77422909333e-009
   4.719490414229e-009             -3.76033525097e-009
   4.725281200013e-009             -3.72384081006e-009
   4.731071985798e-009             -3.85476050179e-009
   4.736862771582e-009             -4.05001535146e-009
   4.742653557366e-009             -4.00010327343e-009
   4.748444343151e-009             -4.09294065655e-009
   4.754235128935e-009             -4.09423746685e-009
   4.760025914719e-009             -3.99668935787e-009
   4.765816700504e-009             -4.08568934237e-009
   4.771607486288e-009             -4.05589046194e-009
   4.777398272072e-009             -4.19363798477e-009
   4.783189057857e-009             -4.17114314069e-009
   4.788979843641e-009             -4.18935074199e-009
   4.794770629425e-009             -4.04551628960e-009
   4.800561415210e-009             -4.08910325792e-009
   4.806352200994e-009             -4.16291274481e-009
   4.812142986778e-009             -4.14936283707e-009
   4.817933772563e-009             -4.13118175193e-009
   4.823724558347e-009             -4.05665787964e-009
   4.829515344131e-009             -3.89882383042e-009
   4.835306129916e-009             -3.75763587589e-009
   4.841096915700e-009             -3.67070011940e-009
   4.846887701484e-009             -3.73299756548e-009
   4.852678487269e-009             -3.74321279598e-009
   4.858469273053e-009             -3.67670765557e-009
   4.864260058837e-009             -3.70131960489e-009
   4.870050844622e-009             -3.65368357394e-009
   4.875841630406e-009             -3.61441020949e-009
   4.881632416190e-009             -3.46054582952e-009
   4.887423201975e-009             -3.51426879003e-009
   4.893213987759e-009             -3.61755958380e-009
   4.899004773543e-009             -3.70176944905e-009
   4.904795559328e-009             -3.69295678333e-009
   4.910586345112e-009             -3.66792135093e-009
   4.916377130896e-009             -3.74212780474e-009
   4.922167916681e-009             -3.86471119106e-009
   4.927958702465e-009             -3.96345004574e-009
   4.933749488249e-009             -4.02529749260e-009
   4.939540274034e-009             -4.05745181349e-009
   4.945331059818e-009             -4.05377320163e-009
   4.951121845602e-009             -4.00965699577e-009
   4.956912631387e-009             -4.15664066740e-009
   4.962703417171e-009             -4.16595605452e-009
   4.968494202955e-009             -4.39407976554e-009
   4.974284988740e-009             -4.32990339438e-009
   4.980075774524e-009             -4.32540448759e-009
   4.985866560308e-009             -4.32241405511e-009
   4.991657346093e-009             -4.38473786227e-009
   4.997448131877e-009             -4.36081393726e-009
   5.003238917661e-009             -4.31444820047e-009
   5.009029703446e-009             -4.21166028315e-009
   5.014820489230e-009             -4.23291119416e-009
   5.020611275014e-009             -4.20988711253e-009
   5.026402060799e-009             -4.12771495914e-009
   5.032192846583e-009             -4.16008094404e-009
   5.037983632367e-009             -4.26443036797e-009
   5.043774418152e-009             -4.12273969204e-009
   5.049565203936e-009             -4.04421963436e-009
   5.055355989720e-009             -4.02408007567e-009
   5.061146775505e-009             -3.94312533921e-009
   5.066937561289e-009             -3.87534990463e-009
   5.072728347073e-009             -3.78936686877e-009
   5.078519132857e-009             -3.76430492022e-009
   5.084309918642e-009             -3.86558451829e-009
   5.090100704426e-009             -3.74466839306e-009
   5.095891490210e-009             -3.79743847788e-009
   5.101682275995e-009             -3.74083099443e-009
   5.107473061779e-009             -3.74387445921e-009
   5.113263847563e-009             -3.68327079037e-009
   5.119054633348e-009             -3.76380219882e-009
   5.124845419132e-009             -3.81736621749e-009
   5.130636204916e-009             -3.85489277241e-009
   5.136426990701e-009             -3.86611375583e-009
   5.142217776485e-009             -3.88723239622e-009
   5.148008562269e-009             -4.02262463366e-009
   5.153799348054e-009             -4.08087286204e-009
   5.159590133838e-009             -4.16402425220e-009
   5.165380919622e-009             -4.21732357456e-009
   5.171171705407e-009             -4.21195134054e-009
   5.176962491191e-009             -4.29457333809e-009
   5.182753276975e-009             -4.26845291445e-009
   5.188544062760e-009             -4.30288328242e-009
   5.194334848544e-009             -4.52364976973e-009
   5.200125634328e-009             -4.57215912791e-009
   5.205916420113e-009             -4.40866163222e-009
   5.211707205897e-009             -4.53484423700e-009
   5.217497991681e-009             -4.53140380530e-009
   5.223288777466e-009             -4.53336227884e-009
   5.229079563250e-009             -4.45828249779e-009
   5.234870349034e-009             -4.34564980074e-009
   5.240661134819e-009             -4.33850439610e-009
   5.246451920603e-009             -4.21848811425e-009
   5.252242706387e-009             -4.26429809735e-009
   5.258033492172e-009             -4.15116252384e-009
   5.263824277956e-009             -4.25363286762e-009
   5.269615063740e-009             -4.13658050210e-009
   5.275405849525e-009             -4.11331824032e-009
   5.281196635309e-009             -4.06221541658e-009
   5.286987421093e-009             -4.10487618043e-009
   5.292778206878e-009             -4.04535750283e-009
   5.298568992662e-009             -3.91144737862e-009
   5.304359778446e-009             -3.90808634031e-009
   5.310150564231e-009             -3.89133433609e-009
   5.315941350015e-009             -3.94278124952e-009
   5.321732135799e-009             -4.04781869776e-009
   5.327522921584e-009             -4.02995518616e-009
   5.333313707368e-009             -4.08367814666e-009
   5.339104493152e-009             -4.06160678565e-009
   5.344895278937e-009             -4.01770224379e-009
   5.350686064721e-009             -4.01232985470e-009
   5.356476850505e-009             -4.15232690847e-009
   5.362267636290e-009             -4.26347764735e-009
   5.368058422074e-009             -4.21626509947e-009
   5.373849207858e-009             -4.18011459319e-009
   5.379639993643e-009             -4.31635364171e-009
   5.385430779427e-009             -4.44917877467e-009
   5.391221565211e-009             -4.57885468840e-009
   5.397012350996e-009             -4.59251035060e-009
   5.402803136780e-009             -4.65165842237e-009
   5.408593922564e-009             -4.55114639706e-009
   5.414384708349e-009             -4.56480205927e-009
   5.420175494133e-009             -4.59915287879e-009
   5.425966279917e-009             -4.65914776163e-009
   5.431757065702e-009             -4.78093721410e-009
   5.437547851486e-009             -4.64311029788e-009
   5.443338637270e-009             -4.72687031897e-009
   5.449129423055e-009             -4.61249096745e-009
   5.454920208839e-009             -4.54823520290e-009
   5.460710994623e-009             -4.56623114019e-009
   5.466501780408e-009             -4.35657957171e-009
   5.472292566192e-009             -4.32810386267e-009
   5.478083351976e-009             -4.25794662656e-009
   5.483874137761e-009             -4.19178542077e-009
   5.489664923545e-009             -4.15507916079e-009
   5.495455709329e-009             -4.23172029338e-009
   5.501246495114e-009             -4.22775062414e-009
   5.507037280898e-009             -4.22409852843e-009
   5.512828066682e-009             -4.25725844718e-009
   5.518618852467e-009             -4.27948859495e-009
   5.524409638251e-009             -4.19985702988e-009
   5.530200424035e-009             -4.18868907876e-009
   5.535991209820e-009             -4.22343686520e-009
   5.541781995604e-009             -4.24241188420e-009
   5.547572781388e-009             -4.34893144567e-009
   5.553363567173e-009             -4.35843213571e-009
   5.559154352957e-009             -4.36065515049e-009
   5.564945138741e-009             -4.45444525423e-009
   5.570735924526e-009             -4.43554962862e-009
   5.576526710310e-009             -4.41808308394e-009
   5.582317496094e-009             -4.37163795376e-009
   5.588108281879e-009             -4.43573477647e-009
   5.593899067663e-009             -4.45362480423e-009
   5.599689853447e-009             -4.44081595311e-009
   5.605480639232e-009             -4.55284001923e-009
   5.611271425016e-009             -4.71686675247e-009
   5.617062210800e-009             -4.79131138644e-009
   5.622852996585e-009             -4.80462295895e-009
   5.628643782369e-009             -4.87088991921e-009
   5.634434568153e-009             -4.70339639318e-009
   5.640225353938e-009             -4.77445347269e-009
   5.646016139722e-009             -4.77627952054e-009
   5.651806925506e-009             -4.74970925274e-009
   5.657597711291e-009             -4.73271906837e-009
   5.663388497075e-009             -4.76961047621e-009
   5.669179282859e-009             -4.67404735691e-009
   5.674970068643e-009             -4.63239219092e-009
   5.680760854428e-009             -4.61495216238e-009
   5.686551640212e-009             -4.65078509513e-009
   5.692342425996e-009             -4.50803578905e-009
   5.698133211781e-009             -4.45034315930e-009
   5.703923997565e-009             -4.41720975670e-009
   5.709714783349e-009             -4.49678828948e-009
   5.715505569134e-009             -4.42395819442e-009
   5.721296354918e-009             -4.39294174200e-009
   5.727087140702e-009             -4.46092899564e-009
   5.732877926487e-009             -4.41186388376e-009
   5.738668712271e-009             -4.54791762936e-009
   5.744459498055e-009             -4.55786831863e-009
   5.750250283840e-009             -4.59650638093e-009
   5.756041069624e-009             -4.52738125882e-009
   5.761831855408e-009             -4.48035385880e-009
   5.767622641193e-009             -4.42316426057e-009
   5.773413426977e-009             -4.53471196638e-009
   5.779204212761e-009             -4.70487835135e-009
   5.784994998546e-009             -4.77866132209e-009
