# Atom Manipulation               
# 
# Sample                          Ag(111)
# Data set                        -
# Creation Comment                
# Gap voltage                     -2.600e+000 V
# Gap voltage range in Volt       -10;10
# Feedback loop enabled           No
# Regulator setpoint              9.901e-012 A
# Pre-amplifier range             0;3.29703e-009
# Loop gain                       7.000e+000 %
# Z-axis offset                   5.000e-011 m
# Parameter mode                  Z before V
# Raster time                     1.000e-002 seconds
# Channel name and data unit      I(r) [A]
# Manipulation vector: start      -1.538e+001, -2.303e+000 [nm]
#                      end        -1.408e+001, -3.606e+000 [nm]
# 
# 
#             Position                              I(r)
# --------------------             ---------------------
   0.000000000000e+000             -3.7663765360859e-010
   1.843412565371e-012             -3.7672703718448e-010
   3.686825130741e-012             -3.4358355688567e-010
   5.530237696112e-012             -3.5693703846032e-010
   7.373650261482e-012             -3.7886791960376e-010
   9.217062826853e-012             -3.7113704248280e-010
   1.106047539222e-011             -3.4195519413933e-010
   1.290388795759e-011             -3.6946308749562e-010
   1.474730052296e-011             -3.8074404891217e-010
   1.659071308834e-011             -3.6492957506453e-010
   1.843412565371e-011             -3.4961976169395e-010
   2.027753821908e-011             -3.7894320606369e-010
   2.212095078445e-011             -3.7558832122571e-010
   2.396436334982e-011             -3.5383225230368e-010
   2.580777591519e-011             -3.5647426861807e-010
   2.765118848056e-011             -3.8493853506984e-010
   2.949460104593e-011             -3.6674984251670e-010
   3.133801361130e-011             -3.5574383013206e-010
   3.318142617667e-011             -3.6248364561060e-010
   3.502483874204e-011             -3.8142090853164e-010
   3.686825130741e-011             -3.5509450763650e-010
   3.871166387278e-011             -3.5945442380303e-010
   4.055507643815e-011             -3.7394208145713e-010
   4.239848900352e-011             -3.7450108077377e-010
   4.424190156889e-011             -3.4895170087339e-010
   4.608531413427e-011             -3.6862462690314e-010
   4.792872669964e-011             -3.8172062961386e-010
   4.977213926501e-011             -3.6365735410552e-010
   5.161555183038e-011             -3.4388794527703e-010
   5.345896439575e-011             -3.7401457827868e-010
   5.530237696112e-011             -3.8088546530846e-010
   5.714578952649e-011             -3.6155866631027e-010
   5.898920209186e-011             -3.5291809993231e-010
   6.083261465723e-011             -3.8662813475443e-010
   6.267602722260e-011             -3.7133224194041e-010
   6.451943978797e-011             -3.4993566175765e-010
   6.636285235334e-011             -3.5972480839084e-010
   6.820626491871e-011             -3.9130838953423e-010
   7.004967748408e-011             -3.6936153206879e-010
   7.189309004945e-011             -3.5370668326427e-010
   7.373650261482e-011             -3.6899618616361e-010
   7.557991518019e-011             -3.8010953437604e-010
   7.742332774557e-011             -3.5873372218364e-010
   7.926674031094e-011             -3.5476892137104e-010
   8.111015287631e-011             -3.7841955393728e-010
   8.295356544168e-011             -3.7803947530233e-010
   8.479697800705e-011             -3.5252962781741e-010
   8.664039057242e-011             -3.6598684340825e-010
   8.848380313779e-011             -3.7745131451538e-010
   9.032721570316e-011             -3.6831803228703e-010
   9.217062826853e-011             -3.5371406191155e-010
   9.401404083390e-011             -3.7177170901354e-010
   9.585745339927e-011             -3.7905328086500e-010
   9.770086596464e-011             -3.5803984838001e-010
   9.954427853001e-011             -3.6232886597131e-010
   1.013876910954e-010             -3.8425153172949e-010
   1.032311036608e-010             -3.7145035710288e-010
   1.050745162261e-010             -3.4725500043065e-010
   1.069179287915e-010             -3.6931779139861e-010
   1.087613413569e-010             -3.8962887983506e-010
   1.106047539222e-010             -3.6435389165302e-010
   1.124481664876e-010             -3.5123062817222e-010
   1.142915790530e-010             -3.7758144799888e-010
   1.161349916183e-010             -3.8702875415548e-010
   1.179784041837e-010             -3.5855751437539e-010
   1.198218167491e-010             -3.5943593880237e-010
   1.216652293145e-010             -3.8865820696415e-010
   1.235086418798e-010             -3.7540934987915e-010
   1.253520544452e-010             -3.5344968801955e-010
   1.271954670106e-010             -3.6318707972148e-010
   1.290388795759e-010             -3.8858226186091e-010
   1.308822921413e-010             -3.6835551047235e-010
   1.327257047067e-010             -3.5477756817534e-010
   1.345691172721e-010             -3.7371082396583e-010
   1.364125298374e-010             -3.8282435303649e-010
   1.382559424028e-010             -3.6038229560679e-010
   1.400993549682e-010             -3.6143327536556e-010
   1.419427675335e-010             -3.8317040176780e-010
   1.437861800989e-010             -3.7575900042205e-010
   1.456295926643e-010             -3.5198333156518e-010
   1.474730052296e-010             -3.6878298225394e-010
   1.493164177950e-010             -3.7943549049504e-010
   1.511598303604e-010             -3.7078759613467e-010
   1.530032429258e-010             -3.5734090194828e-010
   1.548466554911e-010             -3.8497129528115e-010
   1.566900680565e-010             -3.8115605255574e-010
   1.585334806219e-010             -3.5866726062270e-010
   1.603768931872e-010             -3.6748616426871e-010
   1.622203057526e-010             -3.9429194233601e-010
   1.640637183180e-010             -3.7197634134857e-010
   1.659071308834e-010             -3.5417163323118e-010
   1.677505434487e-010             -3.7306403778432e-010
   1.695939560141e-010             -4.0184034916385e-010
   1.714373685795e-010             -3.6598154509120e-010
   1.732807811448e-010             -3.5766636078392e-010
   1.751241937102e-010             -3.7782548531955e-010
   1.769676062756e-010             -3.9218430221195e-010
   1.788110188409e-010             -3.5602547153256e-010
   1.806544314063e-010             -3.6687918992709e-010
   1.824978439717e-010             -3.8644282415805e-010
   1.843412565371e-010             -3.8465587730136e-010
   1.861846691024e-010             -3.5122502433065e-010
   1.880280816678e-010             -3.7434460155842e-010
   1.898714942332e-010             -3.9250606097686e-010
   1.917149067985e-010             -3.7711046277138e-010
   1.935583193639e-010             -3.5704592186955e-010
   1.954017319293e-010             -3.8648443536844e-010
   1.972451444947e-010             -3.8436688181836e-010
   1.990885570600e-010             -3.6841624076191e-010
   2.009319696254e-010             -3.6592266483700e-010
   2.027753821908e-010             -3.9665277323372e-010
   2.046187947561e-010             -3.7423100171048e-010
   2.064622073215e-010             -3.6525632815728e-010
   2.083056198869e-010             -3.8263734286406e-010
   2.101490324522e-010             -3.9964649432116e-010
   2.119924450176e-010             -3.6263426766005e-010
   2.138358575830e-010             -3.6628879681530e-010
   2.156792701484e-010             -3.9135124280156e-010
   2.175226827137e-010             -3.9339954668760e-010
   2.193660952791e-010             -3.5931465478263e-010
   2.212095078445e-010             -3.7596791931205e-010
   2.230529204098e-010             -3.9636836675961e-010
   2.248963329752e-010             -3.8157185913508e-010
   2.267397455406e-010             -3.5007119642324e-010
   2.285831581060e-010             -3.8678248450998e-010
   2.304265706713e-010             -4.0023483320281e-010
   2.322699832367e-010             -3.7513939824568e-010
   2.341133958021e-010             -3.5880178045561e-010
   2.359568083674e-010             -3.9433710315782e-010
   2.378002209328e-010             -3.9293396264218e-010
   2.396436334982e-010             -3.6622081530828e-010
   2.414870460635e-010             -3.6551679778377e-010
   2.433304586289e-010             -4.0023445244864e-010
   2.451738711943e-010             -3.8332262206357e-010
   2.470172837597e-010             -3.6585136094282e-010
   2.488606963250e-010             -3.8004271816101e-010
   2.507041088904e-010             -4.0047671496359e-010
   2.525475214558e-010             -3.6861101033579e-010
   2.543909340211e-010             -3.7025075885994e-010
   2.562343465865e-010             -3.8929654900084e-010
   2.580777591519e-010             -3.9343091284737e-010
   2.599211717173e-010             -3.6340446732108e-010
   2.617645842826e-010             -3.7925215736385e-010
   2.636079968480e-010             -3.9602454881783e-010
   2.654514094134e-010             -3.8368525509531e-010
   2.672948219787e-010             -3.6362441579952e-010
   2.691382345441e-010             -3.9443368882160e-010
   2.709816471095e-010             -4.0040548629907e-010
   2.728250596748e-010             -3.7521582389751e-010
   2.746684722402e-010             -3.6392411231695e-010
   2.765118848056e-010             -4.0209846057099e-010
   2.783552973710e-010             -3.9011074265640e-010
   2.801987099363e-010             -3.6986324937755e-010
   2.820421225017e-010             -3.7675739004687e-010
   2.838855350671e-010             -4.1271833296000e-010
   2.857289476324e-010             -3.8375699040853e-010
   2.875723601978e-010             -3.6518646897951e-010
   2.894157727632e-010             -3.8418499493889e-010
   2.912591853286e-010             -4.1129122949666e-010
   2.931025978939e-010             -3.7802410849406e-010
   2.949460104593e-010             -3.7057842392033e-010
   2.967894230247e-010             -3.9562311877887e-010
   2.986328355900e-010             -4.0604439409346e-010
   3.004762481554e-010             -3.7444103522759e-010
   3.023196607208e-010             -3.8374175103007e-010
   3.041630732861e-010             -4.0315286251136e-010
   3.060064858515e-010             -3.9694491454449e-010
   3.078498984169e-010             -3.7339918435702e-010
   3.096933109823e-010             -3.9805243936759e-010
   3.115367235476e-010             -4.0743926855896e-010
   3.133801361130e-010             -3.8636005925640e-010
   3.152235486784e-010             -3.7827271025882e-010
   3.170669612437e-010             -4.0610233627993e-010
   3.189103738091e-010             -4.0094676058807e-010
   3.207537863745e-010             -3.8161192429932e-010
   3.225971989399e-010             -3.9179035368531e-010
   3.244406115052e-010             -4.1231715624539e-010
   3.262840240706e-010             -3.9008406837055e-010
   3.281274366360e-010             -3.7621013116213e-010
   3.299708492013e-010             -4.0382168484026e-010
   3.318142617667e-010             -4.2204727062978e-010
   3.336576743321e-010             -3.8602159029654e-010
   3.355010868974e-010             -3.8187802233215e-010
   3.373444994628e-010             -4.1021991316656e-010
   3.391879120282e-010             -4.0867741048477e-010
   3.410313245936e-010             -3.8157279720281e-010
   3.428747371589e-010             -3.9309918999157e-010
   3.447181497243e-010             -4.2156662530059e-010
   3.465615622897e-010             -3.9785130751441e-010
   3.484049748550e-010             -3.7680683588835e-010
   3.502483874204e-010             -4.0573605077173e-010
   3.520917999858e-010             -4.2747505484472e-010
   3.539352125512e-010             -3.9235863388476e-010
   3.557786251165e-010             -3.8379986977593e-010
   3.576220376819e-010             -4.1375239986434e-010
   3.594654502473e-010             -4.1582922960689e-010
   3.613088628126e-010             -3.9089567504720e-010
   3.631522753780e-010             -3.9763295574700e-010
   3.649956879434e-010             -4.1704333335534e-010
   3.668391005087e-010             -4.0581412533475e-010
   3.686825130741e-010             -3.9109508429483e-010
   3.705259256395e-010             -4.1948150340783e-010
   3.723693382049e-010             -4.1930473828601e-010
   3.742127507702e-010             -3.9483625958775e-010
   3.760561633356e-010             -3.9318347790989e-010
   3.778995759010e-010             -4.2356811945364e-010
   3.797429884663e-010             -4.1546837138086e-010
   3.815864010317e-010             -3.9514787463178e-010
   3.834298135971e-010             -4.1079828642201e-010
   3.852732261625e-010             -4.3241395224514e-010
   3.871166387278e-010             -4.0160744276136e-010
   3.889600512932e-010             -3.9245757776789e-010
   3.908034638586e-010             -4.1888517790048e-010
   3.926468764239e-010             -4.3105412251594e-010
   3.944902889893e-010             -3.9461159467061e-010
   3.963337015547e-010             -4.0151268256817e-010
   3.981771141201e-010             -4.2711328465105e-010
   4.000205266854e-010             -4.2768004336913e-010
   4.018639392508e-010             -3.9212866911526e-010
   4.037073518162e-010             -4.1545008903967e-010
   4.055507643815e-010             -4.3335097750188e-010
   4.073941769469e-010             -4.1996509037001e-010
   4.092375895123e-010             -3.9602972124036e-010
   4.110810020776e-010             -4.2559697417120e-010
   4.129244146430e-010             -4.3074172139880e-010
   4.147678272084e-010             -4.1379794144032e-010
   4.166112397738e-010             -4.0430235473423e-010
   4.184546523391e-010             -4.3580836949858e-010
   4.202980649045e-010             -4.2530686252579e-010
   4.221414774699e-010             -4.1679701304498e-010
   4.239848900352e-010             -4.1729997241068e-010
   4.258283026006e-010             -4.3647620155959e-010
   4.276717151660e-010             -4.0803610071500e-010
   4.295151277314e-010             -4.1741027597154e-010
   4.313585402967e-010             -4.3403978021273e-010
   4.332019528621e-010             -4.4421070505692e-010
   4.350453654275e-010             -4.0975681477031e-010
   4.368887779928e-010             -4.2855593148206e-010
   4.387321905582e-010             -4.4312833303830e-010
   4.405756031236e-010             -4.2890598734392e-010
   4.424190156889e-010             -4.0555842434714e-010
   4.442624282543e-010             -4.4118837981272e-010
   4.461058408197e-010             -4.4937563532594e-010
   4.479492533851e-010             -4.2435609480717e-010
   4.497926659504e-010             -4.0493785800295e-010
   4.516360785158e-010             -4.5270305826967e-010
   4.534794910812e-010             -4.4440111131087e-010
   4.553229036465e-010             -4.2235001164524e-010
   4.571663162119e-010             -4.1894458936815e-010
   4.590097287773e-010             -4.5754093299203e-010
   4.608531413427e-010             -4.4157938824167e-010
   4.626965539080e-010             -4.2463872647557e-010
   4.645399664734e-010             -4.3461171135334e-010
   4.663833790388e-010             -4.6143790275692e-010
   4.682267916041e-010             -4.2563057265580e-010
   4.700702041695e-010             -4.2679669984397e-010
   4.719136167349e-010             -4.5038880834539e-010
   4.737570293002e-010             -4.5913016864185e-010
   4.756004418656e-010             -4.2799277304027e-010
   4.774438544310e-010             -4.3752104472802e-010
   4.792872669964e-010             -4.4786269789813e-010
   4.811306795617e-010             -4.4427204332491e-010
   4.829740921271e-010             -4.2594122353202e-010
   4.848175046925e-010             -4.5500752066244e-010
   4.866609172578e-010             -4.5992215112593e-010
   4.885043298232e-010             -4.3466508909571e-010
   4.903477423886e-010             -4.3023473033777e-010
   4.921911549540e-010             -4.6822059760288e-010
   4.940345675193e-010             -4.5822266104481e-010
   4.958779800847e-010             -4.3000874659874e-010
   4.977213926501e-010             -4.3597917458945e-010
   4.995648052154e-010             -4.7194194450846e-010
   5.014082177808e-010             -4.4439345323917e-010
   5.032516303462e-010             -4.2890685018199e-010
   5.050950429115e-010             -4.5660720402236e-010
   5.069384554769e-010             -4.7823197416890e-010
   5.087818680423e-010             -4.3583441124121e-010
   5.106252806077e-010             -4.3292505330175e-010
   5.124686931730e-010             -4.6434999966991e-010
   5.143121057384e-010             -4.7558250244228e-010
   5.161555183038e-010             -4.3422445673059e-010
   5.179989308691e-010             -4.4154832607111e-010
   5.198423434345e-010             -4.7068688972822e-010
   5.216857559999e-010             -4.6261275197904e-010
   5.235291685652e-010             -4.3846141693671e-010
   5.253725811306e-010             -4.6381265421119e-010
   5.272159936960e-010             -4.7177922737303e-010
   5.290594062614e-010             -4.5015775351357e-010
   5.309028188267e-010             -4.4304599802039e-010
   5.327462313921e-010             -4.7755503778448e-010
   5.345896439575e-010             -4.7064563317192e-010
   5.364330565228e-010             -4.4391620552680e-010
   5.382764690882e-010             -4.5401792983653e-010
   5.401198816536e-010             -4.8023729735780e-010
   5.419632942190e-010             -4.6145032793220e-010
   5.438067067843e-010             -4.4405607587694e-010
   5.456501193497e-010             -4.7571806167266e-010
   5.474935319151e-010             -4.7784175181307e-010
   5.493369444804e-010             -4.4674982255781e-010
   5.511803570458e-010             -4.4926119874001e-010
   5.530237696112e-010             -4.8670373748597e-010
   5.548671821765e-010             -4.8239702096712e-010
   5.567105947419e-010             -4.4576794046847e-010
   5.585540073073e-010             -4.6097242004124e-010
   5.603974198727e-010             -4.9709217582429e-010
   5.622408324380e-010             -4.6470030885611e-010
   5.640842450034e-010             -4.4788927238953e-010
   5.659276575688e-010             -4.7654227161928e-010
   5.677710701341e-010             -4.9994346568277e-010
   5.696144826995e-010             -4.5700462693077e-010
   5.714578952649e-010             -4.5289589950792e-010
   5.733013078303e-010             -4.8442491151688e-010
   5.751447203956e-010             -4.9576617180396e-010
   5.769881329610e-010             -4.4804194866912e-010
   5.788315455264e-010             -4.6679093326070e-010
   5.806749580917e-010             -4.8923055724140e-010
   5.825183706571e-010             -4.8166584553755e-010
   5.843617832225e-010             -4.6273827035357e-010
   5.862051957878e-010             -4.8960754224874e-010
   5.880486083532e-010             -4.9193520608089e-010
   5.898920209186e-010             -4.7115807761520e-010
   5.917354334840e-010             -4.5993348470359e-010
   5.935788460493e-010             -5.0442831681019e-010
   5.954222586147e-010             -4.8765749750245e-010
   5.972656711801e-010             -4.6933915508501e-010
   5.991090837454e-010             -4.7655875458997e-010
   6.009524963108e-010             -5.0572437482239e-010
   6.027959088762e-010             -4.7154713160845e-010
   6.046393214416e-010             -4.6798556174059e-010
   6.064827340069e-010             -4.9483794688142e-010
   6.083261465723e-010             -5.1065254508828e-010
   6.101695591377e-010             -4.6411605386996e-010
   6.120129717030e-010             -4.7254060213508e-010
   6.138563842684e-010             -5.0304224267889e-010
   6.156997968338e-010             -5.0348566314710e-010
   6.175432093991e-010             -4.6175058176320e-010
   6.193866219645e-010             -4.9428784769342e-010
   6.212300345299e-010             -5.0637078024973e-010
   6.230734470953e-010             -4.9204350761178e-010
   6.249168596606e-010             -4.5814314023007e-010
   6.267602722260e-010             -5.0469444094311e-010
   6.286036847914e-010             -5.1712119144120e-010
   6.304470973567e-010             -4.8250232866485e-010
   6.322905099221e-010             -4.6774953714572e-010
   6.341339224875e-010             -5.0641906079922e-010
   6.359773350529e-010             -5.0305925686306e-010
   6.378207476182e-010             -4.8507603338293e-010
   6.396641601836e-010             -4.8776366803825e-010
   6.415075727490e-010             -5.1806440395315e-010
   6.433509853143e-010             -4.8497962581384e-010
   6.451943978797e-010             -4.8165879697958e-010
   6.470378104451e-010             -4.9895379962720e-010
   6.488812230104e-010             -5.2062510008231e-010
   6.507246355758e-010             -4.7932116752124e-010
   6.525680481412e-010             -4.9521300508844e-010
   6.544114607066e-010             -5.1338506267628e-010
   6.562548732719e-010             -5.1345525194334e-010
   6.580982858373e-010             -4.8105060361050e-010
   6.599416984027e-010             -5.0836502165002e-010
   6.617851109680e-010             -5.1461295955147e-010
   6.636285235334e-010             -4.9584652935668e-010
   6.654719360988e-010             -4.7362697974894e-010
   6.673153486642e-010             -5.2508573493768e-010
   6.691587612295e-010             -5.1799609082154e-010
   6.710021737949e-010             -4.9201170849768e-010
   6.728455863603e-010             -4.7788328779380e-010
   6.746889989256e-010             -5.2705976873176e-010
   6.765324114910e-010             -5.0036672767433e-010
   6.783758240564e-010             -4.8833329315967e-010
   6.802192366217e-010             -4.9399890133999e-010
   6.820626491871e-010             -5.3243100634708e-010
   6.839060617525e-010             -4.9359658543348e-010
   6.857494743179e-010             -4.8551215196881e-010
   6.875928868832e-010             -5.1333947043544e-010
   6.894362994486e-010             -5.3509493137904e-010
   6.912797120140e-010             -4.9170085496199e-010
   6.931231245793e-010             -4.9579495252011e-010
   6.949665371447e-010             -5.0704107185983e-010
   6.968099497101e-010             -5.1967658925331e-010
   6.986533622755e-010             -4.8417407896258e-010
   7.004967748408e-010             -5.1572449304041e-010
   7.023401874062e-010             -5.2274848623351e-010
   7.041835999716e-010             -5.0739947053677e-010
   7.060270125369e-010             -4.8897812644078e-010
   7.078704251023e-010             -5.2547048088177e-010
   7.097138376677e-010             -5.1745770750066e-010
   7.115572502330e-010             -4.9489046178572e-010
   7.134006627984e-010             -4.9623160385477e-010
   7.152440753638e-010             -5.3511874233214e-010
   7.170874879292e-010             -5.0992535222447e-010
   7.189309004945e-010             -4.9358890126169e-010
   7.207743130599e-010             -5.1624733299362e-010
   7.226177256253e-010             -5.3925176279200e-010
   7.244611381906e-010             -4.9748014129050e-010
   7.263045507560e-010             -4.9136603847859e-010
   7.281479633214e-010             -5.2327391316563e-010
   7.299913758868e-010             -5.3353054454448e-010
   7.318347884521e-010             -4.9305812534765e-010
   7.336782010175e-010             -4.9609208815871e-010
   7.355216135829e-010             -5.3398745568551e-010
   7.373650261482e-010             -5.2292028159227e-010
   7.392084387136e-010             -4.9500139942509e-010
   7.410518512790e-010             -5.2172002470603e-010
   7.428952638443e-010             -5.3774909497959e-010
   7.447386764097e-010             -5.1063357800371e-010
   7.465820889751e-010             -4.9086825153541e-010
   7.484255015405e-010             -5.2487024957361e-010
   7.502689141058e-010             -5.3581646973642e-010
   7.521123266712e-010             -5.0677246361303e-010
   7.539557392366e-010             -5.0702989027678e-010
   7.557991518019e-010             -5.3623438274606e-010
   7.576425643673e-010             -5.1768310782605e-010
   7.594859769327e-010             -4.9938867615615e-010
   7.613293894981e-010             -5.2202900210628e-010
   7.631728020634e-010             -5.2972037137656e-010
   7.650162146288e-010             -5.0660870708014e-010
   7.668596271942e-010             -4.9943114866930e-010
   7.687030397595e-010             -5.3402300707051e-010
   7.705464523249e-010             -5.2593350251305e-010
   7.723898648903e-010             -4.9297442084297e-010
   7.742332774556e-010             -5.1029036957565e-010
   7.760766900210e-010             -5.4209909618480e-010
   7.779201025864e-010             -5.1529993679174e-010
   7.797635151518e-010             -4.9486272046703e-010
   7.816069277171e-010             -5.2166025704898e-010
   7.834503402825e-010             -5.3727331808372e-010
   7.852937528479e-010             -4.9676131580656e-010
   7.871371654132e-010             -4.9634905730335e-010
   7.889805779786e-010             -5.4100972627307e-010
   7.908239905440e-010             -5.3903787413895e-010
   7.926674031094e-010             -4.8940993390691e-010
   7.945108156747e-010             -5.0582925110108e-010
   7.963542282401e-010             -5.2926515981158e-010
   7.981976408055e-010             -5.1516572094803e-010
   8.000410533708e-010             -4.9327317929268e-010
   8.018844659362e-010             -5.2497905775319e-010
   8.037278785016e-010             -5.3295361754073e-010
   8.055712910669e-010             -5.0822761084898e-010
   8.074147036323e-010             -4.9364648725878e-010
   8.092581161977e-010             -5.3173119707728e-010
   8.111015287631e-010             -5.2183352322424e-010
   8.129449413284e-010             -5.0014284883031e-010
   8.147883538938e-010             -5.0731158234216e-010
   8.166317664592e-010             -5.3724405528366e-010
   8.184751790245e-010             -5.0923944048175e-010
   8.203185915899e-010             -5.0546258637401e-010
   8.221620041553e-010             -5.1967473768264e-010
   8.240054167206e-010             -5.3741605330190e-010
   8.258488292860e-010             -4.9033623202913e-010
   8.276922418514e-010             -5.1020098446446e-010
   8.295356544168e-010             -5.3538207682667e-010
   8.313790669821e-010             -5.2812127143028e-010
   8.332224795475e-010             -4.8557341500715e-010
   8.350658921129e-010             -5.1272367119483e-010
   8.369093046782e-010             -5.3388539360999e-010
   8.387527172436e-010             -5.2377999225902e-010
   8.405961298090e-010             -4.9001931866805e-010
   8.424395423744e-010             -5.3166316490540e-010
   8.442829549397e-010             -5.2872725703931e-010
   8.461263675051e-010             -5.0422743828136e-010
   8.479697800705e-010             -4.8960934315454e-010
   8.498131926358e-010             -5.3213528932480e-010
   8.516566052012e-010             -5.1935331054233e-010
   8.535000177666e-010             -5.0063820232447e-010
   8.553434303319e-010             -5.0216074918909e-010
   8.571868428973e-010             -5.3444989543846e-010
   8.590302554627e-010             -5.0652578864858e-010
   8.608736680281e-010             -5.0275912892658e-010
   8.627170805934e-010             -5.1934476506777e-010
   8.645604931588e-010             -5.3665465243977e-010
   8.664039057242e-010             -4.9633863569334e-010
   8.682473182895e-010             -5.0283007816668e-010
   8.700907308549e-010             -5.2278489892128e-010
   8.719341434203e-010             -5.2508180457209e-010
   8.737775559857e-010             -4.9122388667405e-010
   8.756209685510e-010             -5.1796584082419e-010
   8.774643811164e-010             -5.3172130821605e-010
   8.793077936818e-010             -5.1106145510425e-010
   8.811512062471e-010             -4.9025179365151e-010
   8.829946188125e-010             -5.2837497038792e-010
   8.848380313779e-010             -5.2552309711580e-010
   8.866814439432e-010             -4.9645908297508e-010
   8.885248565086e-010             -4.9423926315471e-010
   8.903682690740e-010             -5.4126897840740e-010
   8.922116816394e-010             -5.2294036483926e-010
   8.940550942047e-010             -4.9444113195143e-010
   8.958985067701e-010             -5.0341537408560e-010
   8.977419193355e-010             -5.4342755975422e-010
   8.995853319008e-010             -5.0370335473591e-010
   9.014287444662e-010             -4.8948902330262e-010
   9.032721570316e-010             -5.2061977566517e-010
   9.051155695970e-010             -5.3366356899611e-010
   9.069589821623e-010             -4.8998315930463e-010
   9.088023947277e-010             -4.8712175182536e-010
   9.106458072931e-010             -5.2568672621887e-010
   9.124892198584e-010             -5.2385477053497e-010
   9.143326324238e-010             -4.9068534982326e-010
   9.161760449892e-010             -5.0904259211295e-010
   9.180194575545e-010             -5.2944068287646e-010
   9.198628701199e-010             -5.0676980140446e-010
   9.217062826853e-010             -4.8525645098120e-010
   9.235496952507e-010             -5.2080944651087e-010
   9.253931078160e-010             -5.2461855418124e-010
   9.272365203814e-010             -4.9403739435799e-010
   9.290799329468e-010             -4.9295281611462e-010
   9.309233455121e-010             -5.3582547273009e-010
   9.327667580775e-010             -5.1668961273463e-010
   9.346101706429e-010             -4.8475293276664e-010
   9.364535832083e-010             -5.0376157481152e-010
   9.382969957736e-010             -5.3233933978149e-010
   9.401404083390e-010             -5.0043344255963e-010
   9.419838209044e-010             -4.8848013683813e-010
   9.438272334697e-010             -5.2064432049122e-010
   9.456706460351e-010             -5.2747851694410e-010
   9.475140586005e-010             -4.8390950087581e-010
   9.493574711658e-010             -4.9198500811175e-010
   9.512008837312e-010             -5.3474391134938e-010
   9.530442962966e-010             -5.1782515830085e-010
   9.548877088620e-010             -4.8269583008170e-010
   9.567311214273e-010             -5.0547886668522e-010
   9.585745339927e-010             -5.3233589149980e-010
   9.604179465581e-010             -5.0171114146568e-010
   9.622613591234e-010             -4.8050763128074e-010
   9.641047716888e-010             -5.1449433927561e-010
   9.659481842542e-010             -5.2876752486302e-010
   9.677915968196e-010             -4.9123319212164e-010
   9.696350093849e-010             -4.9285141268240e-010
   9.714784219503e-010             -5.2579373349266e-010
   9.733218345157e-010             -5.1190024732133e-010
   9.751652470810e-010             -4.8186033568700e-010
   9.770086596464e-010             -5.0290254888814e-010
   9.788520722118e-010             -5.2171000841497e-010
   9.806954847771e-010             -4.9823198184540e-010
   9.825388973425e-010             -4.8270009053659e-010
   9.843823099079e-010             -5.1684728334205e-010
   9.862257224733e-010             -5.1489368898434e-010
   9.880691350386e-010             -4.8835375562553e-010
   9.899125476040e-010             -4.8700586898771e-010
   9.917559601694e-010             -5.2235522245025e-010
   9.935993727347e-010             -5.0310502719859e-010
   9.954427853001e-010             -4.8033208211578e-010
   9.972861978655e-010             -4.9995599218778e-010
   9.991296104309e-010             -5.2414369078831e-010
   1.000973022996e-009             -4.9161557831108e-010
   1.002816435562e-009             -4.8549863673120e-010
   1.004659848127e-009             -5.1103034226883e-010
   1.006503260692e-009             -5.2161136852106e-010
   1.008346673258e-009             -4.7792117129808e-010
   1.010190085823e-009             -4.9056109960575e-010
   1.012033498388e-009             -5.1012729625085e-010
   1.013876910954e-009             -5.0367345939264e-010
   1.015720323519e-009             -4.6983808275538e-010
   1.017563736085e-009             -5.0327317008089e-010
   1.019407148650e-009             -5.1628295960828e-010
   1.021250561215e-009             -4.9230024799686e-010
   1.023093973781e-009             -4.6926511068201e-010
   1.024937386346e-009             -5.0947021588915e-010
   1.026780798911e-009             -5.0604405325707e-010
   1.028624211477e-009             -4.8125736694062e-010
   1.030467624042e-009             -4.7417753645606e-010
   1.032311036608e-009             -5.1388026264054e-010
   1.034154449173e-009             -4.9369433638924e-010
   1.035997861738e-009             -4.7947599782540e-010
   1.037841274304e-009             -4.8878817617065e-010
   1.039684686869e-009             -5.1593442522779e-010
   1.041528099434e-009             -4.7821916823945e-010
   1.043371512000e-009             -4.8496826613611e-010
   1.045214924565e-009             -4.9947935245385e-010
   1.047058337130e-009             -5.0426524502068e-010
   1.048901749696e-009             -4.6354072357723e-010
   1.050745162261e-009             -4.7834524546285e-010
   1.052588574827e-009             -5.0535281556191e-010
   1.054431987392e-009             -4.9868716884559e-010
   1.056275399957e-009             -4.6943642395687e-010
   1.058118812523e-009             -4.9922540017186e-010
   1.059962225088e-009             -4.9377355321477e-010
   1.061805637653e-009             -4.7559865532367e-010
   1.063649050219e-009             -4.6441790594727e-010
   1.065492462784e-009             -5.0992134509393e-010
   1.067335875350e-009             -4.9584579394843e-010
   1.069179287915e-009             -4.7209710490192e-010
   1.071022700480e-009             -4.7363679338053e-010
   1.072866113046e-009             -5.0933262699341e-010
   1.074709525611e-009             -4.8155541454687e-010
   1.076552938176e-009             -4.6872229034685e-010
   1.078396350742e-009             -4.8643332833338e-010
   1.080239763307e-009             -5.0419931620851e-010
   1.082083175873e-009             -4.6740122998949e-010
   1.083926588438e-009             -4.7213671254703e-010
   1.085770001003e-009             -4.9169279157133e-010
   1.087613413569e-009             -5.0092767989137e-010
   1.089456826134e-009             -4.6126613349824e-010
   1.091300238699e-009             -4.8214519814493e-010
   1.093143651265e-009             -4.9492715236262e-010
   1.094987063830e-009             -4.8147794949757e-010
   1.096830476395e-009             -4.5774952025743e-010
   1.098673888961e-009             -4.8663004927235e-010
   1.100517301526e-009             -4.8519622734033e-010
   1.102360714092e-009             -4.6641899478137e-010
   1.104204126657e-009             -4.6341350716194e-010
   1.106047539222e-009             -4.9947349528794e-010
   1.107890951788e-009             -4.8195679392095e-010
   1.109734364353e-009             -4.5863897427284e-010
   1.111577776918e-009             -4.6294992668179e-010
   1.113421189484e-009             -4.9647163404489e-010
   1.115264602049e-009             -4.6220090033007e-010
   1.117108014615e-009             -4.6406660649318e-010
   1.118951427180e-009             -4.8351849398217e-010
   1.120794839745e-009             -4.9381744587956e-010
   1.122638252311e-009             -4.5052771452772e-010
   1.124481664876e-009             -4.5912093995921e-010
   1.126325077441e-009             -4.8492700957981e-010
   1.128168490007e-009             -4.8002021374741e-010
   1.130011902572e-009             -4.4864169635807e-010
   1.131855315138e-009             -4.7047246832640e-010
   1.133698727703e-009             -4.7973433799210e-010
   1.135542140268e-009             -4.6549122430735e-010
   1.137385552834e-009             -4.4831091310530e-010
   1.139228965399e-009             -4.8462913853295e-010
   1.141072377964e-009             -4.8499058017263e-010
   1.142915790530e-009             -4.5403215591760e-010
   1.144759203095e-009             -4.4430860800729e-010
   1.146602615660e-009             -4.7995588318155e-010
   1.148446028226e-009             -4.6742382345043e-010
   1.150289440791e-009             -4.4506767675015e-010
   1.152132853357e-009             -4.6220485679575e-010
   1.153976265922e-009             -4.8288446152993e-010
   1.155819678487e-009             -4.5776235075166e-010
   1.157663091053e-009             -4.4839048304961e-010
   1.159506503618e-009             -4.6791770612810e-010
   1.161349916183e-009             -4.6850548616089e-010
   1.163193328749e-009             -4.3629710278321e-010
   1.165036741314e-009             -4.4886083419860e-010
   1.166880153880e-009             -4.8265774391795e-010
   1.168723566445e-009             -4.6655850894212e-010
   1.170566979010e-009             -4.3724716119366e-010
   1.172410391576e-009             -4.5644162201889e-010
   1.174253804141e-009             -4.7689329164894e-010
   1.176097216706e-009             -4.5022274425802e-010
   1.177940629272e-009             -4.4228822353463e-010
   1.179784041837e-009             -4.6703991577963e-010
   1.181627454403e-009             -4.6427126492829e-010
   1.183470866968e-009             -4.2957009323411e-010
   1.185314279533e-009             -4.4158572749148e-010
   1.187157692099e-009             -4.7195730978144e-010
   1.189001104664e-009             -4.6118065418786e-010
   1.190844517229e-009             -4.3266334161832e-010
   1.192687929795e-009             -4.5372259510372e-010
   1.194531342360e-009             -4.7486588164779e-010
   1.196374754926e-009             -4.4800018546413e-010
   1.198218167491e-009             -4.2782625296908e-010
   1.200061580056e-009             -4.5886064689212e-010
   1.201904992622e-009             -4.5600076089421e-010
   1.203748405187e-009             -4.3728207850015e-010
   1.205591817752e-009             -4.4043255822737e-010
   1.207435230318e-009             -4.7652913713583e-010
   1.209278642883e-009             -4.5265847932620e-010
   1.211122055448e-009             -4.2949751964761e-010
   1.212965468014e-009             -4.4197957468838e-010
   1.214808880579e-009             -4.6489335275384e-010
   1.216652293145e-009             -4.3999349800849e-010
   1.218495705710e-009             -4.3366560940856e-010
   1.220339118275e-009             -4.5173453942333e-010
   1.222182530841e-009             -4.5684048964372e-010
   1.224025943406e-009             -4.2515677322512e-010
   1.225869355971e-009             -4.4159718849895e-010
   1.227712768537e-009             -4.6462104136572e-010
   1.229556181102e-009             -4.4709812817874e-010
   1.231399593668e-009             -4.1290356679142e-010
   1.233243006233e-009             -4.4026857293492e-010
   1.235086418798e-009             -4.5177067422198e-010
   1.236929831364e-009             -4.3704666188370e-010
   1.238773243929e-009             -4.2464351814393e-010
   1.240616656494e-009             -4.5572335384851e-010
   1.242460069060e-009             -4.4838216633461e-010
   1.244303481625e-009             -4.2140819318484e-010
   1.246146894191e-009             -4.2540278954627e-010
   1.247990306756e-009             -4.5505131199749e-010
   1.249833719321e-009             -4.2898150102811e-010
   1.251677131887e-009             -4.1397024344777e-010
   1.253520544452e-009             -4.3062246704442e-010
   1.255363957017e-009             -4.5628176975151e-010
   1.257207369583e-009             -4.2139592153946e-010
   1.259050782148e-009             -4.1899565955603e-010
   1.260894194713e-009             -4.3669280308607e-010
   1.262737607279e-009             -4.4312977775471e-010
   1.264581019844e-009             -4.0823482521925e-010
   1.266424432410e-009             -4.2202041824924e-010
   1.268267844975e-009             -4.4003226891561e-010
   1.270111257540e-009             -4.2957174061000e-010
   1.271954670106e-009             -4.0457654225780e-010
   1.273798082671e-009             -4.2699151854741e-010
   1.275641495236e-009             -4.3314304887978e-010
   1.277484907802e-009             -4.2164360980129e-010
   1.279328320367e-009             -4.1005169351930e-010
   1.281171732933e-009             -4.3840801462956e-010
   1.283015145498e-009             -4.1747939974106e-010
   1.284858558063e-009             -3.9993442584191e-010
   1.286701970629e-009             -4.1091863083872e-010
   1.288545383194e-009             -4.4103362473821e-010
   1.290388795759e-009             -4.1473222772354e-010
   1.292232208325e-009             -4.0129539783360e-010
   1.294075620890e-009             -4.1741993760852e-010
   1.295919033456e-009             -4.3390264883611e-010
   1.297762446021e-009             -4.0288311353736e-010
   1.299605858586e-009             -4.0446707543492e-010
   1.301449271152e-009             -4.2603494432775e-010
   1.303292683717e-009             -4.2271898392680e-010
   1.305136096282e-009             -3.9012364991558e-010
   1.306979508848e-009             -4.0914289166515e-010
   1.308822921413e-009             -4.2969348061355e-010
   1.310666333978e-009             -4.1804139135556e-010
   1.312509746544e-009             -3.9263966730684e-010
   1.314353159109e-009             -4.1720036988425e-010
   1.316196571675e-009             -4.2042418317100e-010
   1.318039984240e-009             -4.0200362361284e-010
   1.319883396805e-009             -3.9450372609405e-010
   1.321726809371e-009             -4.1909949643726e-010
   1.323570221936e-009             -4.1050599311664e-010
   1.325413634501e-009             -3.9168788475554e-010
   1.327257047067e-009             -4.0186580749284e-010
   1.329100459632e-009             -4.2285862551738e-010
   1.330943872198e-009             -4.0258752394491e-010
   1.332787284763e-009             -3.9087901551711e-010
   1.334630697328e-009             -4.0363728621153e-010
   1.336474109894e-009             -4.1123067730179e-010
   1.338317522459e-009             -3.9042405727648e-010
   1.340160935024e-009             -3.9830279137328e-010
   1.342004347590e-009             -4.1713857409714e-010
   1.343847760155e-009             -4.0131205736369e-010
   1.345691172721e-009             -3.8243377602658e-010
   1.347534585286e-009             -3.9996883496441e-010
   1.349377997851e-009             -4.1563377682494e-010
   1.351221410417e-009             -3.9334954199726e-010
   1.353064822982e-009             -3.8049113602765e-010
   1.354908235547e-009             -4.0272305861050e-010
   1.356751648113e-009             -4.0518344136977e-010
   1.358595060678e-009             -3.8544025237860e-010
   1.360438473243e-009             -3.8576733402534e-010
   1.362281885809e-009             -4.1252450298915e-010
   1.364125298374e-009             -3.9788444847989e-010
   1.365968710940e-009             -3.7604452305858e-010
   1.367812123505e-009             -3.8617117294852e-010
   1.369655536070e-009             -4.0580930756631e-010
   1.371498948636e-009             -3.8424752613424e-010
   1.373342361201e-009             -3.7759511523110e-010
   1.375185773766e-009             -3.9714483044080e-010
   1.377029186332e-009             -4.0027629241859e-010
   1.378872598897e-009             -3.7814691399516e-010
   1.380716011463e-009             -3.8067510170205e-010
   1.382559424028e-009             -3.9875338936458e-010
   1.384402836593e-009             -3.8505180482848e-010
   1.386246249159e-009             -3.6471784350666e-010
   1.388089661724e-009             -3.8586214488341e-010
   1.389933074289e-009             -3.9617887247330e-010
   1.391776486855e-009             -3.7816169738979e-010
   1.393619899420e-009             -3.7123378014118e-010
   1.395463311986e-009             -3.9141542137281e-010
   1.397306724551e-009             -3.8810065236392e-010
   1.399150137116e-009             -3.6184773855822e-010
   1.400993549682e-009             -3.7596287278405e-010
   1.402836962247e-009             -3.9571805706676e-010
   1.404680374812e-009             -3.7599867749339e-010
   1.406523787378e-009             -3.5825261933534e-010
   1.408367199943e-009             -3.8117616036751e-010
   1.410210612508e-009             -3.9631658726356e-010
   1.412054025074e-009             -3.6938250271863e-010
   1.413897437639e-009             -3.5904650251966e-010
   1.415740850205e-009             -3.8610963048576e-010
   1.417584262770e-009             -3.8319664770521e-010
   1.419427675335e-009             -3.5688087107956e-010
   1.421271087901e-009             -3.6419573896170e-010
   1.423114500466e-009             -3.9215339203600e-010
   1.424957913031e-009             -3.7303652522519e-010
   1.426801325597e-009             -3.5940158034473e-010
   1.428644738162e-009             -3.7035847544189e-010
   1.430488150728e-009             -3.8604459061174e-010
   1.432331563293e-009             -3.6493819730405e-010
   1.434174975858e-009             -3.6387017726102e-010
   1.436018388424e-009             -3.8094759118487e-010
   1.437861800989e-009             -3.7940470621362e-010
   1.439705213554e-009             -3.5429005084757e-010
   1.441548626120e-009             -3.6711019255874e-010
   1.443392038685e-009             -3.8177012765551e-010
   1.445235451251e-009             -3.6692853443883e-010
   1.447078863816e-009             -3.5476486357563e-010
   1.448922276381e-009             -3.7809166011734e-010
   1.450765688947e-009             -3.8191798463135e-010
   1.452609101512e-009             -3.6187930737747e-010
   1.454452514077e-009             -3.5630346352721e-010
   1.456295926643e-009             -3.8487600387448e-010
   1.458139339208e-009             -3.7288273431849e-010
   1.459982751773e-009             -3.5576637139283e-010
   1.461826164339e-009             -3.6583553815072e-010
   1.463669576904e-009             -3.9007179518988e-010
   1.465512989470e-009             -3.6397421833703e-010
   1.467356402035e-009             -3.5220013575114e-010
   1.469199814600e-009             -3.7111767007928e-010
   1.471043227166e-009             -3.8562198726347e-010
   1.472886639731e-009             -3.5718302868138e-010
   1.474730052296e-009             -3.5717471043108e-010
   1.476573464862e-009             -3.7473494980877e-010
   1.478416877427e-009             -3.7607561132922e-010
   1.480260289993e-009             -3.4533224101923e-010
   1.482103702558e-009             -3.6148639824829e-010
   1.483947115123e-009             -3.7200238309120e-010
   1.485790527689e-009             -3.6463568504814e-010
   1.487633940254e-009             -3.4862241300190e-010
   1.489477352819e-009             -3.6887048969438e-010
   1.491320765385e-009             -3.7374272287437e-010
   1.493164177950e-009             -3.5772478505429e-010
   1.495007590516e-009             -3.5730418527129e-010
   1.496851003081e-009             -3.8022186760226e-010
   1.498694415646e-009             -3.6493974335020e-010
   1.500537828212e-009             -3.5344200384777e-010
   1.502381240777e-009             -3.6081666395175e-010
   1.504224653342e-009             -3.8036528756382e-010
   1.506068065908e-009             -3.5764031904129e-010
   1.507911478473e-009             -3.5399565418248e-010
   1.509754891038e-009             -3.7352459986652e-010
   1.511598303604e-009             -3.7882635905824e-010
   1.513441716169e-009             -3.4976447591262e-010
   1.515285128735e-009             -3.5461741191874e-010
   1.517128541300e-009             -3.7405844637868e-010
   1.518971953865e-009             -3.6669707428805e-010
   1.520815366431e-009             -3.4330079932275e-010
   1.522658778996e-009             -3.6065430147040e-010
   1.524502191561e-009             -3.7680490908803e-010
   1.526345604127e-009             -3.5770533588582e-010
   1.528189016692e-009             -3.3817671875578e-010
   1.530032429258e-009             -3.6635614577910e-010
   1.531875841823e-009             -3.6991748842269e-010
   1.533719254388e-009             -3.5173478046528e-010
   1.535562666954e-009             -3.4583327358461e-010
   1.537406079519e-009             -3.7333713524557e-010
   1.539249492084e-009             -3.6296685181862e-010
   1.541092904650e-009             -3.4703583802534e-010
   1.542936317215e-009             -3.5619062365230e-010
   1.544779729781e-009             -3.7866993050776e-010
   1.546623142346e-009             -3.6589512771308e-010
   1.548466554911e-009             -3.5355144610586e-010
   1.550309967477e-009             -3.7109728284308e-010
   1.552153380042e-009             -3.8015730827684e-010
   1.553996792607e-009             -3.5347258546971e-010
   1.555840205173e-009             -3.6359533109415e-010
   1.557683617738e-009             -3.7807842430415e-010
   1.559527030303e-009             -3.7080321473199e-010
   1.561370442869e-009             -3.5015353144116e-010
   1.563213855434e-009             -3.7478733881855e-010
   1.565057268000e-009             -3.8229885087471e-010
   1.566900680565e-009             -3.5986693563059e-010
   1.568744093130e-009             -3.5120953162785e-010
   1.570587505696e-009             -3.8075690397119e-010
   1.572430918261e-009             -3.7919447003703e-010
   1.574274330826e-009             -3.5347334544275e-010
   1.576117743392e-009             -3.5566874633159e-010
   1.577961155957e-009             -3.8313609397504e-010
   1.579804568523e-009             -3.6628377638738e-010
   1.581647981088e-009             -3.5105477655334e-010
   1.583491393653e-009             -3.6767588731458e-010
   1.585334806219e-009             -3.8620061230797e-010
   1.587178218784e-009             -3.5755778136390e-010
   1.589021631349e-009             -3.4889302481396e-010
   1.590865043915e-009             -3.7532526615561e-010
   1.592708456480e-009             -3.8271754842218e-010
   1.594551869046e-009             -3.5949126790984e-010
   1.596395281611e-009             -3.5910277123015e-010
   1.598238694176e-009             -3.8057390092930e-010
   1.600082106742e-009             -3.6815267904312e-010
   1.601925519307e-009             -3.5206711129951e-010
   1.603768931872e-009             -3.6900937131192e-010
   1.605612344438e-009             -3.7464830520640e-010
   1.607455757003e-009             -3.5982611049332e-010
   1.609299169569e-009             -3.5609449397234e-010
   1.611142582134e-009             -3.7715833800192e-010
   1.612985994699e-009             -3.7403171989267e-010
   1.614829407265e-009             -3.5375100734809e-010
   1.616672819830e-009             -3.6538217662111e-010
   1.618516232395e-009             -3.7931565272702e-010
   1.620359644961e-009             -3.6213244902155e-010
   1.622203057526e-009             -3.4749302859080e-010
   1.624046470091e-009             -3.7347999789357e-010
   1.625889882657e-009             -3.7617163814414e-010
   1.627733295222e-009             -3.5638455495288e-010
   1.629576707788e-009             -3.5310711213471e-010
   1.631420120353e-009             -3.8161846620861e-010
   1.633263532918e-009             -3.7502950000376e-010
   1.635106945484e-009             -3.5127353363971e-010
   1.636950358049e-009             -3.5926272329198e-010
   1.638793770614e-009             -3.8375645765975e-010
   1.640637183180e-009             -3.6226410245112e-010
   1.642480595745e-009             -3.5271602847611e-010
   1.644324008311e-009             -3.6729540182538e-010
   1.646167420876e-009             -3.8305360696252e-010
   1.648010833441e-009             -3.5495037683148e-010
   1.649854246007e-009             -3.5272264561506e-010
   1.651697658572e-009             -3.6995281104813e-010
   1.653541071137e-009             -3.7821651831328e-010
   1.655384483703e-009             -3.5581470260720e-010
   1.657227896268e-009             -3.6938706716273e-010
   1.659071308834e-009             -3.7494234721740e-010
   1.660914721399e-009             -3.6418176620497e-010
   1.662758133964e-009             -3.5275495137785e-010
   1.664601546530e-009             -3.7357135893465e-010
   1.666444959095e-009             -3.7541845420257e-010
   1.668288371660e-009             -3.6044015949301e-010
   1.670131784226e-009             -3.5409984571780e-010
   1.671975196791e-009             -3.7773683715190e-010
   1.673818609356e-009             -3.6204379931860e-010
   1.675662021922e-009             -3.5508900512467e-010
   1.677505434487e-009             -3.6848693667767e-010
   1.679348847053e-009             -3.8316117308516e-010
   1.681192259618e-009             -3.5187302800432e-010
   1.683035672183e-009             -3.4853115175525e-010
   1.684879084749e-009             -3.7168562018943e-010
   1.686722497314e-009             -3.8443088383021e-010
   1.688565909879e-009             -3.5249045005603e-010
   1.690409322445e-009             -3.5544185062492e-010
   1.692252735010e-009             -3.7434934409721e-010
   1.694096147576e-009             -3.7348577829453e-010
   1.695939560141e-009             -3.4808430757015e-010
   1.697782972706e-009             -3.6890741056614e-010
   1.699626385272e-009             -3.7593675427646e-010
   1.701469797837e-009             -3.6750561343718e-010
   1.703313210402e-009             -3.4578164608317e-010
   1.705156622968e-009             -3.7963555838596e-010
   1.707000035533e-009             -3.7760267197307e-010
   1.708843448099e-009             -3.6142815207260e-010
   1.710686860664e-009             -3.5642956378008e-010
   1.712530273229e-009             -3.8172922575329e-010
   1.714373685795e-009             -3.6801579945555e-010
   1.716217098360e-009             -3.5757205810984e-010
   1.718060510925e-009             -3.6456666414366e-010
   1.719903923491e-009             -3.8146754016995e-010
   1.721747336056e-009             -3.5389627888032e-010
   1.723590748621e-009             -3.5751518142092e-010
   1.725434161187e-009             -3.7398724227894e-010
   1.727277573752e-009             -3.7977043287296e-010
   1.729120986318e-009             -3.4616355018870e-010
   1.730964398883e-009             -3.6601326590505e-010
   1.732807811448e-009             -3.7777976718418e-010
   1.734651224014e-009             -3.7182153560919e-010
   1.736494636579e-009             -3.4638763169220e-010
   1.738338049144e-009             -3.7404640042227e-010
   1.740181461710e-009             -3.8299335875686e-010
   1.742024874275e-009             -3.6002802995491e-010
   1.743868286841e-009             -3.4222831616536e-010
   1.745711699406e-009             -3.8095479173745e-010
   1.747555111971e-009             -3.7886310183531e-010
   1.749398524537e-009             -3.6062620549763e-010
   1.751241937102e-009             -3.5795284758825e-010
   1.753085349667e-009             -3.9214289519634e-010
   1.754928762233e-009             -3.6775401254247e-010
   1.756772174798e-009             -3.5243357490240e-010
   1.758615587364e-009             -3.6137487719527e-010
   1.760458999929e-009             -3.8837524674175e-010
   1.762302412494e-009             -3.6384776189477e-010
   1.764145825060e-009             -3.5917404902425e-010
   1.765989237625e-009             -3.7509672153774e-010
   1.767832650190e-009             -3.8653578498075e-010
   1.769676062756e-009             -3.5777603180157e-010
   1.771519475321e-009             -3.6677053374211e-010
   1.773362887886e-009             -3.8081892851786e-010
   1.775206300452e-009             -3.7605261101402e-010
   1.777049713017e-009             -3.5727664661208e-010
   1.778893125583e-009             -3.8738279104779e-010
   1.780736538148e-009             -3.8974549808095e-010
   1.782579950713e-009             -3.6288958942879e-010
   1.784423363279e-009             -3.5215033372028e-010
   1.786266775844e-009             -3.8568076465263e-010
   1.788110188409e-009             -3.7805808773282e-010
   1.789953600975e-009             -3.6090064634555e-010
   1.791797013540e-009             -3.6506391833806e-010
   1.793640426106e-009             -3.9799320599461e-010
   1.795483838671e-009             -3.7370770423815e-010
   1.797327251236e-009             -3.5317159469517e-010
   1.799170663802e-009             -3.7973952269702e-010
   1.801014076367e-009             -3.9945978967324e-010
   1.802857488932e-009             -3.6097108893696e-010
   1.804700901498e-009             -3.5405052730614e-010
   1.806544314063e-009             -3.7832649332014e-010
   1.808387726629e-009             -3.9282259358377e-010
   1.810231139194e-009             -3.5749030650557e-010
   1.812074551759e-009             -3.6790800610865e-010
   1.813917964325e-009             -3.8772300871328e-010
   1.815761376890e-009             -3.7487421218048e-010
   1.817604789455e-009             -3.5020427153975e-010
   1.819448202021e-009             -3.7483305695391e-010
   1.821291614586e-009             -3.8722765521912e-010
   1.823135027151e-009             -3.7048391705148e-010
   1.824978439717e-009             -3.5911078395594e-010
   1.826821852282e-009             -3.8478106558659e-010
   1.828665264848e-009             -3.8478831833935e-010
   1.830508677413e-009             -3.6493459702775e-010
   1.832352089978e-009             -3.7087599097797e-010
   1.834195502544e-009             -3.9038832933209e-010
   1.836038915109e-009             -3.7268624060378e-010
   1.837882327674e-009             -3.6496849950157e-010
   1.839725740240e-009             -3.8331755097078e-010
   1.841569152805e-009             -3.9461981159117e-010
