# Atom Manipulation               
# 
# Sample                          Ag(111)
# Data set                        -
# Creation Comment                
# Gap voltage                     -1.000e-003 V
# Gap voltage range in Volt       -10;10
# Feedback loop enabled           No
# Regulator setpoint              1.000e-009 A
# Pre-amplifier range             0;3.33e-007
# Loop gain                       7.000e+000 %
# Z-axis offset                   -4.000e-010 m
# Parameter mode                  V before Z
# Raster time                     1.000e-003 seconds
# Channel name and data unit      I(r) [A]
# Manipulation vector: start      -9.000e-001, 9.520e+000 [nm]
#                      end        2.000e-002, 6.200e+000 [nm]
# 
# 
#             Position                            I(r)
# --------------------             -------------------
   0.000000000000e+000             -5.93095039464e-009
   3.445112480022e-012             -5.78531656562e-009
   6.890224960043e-012             -5.82834778024e-009
   1.033533744006e-011             -5.87262277288e-009
   1.378044992009e-011             -6.03829025105e-009
   1.722556240011e-011             -5.96485137000e-009
   2.067067488013e-011             -5.81739149312e-009
   2.411578736015e-011             -5.65767836375e-009
   2.756089984017e-011             -5.62637100901e-009
   3.100601232019e-011             -5.73757462513e-009
   3.445112480022e-011             -5.96363410814e-009
   3.789623728024e-011             -5.98880181116e-009
   4.134134976026e-011             -5.94524120393e-009
   4.478646224028e-011             -5.90869388578e-009
   4.823157472030e-011             -6.01523980834e-009
   5.167668720032e-011             -6.31238273194e-009
   5.512179968034e-011             -6.43774488672e-009
   5.856691216037e-011             -6.64678766921e-009
   6.201202464039e-011             -6.52883561538e-009
   6.545713712041e-011             -6.64617903829e-009
   6.890224960043e-011             -6.62889764146e-009
   7.234736208045e-011             -6.75608584410e-009
   7.579247456047e-011             -6.98375971096e-009
   7.923758704049e-011             -7.16840220813e-009
   8.268269952052e-011             -7.14529873312e-009
   8.612781200054e-011             -7.22442742173e-009
   8.957292448056e-011             -7.32059932702e-009
   9.301803696058e-011             -7.31202484145e-009
   9.646314944060e-011             -7.33137031122e-009
   9.990826192062e-011             -7.23887701779e-009
   1.033533744006e-010             -7.24417001349e-009
   1.067984868807e-010             -7.21111584921e-009
   1.102435993607e-010             -7.31647087100e-009
   1.136887118407e-010             -7.25756097939e-009
   1.171338243207e-010             -7.42306967080e-009
   1.205789368008e-010             -7.26602955543e-009
   1.240240492808e-010             -7.26195413171e-009
   1.274691617608e-010             -7.10922762021e-009
   1.309142742408e-010             -7.02477957481e-009
   1.343593867208e-010             -7.07318302346e-009
   1.378044992009e-010             -6.99519235839e-009
   1.412496116809e-010             -6.75542433593e-009
   1.446947241609e-010             -6.79284498131e-009
   1.481398366409e-010             -6.94475104281e-009
   1.515849491209e-010             -6.76651289367e-009
   1.550300616010e-010             -6.82005055126e-009
   1.584751740810e-010             -6.77934810588e-009
   1.619202865610e-010             -6.88682038797e-009
   1.653653990410e-010             -6.72890694537e-009
   1.688105115211e-010             -6.81933601079e-009
   1.722556240011e-010             -6.83095380608e-009
   1.757007364811e-010             -7.02904030145e-009
   1.791458489611e-010             -7.18335468064e-009
   1.825909614411e-010             -7.24218517887e-009
   1.860360739212e-010             -7.42018514785e-009
   1.894811864012e-010             -7.62123555955e-009
   1.929262988812e-010             -7.63089519143e-009
   1.963714113612e-010             -7.88588022764e-009
   1.998165238412e-010             -7.93764471460e-009
   2.032616363213e-010             -7.87974042085e-009
   2.067067488013e-010             -7.94023818015e-009
   2.101518612813e-010             -8.05967234722e-009
   2.135969737613e-010             -8.12710384717e-009
   2.170420862414e-010             -8.49339840903e-009
   2.204871987214e-010             -8.23634914482e-009
   2.239323112014e-010             -8.20938175503e-009
   2.273774236814e-010             -8.33199165749e-009
   2.308225361614e-010             -8.30515669339e-009
   2.342676486415e-010             -8.13626044752e-009
   2.377127611215e-010             -8.18347315046e-009
   2.411578736015e-010             -7.91771697499e-009
   2.446029860815e-010             -7.98139046969e-009
   2.480480985615e-010             -7.82662624634e-009
   2.514932110416e-010             -7.66633100219e-009
   2.549383235216e-010             -7.54081006063e-009
   2.583834360016e-010             -7.54562669603e-009
   2.618285484816e-010             -7.62065344477e-009
   2.652736609617e-010             -7.58921366435e-009
   2.687187734417e-010             -7.37056428228e-009
   2.721638859217e-010             -7.29746933586e-009
   2.756089984017e-010             -7.14641024051e-009
   2.790541108817e-010             -7.12476236257e-009
   2.824992233618e-010             -7.25353843291e-009
   2.859443358418e-010             -7.39012141606e-009
   2.893894483218e-010             -7.47933321962e-009
   2.928345608018e-010             -7.40465040550e-009
   2.962796732819e-010             -7.37694211416e-009
   2.997247857619e-010             -7.55435996837e-009
   3.031698982419e-010             -7.63600272915e-009
   3.066150107219e-010             -7.73820853169e-009
   3.100601232019e-010             -7.77197723643e-009
   3.135052356820e-010             -8.03132890881e-009
   3.169503481620e-010             -7.90456418924e-009
   3.203954606420e-010             -8.07012575788e-009
   3.238405731220e-010             -8.33768146506e-009
   3.272856856020e-010             -8.36171129960e-009
   3.307307980821e-010             -8.63085487447e-009
   3.341759105621e-010             -8.66869900293e-009
   3.376210230421e-010             -8.80824605747e-009
   3.410661355221e-010             -8.81885840996e-009
   3.445112480022e-010             -8.90796414892e-009
   3.479563604822e-010             -8.99352385678e-009
   3.514014729622e-010             -8.91997906620e-009
   3.548465854422e-010             -9.15755059002e-009
   3.582916979222e-010             -9.09879948518e-009
   3.617368104023e-010             -9.22746964599e-009
   3.651819228823e-010             -8.99484702818e-009
   3.686270353623e-010             -8.89425560948e-009
   3.720721478423e-010             -8.64750096916e-009
   3.755172603223e-010             -8.41162322257e-009
   3.789623728024e-010             -8.65988633720e-009
   3.824074852824e-010             -8.57345345718e-009
   3.858525977624e-010             -8.42488191785e-009
   3.892977102424e-010             -8.23444370358e-009
   3.927428227225e-010             -8.47299430911e-009
   3.961879352025e-010             -8.31145528695e-009
   3.996330476825e-010             -8.49204872149e-009
   4.030781601625e-010             -8.44068120145e-009
   4.065232726425e-010             -8.45372823272e-009
   4.099683851226e-010             -8.37965420459e-009
   4.134134976026e-010             -8.31981795345e-009
   4.168586100826e-010             -8.31285785173e-009
   4.203037225626e-010             -8.41794817721e-009
   4.237488350426e-010             -8.92326071113e-009
   4.271939475227e-010             -8.85273286917e-009
   4.306390600027e-010             -8.95181581355e-009
   4.340841724827e-010             -9.09512087333e-009
   4.375292849627e-010             -9.06937090046e-009
   4.409743974428e-010             -9.37111879545e-009
   4.444195099228e-010             -9.26089426104e-009
   4.478646224028e-010             -9.56441517158e-009
   4.513097348828e-010             -9.87222332491e-009
   4.547548473628e-010             -1.23316187257e-008
   4.581999598429e-010             -1.79836072819e-008
   4.616450723229e-010             -1.86563074323e-008
   4.650901848029e-010             -1.85280605995e-008
   4.685352972829e-010             -1.86627117803e-008
   4.719804097629e-010             -1.86987563771e-008
   4.754255222430e-010             -1.87891590814e-008
   4.788706347230e-010             -1.85742940657e-008
   4.823157472030e-010             -1.87722746515e-008
   4.857608596830e-010             -1.86437632775e-008
   4.892059721631e-010             -1.86411961730e-008
   4.926510846431e-010             -1.87072779854e-008
   4.960961971231e-010             -1.86503000512e-008
   4.995413096031e-010             -1.85980592039e-008
   5.029864220831e-010             -1.87175462482e-008
   5.064315345632e-010             -1.82358400657e-008
   5.098766470432e-010             -1.81335019926e-008
   5.133217595232e-010             -1.76139516817e-008
   5.167668720032e-010             -1.76713530990e-008
   5.202119844833e-010             -1.75500400068e-008
   5.236570969633e-010             -1.74841169812e-008
   5.271022094433e-010             -1.74174530540e-008
   5.305473219233e-010             -1.74409534959e-008
   5.339924344033e-010             -1.79452073997e-008
   5.374375468834e-010             -1.79718835770e-008
   5.408826593634e-010             -1.78136260448e-008
   5.443277718434e-010             -1.80134326784e-008
   5.477728843234e-010             -1.79171550187e-008
   5.512179968034e-010             -1.79608213804e-008
   5.546631092835e-010             -1.77295749663e-008
   5.581082217635e-010             -1.79898793593e-008
   5.615533342435e-010             -1.85439392765e-008
   5.649984467235e-010             -1.87640442556e-008
   5.684435592036e-010             -1.87832574548e-008
   5.718886716836e-010             -1.88646885515e-008
   5.753337841636e-010             -1.91544215293e-008
   5.787788966436e-010             -1.89524447580e-008
   5.822240091236e-010             -1.90266246957e-008
   5.856691216037e-010             -1.91971086542e-008
   5.891142340837e-010             -1.94034520616e-008
   5.925593465637e-010             -1.94977450418e-008
   5.960044590437e-010             -1.92645666703e-008
   5.994495715237e-010             -1.94903614570e-008
   6.028946840038e-010             -1.93921518398e-008
   6.063397964838e-010             -1.95637209447e-008
   6.097849089638e-010             -1.94117089736e-008
   6.132300214438e-010             -1.94537874676e-008
   6.166751339239e-010             -1.93090533269e-008
   6.201202464039e-010             -1.89245248027e-008
   6.235653588839e-010             -1.85538634496e-008
   6.270104713639e-010             -1.84390342539e-008
   6.304555838439e-010             -1.85722563538e-008
   6.339006963240e-010             -1.81024591791e-008
   6.373458088040e-010             -1.75574764689e-008
   6.407909212840e-010             -1.74430177240e-008
   6.442360337640e-010             -1.71985654918e-008
   6.476811462440e-010             -1.66170354634e-008
   6.511262587241e-010             -1.60711000326e-008
   6.545713712041e-010             -1.58413355766e-008
   6.580164836841e-010             -1.57474397184e-008
   6.614615961641e-010             -1.50521388144e-008
   6.649067086442e-010             -1.51556149111e-008
   6.683518211242e-010             -1.52227288375e-008
   6.717969336042e-010             -1.51559059685e-008
   6.752420460842e-010             -1.51000130255e-008
   6.786871585642e-010             -1.51710701050e-008
   6.821322710443e-010             -1.49878832049e-008
   6.855773835243e-010             -1.52326264944e-008
   6.890224960043e-010             -1.48578632015e-008
   6.924676084843e-010             -1.48706191754e-008
   6.959127209643e-010             -1.49673731954e-008
   6.993578334444e-010             -1.50144005955e-008
   7.028029459244e-010             -1.49953196669e-008
   7.062480584044e-010             -1.53856969406e-008
   7.096931708844e-010             -1.52523689311e-008
   7.131382833645e-010             -1.52635899146e-008
   7.165833958445e-010             -1.46639845555e-008
   7.200285083245e-010             -1.46876174231e-008
   7.234736208045e-010             -1.47303839414e-008
   7.269187332845e-010             -1.45037158275e-008
   7.303638457646e-010             -1.43911360077e-008
   7.338089582446e-010             -1.42409502396e-008
   7.372540707246e-010             -1.44116195010e-008
   7.406991832046e-010             -1.38870408907e-008
   7.441442956847e-010             -1.38173865310e-008
   7.475894081647e-010             -1.39006171595e-008
   7.510345206447e-010             -1.35473431128e-008
   7.544796331247e-010             -1.31293104250e-008
   7.579247456047e-010             -1.26584812914e-008
   7.613698580848e-010             -1.27238220472e-008
   7.648149705648e-010             -1.26353513002e-008
   7.682600830448e-010             -1.26928849881e-008
   7.717051955248e-010             -1.26451695638e-008
   7.751503080048e-010             -1.20497191769e-008
   7.785954204849e-010             -1.20095197631e-008
   7.820405329649e-010             -1.19777624091e-008
   7.854856454449e-010             -1.15793133713e-008
   7.889307579249e-010             -1.13985346338e-008
   7.923758704050e-010             -1.13143776458e-008
   7.958209828850e-010             -1.10539409822e-008
   7.992660953650e-010             -1.12453847943e-008
   8.027112078450e-010             -1.11396328056e-008
   8.061563203250e-010             -1.12340845726e-008
   8.096014328051e-010             -1.10627536479e-008
   8.130465452851e-010             -1.11094633193e-008
   8.164916577651e-010             -1.11028473073e-008
   8.199367702451e-010             -1.11953934780e-008
   8.233818827251e-010             -1.13475377196e-008
   8.268269952052e-010             -1.12346403263e-008
   8.302721076852e-010             -1.11464077595e-008
   8.337172201652e-010             -1.13280069469e-008
   8.371623326452e-010             -1.14121639349e-008
   8.406074451253e-010             -1.13602935384e-008
   8.440525576053e-010             -1.13618548900e-008
   8.474976700853e-010             -1.14478379258e-008
   8.509427825653e-010             -1.13020453101e-008
   8.543878950453e-010             -1.09398790491e-008
   8.578330075254e-010             -1.07583857712e-008
   8.612781200054e-010             -1.07846121044e-008
   8.647232324854e-010             -1.07067006776e-008
   8.681683449654e-010             -1.06820887283e-008
   8.716134574454e-010             -1.05711761696e-008
   8.750585699255e-010             -1.03146826591e-008
   8.785036824055e-010             -1.02037966165e-008
   8.819487948855e-010             -1.00557543147e-008
   8.853939073655e-010             -9.98080695933e-009
   8.888390198456e-010             -9.90109600087e-009
   8.922841323256e-010             -9.79936671370e-009
   8.957292448056e-010             -9.51939912233e-009
   8.991743572856e-010             -9.38797655414e-009
   9.026194697656e-010             -9.37254787638e-009
   9.060645822457e-010             -9.35370512801e-009
   9.095096947257e-010             -9.29177828777e-009
   9.129548072057e-010             -9.14169827412e-009
   9.163999196857e-010             -9.05947324350e-009
   9.198450321657e-010             -8.95840546450e-009
   9.232901446458e-010             -8.76690862007e-009
   9.267352571258e-010             -8.67171595156e-009
   9.301803696058e-010             -8.62524430523e-009
   9.336254820858e-010             -8.63704755850e-009
   9.370705945659e-010             -8.82028749089e-009
   9.405157070459e-010             -8.64678642869e-009
   9.439608195259e-010             -8.89346167563e-009
   9.474059320059e-010             -8.93993332196e-009
   9.508510444859e-010             -8.98121788212e-009
   9.542961569660e-010             -9.08207384205e-009
   9.577412694460e-010             -9.37236257346e-009
   9.611863819260e-010             -9.16125556296e-009
   9.646314944060e-010             -9.18255950627e-009
   9.680766068860e-010             -9.22627874521e-009
   9.715217193661e-010             -9.25025554746e-009
   9.749668318461e-010             -9.30643954783e-009
   9.784119443261e-010             -9.25009676069e-009
   9.818570568061e-010             -9.30837150522e-009
   9.853021692862e-010             -9.17155018685e-009
   9.887472817662e-010             -8.99045387585e-009
   9.921923942462e-010             -8.69791576858e-009
   9.956375067262e-010             -8.64204934175e-009
   9.990826192062e-010             -8.54338972538e-009
   1.002527731686e-009             -8.45052598118e-009
   1.005972844166e-009             -8.24801997240e-009
   1.009417956646e-009             -8.03437237358e-009
   1.012863069126e-009             -8.10974305696e-009
   1.016308181606e-009             -8.12331932578e-009
   1.019753294086e-009             -7.92854099149e-009
   1.023198406566e-009             -7.83715920545e-009
   1.026643519046e-009             -7.65614228783e-009
   1.030088631526e-009             -7.58415884880e-009
   1.033533744006e-009             -7.54697638357e-009
   1.036978856486e-009             -7.51095814790e-009
   1.040423968966e-009             -7.47171145467e-009
   1.043869081447e-009             -7.48560529703e-009
   1.047314193927e-009             -7.46411605080e-009
   1.050759306407e-009             -7.62274403387e-009
   1.054204418887e-009             -7.55293088744e-009
   1.057649531367e-009             -7.40528555257e-009
   1.061094643847e-009             -7.36246615702e-009
   1.064539756327e-009             -7.36722976011e-009
   1.067984868807e-009             -7.49889035339e-009
   1.071429981287e-009             -7.55115771682e-009
   1.074875093767e-009             -7.51333994945e-009
   1.078320206247e-009             -7.49878459892e-009
   1.081765318727e-009             -7.77049512320e-009
   1.085210431207e-009             -7.64399509994e-009
   1.088655543687e-009             -7.79410147467e-009
   1.092100656167e-009             -7.83223681558e-009
   1.095545768647e-009             -7.77631735645e-009
   1.098990881127e-009             -7.81614631953e-009
   1.102435993607e-009             -7.68813782195e-009
   1.105881106087e-009             -7.62234706694e-009
   1.109326218567e-009             -7.64555645149e-009
   1.112771331047e-009             -7.78356867063e-009
   1.116216443527e-009             -7.84753322272e-009
   1.119661556007e-009             -7.69316596629e-009
   1.123106668487e-009             -7.56184930763e-009
   1.126551780967e-009             -7.51140814713e-009
   1.129996893447e-009             -7.22138411202e-009
   1.133442005927e-009             -7.28669835166e-009
   1.136887118407e-009             -7.15490533269e-009
   1.140332230887e-009             -6.99490114593e-009
   1.143777343367e-009             -6.89174277784e-009
   1.147222455847e-009             -6.75841476841e-009
   1.150667568327e-009             -6.75134875715e-009
   1.154112680807e-009             -6.69725534587e-009
   1.157557793287e-009             -6.62664826560e-009
   1.161002905767e-009             -6.47537735118e-009
   1.164448018247e-009             -6.50300624913e-009
   1.167893130727e-009             -6.45420583355e-009
   1.171338243207e-009             -6.34599264991e-009
   1.174783355687e-009             -6.38256648421e-009
   1.178228468167e-009             -6.48019383151e-009
   1.181673580647e-009             -6.61402471739e-009
   1.185118693127e-009             -6.57962086557e-009
   1.188563805607e-009             -6.70654437191e-009
   1.192008918087e-009             -6.65869667695e-009
   1.195454030567e-009             -6.56638868644e-009
   1.198899143047e-009             -6.65221293554e-009
   1.202344255528e-009             -6.68754299183e-009
   1.205789368008e-009             -6.73713734125e-009
   1.209234480488e-009             -6.92394997596e-009
   1.212679592968e-009             -6.84651490952e-009
   1.216124705448e-009             -6.94983221945e-009
   1.219569817928e-009             -6.98460652204e-009
   1.223014930408e-009             -7.21738792662e-009
   1.226460042888e-009             -7.20378514165e-009
   1.229905155368e-009             -7.23538370885e-009
   1.233350267848e-009             -7.17065173906e-009
   1.236795380328e-009             -7.14701887144e-009
   1.240240492808e-009             -7.12253934780e-009
   1.243685605288e-009             -7.15315867822e-009
   1.247130717768e-009             -7.19489308254e-009
   1.250575830248e-009             -7.25128890198e-009
   1.254020942728e-009             -7.12028981687e-009
   1.257466055208e-009             -7.04550124827e-009
   1.260911167688e-009             -6.92090651119e-009
   1.264356280168e-009             -6.82497294112e-009
   1.267801392648e-009             -6.54537580052e-009
   1.271246505128e-009             -6.42964676146e-009
   1.274691617608e-009             -6.40474375475e-009
   1.278136730088e-009             -6.28245142582e-009
   1.281581842568e-009             -6.16817782878e-009
   1.285026955048e-009             -6.05829738405e-009
   1.288472067528e-009             -6.09902619051e-009
   1.291917180008e-009             -6.07195304626e-009
   1.295362292488e-009             -6.05805920390e-009
   1.298807404968e-009             -6.01269922002e-009
   1.302252517448e-009             -6.09410380065e-009
   1.305697629928e-009             -6.16537269922e-009
   1.309142742408e-009             -6.28803547892e-009
   1.312587854888e-009             -6.22512940191e-009
   1.316032967368e-009             -6.41212733955e-009
   1.319478079848e-009             -6.11913923305e-009
   1.322923192328e-009             -6.15703639380e-009
   1.326368304808e-009             -6.14838251485e-009
   1.329813417288e-009             -6.23756764720e-009
   1.333258529768e-009             -6.16090015351e-009
   1.336703642248e-009             -6.17378839802e-009
   1.340148754728e-009             -6.22708772039e-009
   1.343593867208e-009             -6.35853680473e-009
   1.347038979688e-009             -6.35975406658e-009
   1.350484092168e-009             -6.32508567353e-009
   1.353929204648e-009             -6.15640124672e-009
   1.357374317128e-009             -6.38423374529e-009
   1.360819429608e-009             -6.44168803982e-009
   1.364264542089e-009             -6.51430662594e-009
   1.367709654569e-009             -6.47341903270e-009
   1.371154767049e-009             -6.33778861511e-009
   1.374599879529e-009             -6.22375319822e-009
   1.378044992009e-009             -6.29470452325e-009
   1.381490104489e-009             -6.33342197894e-009
   1.384935216969e-009             -6.30886290685e-009
   1.388380329449e-009             -6.24598334600e-009
   1.391825441929e-009             -6.14406875591e-009
   1.395270554409e-009             -5.96397804277e-009
   1.398715666889e-009             -5.92703375770e-009
   1.402160779369e-009             -5.83901285491e-009
   1.405605891849e-009             -5.80820822156e-009
   1.409051004329e-009             -5.65209446572e-009
   1.412496116809e-009             -5.53133712726e-009
   1.415941229289e-009             -5.46554637225e-009
   1.419386341769e-009             -5.47758780567e-009
   1.422831454249e-009             -5.35336351936e-009
   1.426276566729e-009             -5.56272387539e-009
   1.429721679209e-009             -5.43130146226e-009
   1.433166791689e-009             -5.54417233947e-009
   1.436611904169e-009             -5.66463862054e-009
   1.440057016649e-009             -5.67572717828e-009
   1.443502129129e-009             -5.68562483524e-009
   1.446947241609e-009             -5.65834002698e-009
   1.450392354089e-009             -5.69507264805e-009
   1.453837466569e-009             -5.85420350757e-009
   1.457282579049e-009             -6.08851990262e-009
   1.460727691529e-009             -6.22436198421e-009
   1.464172804009e-009             -6.41482671463e-009
   1.467617916489e-009             -6.31264742824e-009
   1.471063028969e-009             -6.26964257470e-009
   1.474508141449e-009             -6.28157809859e-009
   1.477953253929e-009             -6.29764207849e-009
   1.481398366409e-009             -6.27459148072e-009
   1.484843478889e-009             -6.47611840779e-009
   1.488288591369e-009             -6.50618198452e-009
   1.491733703849e-009             -6.40196498628e-009
   1.495178816329e-009             -6.54124734451e-009
   1.498623928809e-009             -6.50660546760e-009
   1.502069041289e-009             -6.62791855975e-009
   1.505514153769e-009             -6.44642528183e-009
   1.508959266249e-009             -6.50721409853e-009
   1.512404378729e-009             -6.30007675728e-009
   1.515849491209e-009             -6.19093736916e-009
   1.519294603689e-009             -6.05610088542e-009
   1.522739716170e-009             -6.09254244910e-009
   1.526184828650e-009             -6.07642559196e-009
   1.529629941130e-009             -5.95844702197e-009
   1.533075053610e-009             -5.97374342911e-009
   1.536520166090e-009             -5.97334646219e-009
   1.539965278570e-009             -5.85923180697e-009
   1.543410391050e-009             -5.73437237358e-009
   1.546855503530e-009             -5.67784428352e-009
   1.550300616010e-009             -5.49431329374e-009
   1.553745728490e-009             -5.65013599218e-009
   1.557190840970e-009             -5.67247204950e-009
   1.560635953450e-009             -5.66736435671e-009
   1.564081065930e-009             -5.79910449844e-009
   1.567526178410e-009             -5.98800787731e-009
   1.570971290890e-009             -6.05970010389e-009
   1.574416403370e-009             -6.04122780629e-009
   1.577861515850e-009             -6.26625517530e-009
   1.581306628330e-009             -5.46544061778e-009
   1.584751740810e-009             -5.15432430337e-009
   1.588196853290e-009             -5.25957357069e-009
   1.591641965770e-009             -5.45027648126e-009
   1.595087078250e-009             -5.63063173564e-009
   1.598532190730e-009             -5.58889733133e-009
   1.601977303210e-009             -5.64018545799e-009
   1.605422415690e-009             -5.65397339081e-009
   1.608867528170e-009             -5.56333266138e-009
   1.612312640650e-009             -5.50476670440e-009
   1.615757753130e-009             -5.43977003830e-009
   1.619202865610e-009             -5.57487106328e-009
   1.622647978090e-009             -5.51474390981e-009
   1.626093090570e-009             -5.37154460451e-009
   1.629538203050e-009             -5.18123866086e-009
   1.632983315530e-009             -5.26812154011e-009
   1.636428428010e-009             -5.22130595916e-009
   1.639873540490e-009             -5.21781265022e-009
   1.643318652970e-009             -5.19960504892e-009
   1.646763765450e-009             -5.02128750640e-009
   1.650208877930e-009             -4.91947867078e-009
   1.653653990410e-009             -4.76675231435e-009
   1.657099102890e-009             -4.72218610926e-009
   1.660544215370e-009             -4.69109041852e-009
   1.663989327850e-009             -4.81639969607e-009
   1.667434440330e-009             -4.85104157298e-009
   1.670879552810e-009             -4.80978352897e-009
   1.674324665290e-009             -4.83656561584e-009
   1.677769777770e-009             -4.68182790864e-009
   1.681214890250e-009             -4.64162833972e-009
   1.684660002731e-009             -4.64385135449e-009
   1.688105115211e-009             -4.78339840903e-009
   1.691550227691e-009             -4.74047310394e-009
   1.694995340171e-009             -4.64440710819e-009
   1.698440452651e-009             -4.65224053715e-009
   1.701885565131e-009             -4.63157189598e-009
   1.705330677611e-009             -4.83140504582e-009
   1.708775790091e-009             -4.95150072105e-009
   1.712220902571e-009             -4.97084619082e-009
   1.715666015051e-009             -5.02642156027e-009
   1.719111127531e-009             -4.89648110530e-009
   1.722556240011e-009             -5.00609685373e-009
   1.726001352491e-009             -5.06767975934e-009
   1.729446464971e-009             -5.24094248632e-009
   1.732891577451e-009             -5.34807067872e-009
   1.736336689931e-009             -5.30723596272e-009
   1.739781802411e-009             -5.27381134767e-009
   1.743226914891e-009             -5.34584766394e-009
   1.746672027371e-009             -5.27232938951e-009
   1.750117139851e-009             -5.24120718262e-009
   1.753562252331e-009             -5.10121012886e-009
   1.757007364811e-009             -5.14744359503e-009
   1.760452477291e-009             -5.10600024810e-009
   1.763897589771e-009             -4.97306920560e-009
   1.767342702251e-009             -4.90365302610e-009
   1.770787814731e-009             -4.99892508800e-009
   1.774232927211e-009             -4.87149870521e-009
   1.777678039691e-009             -4.79684240723e-009
   1.781123152171e-009             -4.75865418909e-009
   1.784568264651e-009             -4.74849183582e-009
   1.788013377131e-009             -4.72702910574e-009
   1.791458489611e-009             -4.68447425142e-009
   1.794903602091e-009             -4.67746127247e-009
   1.798348714571e-009             -4.58811719828e-009
   1.801793827051e-009             -4.67722309231e-009
   1.805238939531e-009             -4.64880026051e-009
   1.808684052011e-009             -4.69466312084e-009
   1.812129164491e-009             -4.71122982214e-009
   1.815574276971e-009             -4.70268185272e-009
   1.819019389451e-009             -4.60383708850e-009
   1.822464501931e-009             -4.61614306316e-009
   1.825909614411e-009             -4.66023290794e-009
   1.829354726891e-009             -4.68611515142e-009
   1.832799839371e-009             -4.77524740653e-009
   1.836244951851e-009             -4.65348447022e-009
   1.839690064331e-009             -4.83757121370e-009
   1.843135176811e-009             -4.93186403883e-009
   1.846580289292e-009             -5.02486020872e-009
   1.850025401772e-009             -5.14043046101e-009
   1.853470514252e-009             -5.14498240010e-009
   1.856915626732e-009             -5.16091395432e-009
   1.860360739212e-009             -5.08244692893e-009
   1.863805851692e-009             -5.17671323792e-009
   1.867250964172e-009             -5.41558157205e-009
   1.870696076652e-009             -5.44974708865e-009
   1.874141189132e-009             -5.32054769030e-009
   1.877586301612e-009             -5.18843709780e-009
   1.881031414092e-009             -5.18044472701e-009
   1.884476526572e-009             -5.20264851370e-009
   1.887921639052e-009             -5.10044271116e-009
   1.891366751532e-009             -4.99863387554e-009
   1.894811864012e-009             -4.82899672812e-009
   1.898256976492e-009             -4.73039014406e-009
   1.901702088972e-009             -4.64633906558e-009
   1.905147201452e-009             -4.56900990867e-009
   1.908592313932e-009             -4.61410535130e-009
   1.912037426412e-009             -4.64086092202e-009
   1.915482538892e-009             -4.58504737242e-009
   1.918927651372e-009             -4.08285769666e-009
   1.922372763852e-009             -4.00994805316e-009
   1.925817876332e-009             -3.92507652468e-009
   1.929262988812e-009             -3.96059188389e-009
   1.932708101292e-009             -3.99369892540e-009
   1.936153213772e-009             -4.09519018747e-009
   1.939598326252e-009             -4.15219463785e-009
   1.943043438732e-009             -4.21200421777e-009
   1.946488551212e-009             -4.22949727861e-009
   1.949933663692e-009             -4.34239467196e-009
   1.953378776172e-009             -4.32352556250e-009
   1.956823888652e-009             -4.32389601327e-009
   1.960269001132e-009             -4.30462993689e-009
   1.963714113612e-009             -4.33122672084e-009
   1.967159226092e-009             -4.41281660438e-009
   1.970604338572e-009             -4.47741630356e-009
   1.974049451052e-009             -4.51126440168e-009
   1.977494563532e-009             -4.65091736575e-009
   1.980939676012e-009             -4.72718789251e-009
   1.984384788492e-009             -4.68823225666e-009
   1.987829900972e-009             -4.81025988928e-009
   1.991275013452e-009             -4.74100234148e-009
   1.994720125932e-009             -4.73364527284e-009
   1.998165238412e-009             -4.62559087596e-009
   2.001610350892e-009             -4.74153173409e-009
   2.005055463373e-009             -4.75574314999e-009
   2.008500575853e-009             -4.93112313728e-009
   2.011945688333e-009             -4.82153374994e-009
   2.015390800813e-009             -4.82333328164e-009
   2.018835913293e-009             -4.71130921553e-009
   2.022281025773e-009             -4.62336786119e-009
   2.025726138253e-009             -4.53307106638e-009
   2.029171250733e-009             -4.47188528276e-009
   2.032616363213e-009             -4.39664687001e-009
   2.036061475693e-009             -4.45613887640e-009
   2.039506588173e-009             -4.31939710648e-009
   2.042951700653e-009             -4.21234830746e-009
   2.046396813133e-009             -4.32016452418e-009
   2.049841925613e-009             -4.34318860581e-009
   2.053287038093e-009             -4.41178449038e-009
   2.056732150573e-009             -4.36600102343e-009
   2.060177263053e-009             -4.37894214517e-009
   2.063622375533e-009             -4.30910232753e-009
   2.067067488013e-009             -4.44184806711e-009
   2.070512600493e-009             -4.35988773279e-009
   2.073957712973e-009             -4.69979717471e-009
   2.077402825453e-009             -4.73891175239e-009
   2.080847937933e-009             -4.82343919118e-009
   2.084293050413e-009             -5.01194560313e-009
   2.087738162893e-009             -5.06360418056e-009
   2.091183275373e-009             -5.12373148909e-009
   2.094628387853e-009             -5.11523639690e-009
   2.098073500333e-009             -5.27389074106e-009
   2.101518612813e-009             -5.30525112810e-009
   2.104963725293e-009             -5.28029524415e-009
   2.108408837773e-009             -5.39742684799e-009
   2.111853950253e-009             -5.39496565306e-009
   2.115299062733e-009             -5.66498255516e-009
   2.118744175213e-009             -5.61070399603e-009
   2.122189287693e-009             -5.59342275427e-009
   2.125634400173e-009             -5.56777869094e-009
   2.129079512653e-009             -5.58265161500e-009
   2.132524625133e-009             -5.61353564174e-009
   2.135969737613e-009             -5.57743816775e-009
   2.139414850093e-009             -5.52924638310e-009
   2.142859962573e-009             -5.56828141233e-009
   2.146305075053e-009             -5.65754609313e-009
   2.149750187533e-009             -5.69546961497e-009
   2.153195300013e-009             -5.71031617795e-009
   2.156640412493e-009             -5.60927491510e-009
   2.160085524973e-009             -5.45572810867e-009
   2.163530637453e-009             -5.31948906015e-009
   2.166975749934e-009             -5.30540991487e-009
   2.170420862414e-009             -5.37159763681e-009
   2.173865974894e-009             -5.32348524555e-009
   2.177311087374e-009             -5.27023864535e-009
   2.180756199854e-009             -5.18041836592e-009
   2.184201312334e-009             -5.24557381879e-009
   2.187646424814e-009             -5.27434074028e-009
   2.191091537294e-009             -5.33372699220e-009
   2.194536649774e-009             -5.47155390842e-009
   2.197981762254e-009             -5.42386484517e-009
   2.201426874734e-009             -5.50042658438e-009
   2.204871987214e-009             -5.51596117167e-009
   2.208317099694e-009             -5.56529097986e-009
   2.211762212174e-009             -5.79876040875e-009
   2.215207324654e-009             -6.15843895858e-009
   2.218652437134e-009             -6.09468607049e-009
   2.222097549614e-009             -6.25609282203e-009
   2.225542662094e-009             -6.47590658872e-009
   2.228987774574e-009             -6.38264587759e-009
   2.232432887054e-009             -6.42009303912e-009
   2.235877999534e-009             -6.40103862674e-009
   2.239323112014e-009             -6.45926049404e-009
   2.242768224494e-009             -6.44547256121e-009
   2.246213336974e-009             -6.51592085472e-009
   2.249658449454e-009             -6.34265812774e-009
   2.253103561934e-009             -6.43422506164e-009
   2.256548674414e-009             -6.28927925693e-009
   2.259993786894e-009             -6.29197863201e-009
   2.263438899374e-009             -6.18236288359e-009
   2.266884011854e-009             -6.32495340291e-009
   2.270329124334e-009             -6.00923227217e-009
   2.273774236814e-009             -5.86214284607e-009
   2.277219349294e-009             -5.82980322225e-009
   2.280664461774e-009             -5.82900928841e-009
   2.284109574254e-009             -6.01751570035e-009
   2.287554686734e-009             -6.00743274047e-009
   2.290999799214e-009             -5.94661740762e-009
   2.294444911694e-009             -5.85880832390e-009
   2.297890024174e-009             -5.59585743305e-009
   2.301335136654e-009             -5.55586968320e-009
   2.304780249134e-009             -5.47406798059e-009
   2.308225361614e-009             -5.31446076075e-009
   2.311670474094e-009             -5.51654344152e-009
   2.315115586574e-009             -5.40801268433e-009
   2.318560699054e-009             -5.43042813503e-009
   2.322005811534e-009             -5.44855618788e-009
   2.325450924014e-009             -5.50492549117e-009
   2.328896036495e-009             -5.47258602242e-009
   2.332341148975e-009             -5.52874350664e-009
   2.335786261455e-009             -5.61946378452e-009
   2.339231373935e-009             -5.68996511033e-009
   2.342676486415e-009             -5.66270666315e-009
   2.346121598895e-009             -5.72291336507e-009
   2.349566711375e-009             -6.65033385539e-009
   2.353011823855e-009             -6.87776954209e-009
   2.356456936335e-009             -7.05066181829e-009
   2.359902048815e-009             -7.13230473414e-009
   2.363347161295e-009             -7.10501977081e-009
   2.366792273775e-009             -7.07831723240e-009
   2.370237386255e-009             -6.77799841833e-009
   2.373682498735e-009             -6.79999038596e-009
   2.377127611215e-009             -6.79419466886e-009
   2.380572723695e-009             -6.80695064275e-009
   2.384017836175e-009             -6.83637907240e-009
   2.387462948655e-009             -6.63726046302e-009
   2.390908061135e-009             -6.55582936625e-009
   2.394353173615e-009             -6.47262509885e-009
   2.397798286095e-009             -6.36861976461e-009
   2.401243398575e-009             -6.29049667385e-009
   2.404688511055e-009             -6.16770146847e-009
   2.408133623535e-009             -6.02831320070e-009
   2.411578736015e-009             -5.80601172293e-009
   2.415023848495e-009             -5.79291181442e-009
   2.418468960975e-009             -5.74710183132e-009
   2.421914073455e-009             -5.95775899766e-009
   2.425359185935e-009             -5.85706166943e-009
   2.428804298415e-009             -5.77531299912e-009
   2.432249410895e-009             -5.65249143265e-009
   2.435694523375e-009             -5.70121245484e-009
   2.439139635855e-009             -5.58754764378e-009
   2.442584748335e-009             -5.64187908015e-009
   2.446029860815e-009             -5.65360294004e-009
   2.449474973295e-009             -5.66331529408e-009
   2.452920085775e-009             -5.57428894850e-009
   2.456365198255e-009             -5.50370822931e-009
   2.459810310735e-009             -5.66900525671e-009
   2.463255423215e-009             -5.79624633658e-009
   2.466700535695e-009             -5.90792631301e-009
   2.470145648175e-009             -5.83639287320e-009
   2.473590760655e-009             -5.89083037417e-009
   2.477035873135e-009             -5.86322783731e-009
   2.480480985615e-009             -5.86619190870e-009
   2.483926098095e-009             -5.96781544139e-009
   2.487371210576e-009             -5.93552884988e-009
   2.490816323056e-009             -6.14266619113e-009
   2.494261435536e-009             -6.10315464653e-009
   2.497706548016e-009             -6.27385042410e-009
   2.501151660496e-009             -6.17021569570e-009
   2.504596772976e-009             -6.15317247903e-009
   2.508041885456e-009             -5.96135806106e-009
   2.511486997936e-009             -5.87164353611e-009
   2.514932110416e-009             -5.78785715393e-009
   2.518377222896e-009             -5.81524787173e-009
   2.521822335376e-009             -5.65452914451e-009
   2.525267447856e-009             -5.51574950767e-009
   2.528712560336e-009             -5.30540991487e-009
   2.532157672816e-009             -5.24806152987e-009
   2.535602785296e-009             -5.19179798105e-009
   2.539047897776e-009             -5.10300981563e-009
   2.542493010256e-009             -5.02856518166e-009
   2.545938122736e-009             -4.78781807750e-009
   2.549383235216e-009             -4.73621237730e-009
   2.552828347696e-009             -4.63297446076e-009
   2.556273460176e-009             -4.60756857759e-009
   2.559718572656e-009             -4.87057234567e-009
   2.563163685136e-009             -4.82100451240e-009
   2.566608797616e-009             -4.90132410178e-009
   2.570053910096e-009             -4.83643319016e-009
   2.573499022576e-009             -4.78877079812e-009
   2.576944135056e-009             -4.83780939385e-009
   2.580389247536e-009             -4.93149358805e-009
   2.583834360016e-009             -4.94676363411e-009
   2.587279472496e-009             -4.96753818481e-009
   2.590724584976e-009             -4.97468358945e-009
   2.594169697456e-009             -5.07307850951e-009
   2.597614809936e-009             -5.14455891702e-009
   2.601059922416e-009             -5.25753570376e-009
   2.604505034896e-009             -5.28617035463e-009
   2.607950147376e-009             -5.21275783467e-009
   2.611395259856e-009             -5.32417326986e-009
   2.614840372336e-009             -5.30948549365e-009
   2.618285484816e-009             -5.28916078711e-009
   2.621730597296e-009             -5.22006202608e-009
   2.625175709776e-009             -5.41251159112e-009
   2.628620822256e-009             -5.46258245592e-009
   2.632065934736e-009             -5.51511436059e-009
   2.635511047216e-009             -5.49595403867e-009
   2.638956159696e-009             -5.48700910233e-009
   2.642401272176e-009             -5.37469397882e-009
   2.645846384656e-009             -5.42614089225e-009
   2.649291497137e-009             -5.32517886771e-009
   2.652736609617e-009             -5.24599730187e-009
   2.656181722097e-009             -5.23961931492e-009
   2.659626834577e-009             -5.03377878398e-009
   2.663071947057e-009             -4.91812898324e-009
   2.666517059537e-009             -4.94427592303e-009
   2.669962172017e-009             -4.89274961621e-009
   2.673407284497e-009             -4.84675433020e-009
   2.676852396977e-009             -4.79821861093e-009
   2.680297509457e-009             -4.70969498674e-009
   2.683742621937e-009             -4.69034936191e-009
   2.687187734417e-009             -4.65922715502e-009
   2.690632846897e-009             -4.68675029850e-009
   2.694077959377e-009             -4.77233636744e-009
   2.697523071857e-009             -4.89695746561e-009
   2.700968184337e-009             -4.94446122595e-009
   2.704413296817e-009             -5.03068244197e-009
   2.707858409297e-009             -5.09168292267e-009
   2.711303521777e-009             -5.13984834623e-009
   2.714748634257e-009             -5.09274155282e-009
   2.718193746737e-009             -5.19965792616e-009
   2.721638859217e-009             -5.16054350354e-009
   2.725083971697e-009             -5.28445006125e-009
   2.728529084177e-009             -5.37593775683e-009
   2.731974196657e-009             -5.33237730466e-009
   2.735419309137e-009             -5.37638760099e-009
   2.738864421617e-009             -5.44974708865e-009
   2.742309534097e-009             -5.37908697607e-009
   2.745754646577e-009             -5.38615298733e-009
   2.749199759057e-009             -5.43754702352e-009
   2.752644871537e-009             -5.58093147669e-009
   2.756089984017e-009             -5.29916435361e-009
   2.759535096497e-009             -5.23083316535e-009
   2.762980208977e-009             -5.23347950813e-009
   2.766425321457e-009             -5.67829428275e-009
   2.769870433937e-009             -6.23494766549e-009
   2.773315546417e-009             -6.22100094590e-009
   2.776760658897e-009             -6.18061622912e-009
   2.780205771377e-009             -5.96628045093e-009
   2.783650883857e-009             -5.87656592597e-009
   2.787095996337e-009             -5.79153561072e-009
   2.790541108817e-009             -5.81747088651e-009
   2.793986221297e-009             -5.88529919831e-009
   2.797431333777e-009             -5.66537952209e-009
   2.800876446257e-009             -5.53011971034e-009
   2.804321558737e-009             -5.62687373040e-009
   2.807766671217e-009             -5.62793236056e-009
   2.811211783698e-009             -5.63642745274e-009
   2.814656896178e-009             -5.57712059421e-009
   2.818102008658e-009             -5.53901176945e-009
   2.821547121138e-009             -5.52477383740e-009
   2.824992233618e-009             -5.59749817798e-009
   2.828437346098e-009             -5.61123323357e-009
   2.831882458578e-009             -5.79140334010e-009
   2.835327571058e-009             -6.01632479958e-009
   2.838772683538e-009             -5.80267720076e-009
   2.842217796018e-009             -6.10471615314e-009
   2.845662908498e-009             -6.22213896944e-009
   2.849108020978e-009             -6.28176340151e-009
   2.852553133458e-009             -6.28160461474e-009
   2.855998245938e-009             -6.26151808836e-009
   2.859443358418e-009             -6.33564499372e-009
   2.862888470898e-009             -6.35043867946e-009
   2.866333583378e-009             -6.48061731458e-009
   2.869778695858e-009             -6.45375583433e-009
   2.873223808338e-009             -6.59354122408e-009
   2.876668920818e-009             -6.58861883422e-009
   2.880114033298e-009             -6.48458698383e-009
   2.883559145778e-009             -6.53756888772e-009
   2.887004258258e-009             -6.34120253066e-009
   2.890449370738e-009             -6.36083921289e-009
   2.893894483218e-009             -6.30894230024e-009
   2.897339595698e-009             -6.18617376607e-009
   2.900784708178e-009             -6.06920079393e-009
   2.904229820658e-009             -6.08200964506e-009
   2.907674933138e-009             -6.18831738746e-009
   2.911120045618e-009             -6.24857696661e-009
   2.914565158098e-009             -6.16627238754e-009
   2.918010270578e-009             -5.90345392237e-009
   2.921455383058e-009             -5.77393679542e-009
   2.924900495538e-009             -5.62089286545e-009
   2.928345608018e-009             -5.74061808991e-009
   2.931790720498e-009             -5.62933492534e-009
   2.935235832978e-009             -5.61215959311e-009
   2.938680945458e-009             -5.52075129092e-009
   2.942126057938e-009             -5.63801532044e-009
   2.945571170418e-009             -5.77422785281e-009
   2.949016282898e-009             -5.73754810898e-009
   2.952461395378e-009             -5.66204499992e-009
   2.955906507858e-009             -5.65889578068e-009
   2.959351620338e-009             -5.70108018422e-009
   2.962796732818e-009             -5.71174525888e-009
   2.966241845298e-009             -5.82591294639e-009
   2.969686957779e-009             -5.83512257904e-009
   2.973132070259e-009             -5.97736916373e-009
   2.976577182739e-009             -5.99671463350e-009
   2.980022295219e-009             -6.10209617144e-009
   2.983467407699e-009             -6.31788739165e-009
   2.986912520179e-009             -6.33535393633e-009
   2.990357632659e-009             -6.24653909969e-009
   2.993802745139e-009             -6.20326970491e-009
   2.997247857619e-009             -6.16836313170e-009
   3.000692970099e-009             -6.27326830932e-009
   3.004138082579e-009             -6.19609793918e-009
   3.007583195059e-009             -6.27858766611e-009
   3.011028307539e-009             -6.30489323761e-009
   3.014473420019e-009             -6.16727814046e-009
   3.017918532499e-009             -6.10389570314e-009
   3.021363644979e-009             -6.10299585976e-009
   3.024808757459e-009             -6.02296732776e-009
   3.028253869939e-009             -5.83247623626e-009
   3.031698982419e-009             -5.74583153716e-009
   3.035144094899e-009             -5.65730791298e-009
   3.038589207379e-009             -5.65312657973e-009
   3.042034319859e-009             -5.78695731055e-009
   3.045479432339e-009             -5.82959155825e-009
   3.048924544819e-009             -5.74056505761e-009
   3.052369657299e-009             -5.73307571834e-009
   3.055814769779e-009             -5.69322023911e-009
   3.059259882259e-009             -5.64418148832e-009
   3.062704994739e-009             -5.63621578874e-009
   3.066150107219e-009             -5.66670284855e-009
   3.069595219699e-009             -5.66823768395e-009
   3.073040332179e-009             -5.65151219588e-009
   3.076485444659e-009             -5.60903673495e-009
   3.079930557139e-009             -5.75964598614e-009
   3.083375669619e-009             -5.72680364093e-009
   3.086820782099e-009             -5.81059002310e-009
   3.090265894579e-009             -5.76218657445e-009
   3.093711007059e-009             -5.84417342493e-009
   3.097156119539e-009             -5.82795081332e-009
   3.100601232019e-009             -5.90898494317e-009
   3.104046344499e-009             -5.86023740483e-009
   3.107491456979e-009             -5.94021305959e-009
   3.110936569459e-009             -6.09479198003e-009
   3.114381681939e-009             -6.15301369226e-009
   3.117826794419e-009             -6.35599621641e-009
   3.121271906899e-009             -6.52714183814e-009
   3.124717019379e-009             -6.39413140225e-009
   3.128162131859e-009             -6.26704910915e-009
   3.131607244340e-009             -6.26675805176e-009
   3.135052356820e-009             -6.32609127138e-009
   3.138497469300e-009             -6.28385399060e-009
   3.141942581780e-009             -6.23042224255e-009
   3.145387694260e-009             -6.00026081967e-009
   3.148832806740e-009             -6.00097536014e-009
   3.152277919220e-009             -5.97212920033e-009
   3.155723031700e-009             -5.94270061561e-009
   3.159168144180e-009             -5.86992339779e-009
   3.162613256660e-009             -5.89538215820e-009
   3.166058369140e-009             -5.69155297803e-009
   3.169503481620e-009             -5.51492905767e-009
   3.172948594100e-009             -5.41235280435e-009
   3.176393706580e-009             -5.43394780505e-009
   3.179838819060e-009             -5.64796600971e-009
   3.183283931540e-009             -5.71171889780e-009
   3.186729044020e-009             -5.73699235529e-009
   3.190174156500e-009             -5.69602536867e-009
   3.193619268980e-009             -5.56145358123e-009
   3.197064381460e-009             -5.57516227574e-009
   3.200509493940e-009             -5.65579943866e-009
   3.203954606420e-009             -5.71841430321e-009
   3.207399718900e-009             -5.74559335701e-009
   3.210844831380e-009             -5.82106994991e-009
   3.214289943860e-009             -5.76734714447e-009
   3.217735056340e-009             -5.89980182667e-009
   3.221180168820e-009             -5.88598737769e-009
   3.224625281300e-009             -6.02654003008e-009
   3.228070393780e-009             -6.06864504024e-009
   3.231515506260e-009             -6.09643272496e-009
   3.234960618740e-009             -6.16153530059e-009
   3.238405731220e-009             -6.19244584348e-009
   3.241850843700e-009             -6.16873358247e-009
   3.245295956180e-009             -6.17508505326e-009
   3.248741068660e-009             -6.51729705841e-009
   3.252186181140e-009             -6.49781916296e-009
   3.255631293620e-009             -6.61836483741e-009
   3.259076406100e-009             -6.53201135077e-009
   3.262521518580e-009             -6.59835770441e-009
   3.265966631060e-009             -6.31381181287e-009
   3.269411743540e-009             -6.24661849308e-009
   3.272856856020e-009             -6.26932500116e-009
   3.276301968500e-009             -6.29930933958e-009
   3.279747080980e-009             -6.23854688396e-009
   3.283192193460e-009             -6.01079377878e-009
   3.286637305940e-009             -5.96532773031e-009
   3.290082418420e-009             -5.87063793825e-009
   3.293527530901e-009             -5.74191474515e-009
   3.296972643381e-009             -5.83311138334e-009
   3.300417755861e-009             -5.87643365535e-009
   3.303862868341e-009             -5.61734652421e-009
   3.307307980821e-009             -5.53379832219e-009
   3.310753093301e-009             -5.48698258618e-009
   3.314198205781e-009             -5.58138132085e-009
   3.317643318261e-009             -5.75909023244e-009
   3.321088430741e-009             -5.79259424088e-009
   3.324533543221e-009             -5.85036610895e-009
   3.327978655701e-009             -5.85994634744e-009
   3.331423768181e-009             -5.82967095164e-009
   3.334868880661e-009             -5.89239172572e-009
   3.338313993141e-009             -6.00126657259e-009
   3.341759105621e-009             -6.01359890834e-009
   3.345204218101e-009             -6.17757276435e-009
   3.348649330581e-009             -6.12498782738e-009
   3.352094443061e-009             -6.08600567539e-009
   3.355539555541e-009             -6.25926855743e-009
   3.358984668021e-009             -6.47532447394e-009
   3.362429780501e-009             -6.36147435997e-009
   3.365874892981e-009             -6.29467800710e-009
   3.369320005461e-009             -6.27742312642e-009
   3.372765117941e-009             -6.43761261611e-009
   3.376210230421e-009             -6.42337468405e-009
   3.379655342901e-009             -6.37880847897e-009
   3.383100455381e-009             -6.50996635085e-009
   3.386545567861e-009             -6.59965451472e-009
   3.389990680341e-009             -6.54431732544e-009
   3.393435792821e-009             -6.64684054645e-009
   3.396880905301e-009             -6.65491231063e-009
   3.400326017781e-009             -6.54931910869e-009
   3.403771130261e-009             -6.40905735862e-009
   3.407216242741e-009             -6.31201228116e-009
   3.410661355221e-009             -6.22894028439e-009
   3.414106467701e-009             -6.45936640357e-009
   3.417551580181e-009             -6.17093023616e-009
   3.420996692661e-009             -6.06745413947e-009
   3.424441805141e-009             -6.06525764084e-009
   3.427886917621e-009             -6.05784753989e-009
   3.431332030101e-009             -5.95474204903e-009
   3.434777142581e-009             -6.10752128270e-009
   3.438222255061e-009             -5.99054846563e-009
   3.441667367541e-009             -5.92703375770e-009
