# Atom Manipulation               
# 
# Sample                          Ag(111)
# Data set                        -
# Creation Comment                
# Gap voltage                     2.000e+000 V
# Gap voltage range in Volt       -10;10
# Feedback loop enabled           No
# Regulator setpoint              1.000e-009 A
# Pre-amplifier range             0;3.33e-007
# Loop gain                       7.000e+000 %
# Z-axis offset                   -2.000e-010 m
# Parameter mode                  V before Z
# Raster time                     1.000e-003 seconds
# Channel name and data unit      I(r) [A]
# Manipulation vector: start      -2.750e+000, -2.150e+000 [nm]
#                      end        -3.900e+000, -3.125e+000 [nm]
# 
# 
#             Position                             I(r)
# --------------------             --------------------
   0.000000000000e+000              5.470732993224e-010
   1.507688628331e-012              5.441092279303e-010
   3.015377256663e-012              5.434212036161e-010
   4.523065884994e-012              5.419127293027e-010
   6.030754513326e-012              5.440563506955e-010
   7.538443141657e-012              5.363817085084e-010
   9.046131769989e-012              5.321208268077e-010
   1.055382039832e-011              5.287334274062e-010
   1.206150902665e-011              5.313268929585e-010
   1.356919765498e-011              5.279660097071e-010
   1.507688628331e-011              5.207675727643e-010
   1.658457491165e-011              4.492077718681e-010
   1.809226353998e-011              4.391776892183e-010
   1.959995216831e-011              4.383837553691e-010
   2.110764079664e-011              4.979553102079e-010
   2.261532942497e-011              5.088585650266e-010
   2.412301805330e-011              5.044390516212e-010
   2.563070668163e-011              5.009722588348e-010
   2.713839530997e-011              5.000195382158e-010
   2.864608393830e-011              5.000989316007e-010
   3.015377256663e-011              4.438090216936e-010
   3.166146119496e-011              4.980875808277e-010
   3.316914982329e-011              5.234669478516e-010
   3.467683845162e-011              5.291832715657e-010
   3.618452707996e-011              4.985904572873e-010
   3.769221570829e-011              4.503721564918e-010
   3.919990433662e-011              4.650599327017e-010
   4.070759296495e-011              4.992784816015e-010
   4.221528159328e-011              5.601466916839e-010
   4.372297022161e-011              5.645398440044e-010
   4.523065884994e-011              5.621315263068e-010
   4.673834747828e-011              5.619992556870e-010
   4.824603610661e-011              5.656513513933e-010
   4.975372473494e-011              5.641693932299e-010
   5.126141336327e-011              5.667893749322e-010
   5.276910199160e-011              5.538217370404e-010
   5.427679061993e-011              5.534247701158e-010
   5.578447924826e-011              5.658366543131e-010
   5.729216787660e-011              5.525779590318e-010
   5.879985650493e-011              5.594586673696e-010
   6.030754513326e-011              5.672657352417e-010
   6.181523376159e-011              5.612581990727e-010
   6.332292238992e-011              4.694000527222e-010
   6.483061101825e-011              4.615137465304e-010
   6.633829964658e-011              4.618313200701e-010
   6.784598827492e-011              4.591054288328e-010
   6.935367690325e-011              4.737666888927e-010
   7.086136553158e-011              5.269867729380e-010
   7.236905415991e-011              5.209793918343e-010
   7.387674278824e-011              5.210587852192e-010
   7.538443141657e-011              5.312474995736e-010
   7.689212004490e-011              5.283364604816e-010
   7.839980867324e-011              5.227789235373e-010
   7.990749730157e-011              5.145748887407e-010
   8.141518592990e-011              4.809386096854e-010
   8.292287455823e-011              4.411625238413e-010
   8.443056318656e-011              4.492341329529e-010
   8.593825181489e-011              5.179094109073e-010
   8.744594044322e-011              5.321473429577e-010
   8.895362907156e-011              5.294744840205e-010
   9.046131769989e-011              5.272514692428e-010
   9.196900632822e-011              5.394515343702e-010
   9.347669495655e-011              5.442945308502e-010
   9.498438358488e-011              5.444004403852e-010
   9.649207221321e-011              5.603054784537e-010
   9.799976084154e-011              5.472320860922e-010
   9.950744946988e-011              5.600409372141e-010
   1.010151380982e-010              5.657042286281e-010
   1.025228267265e-010              5.924334382608e-010
   1.040305153549e-010              5.968529516662e-010
   1.055382039832e-010              5.917717750314e-010
   1.070458926115e-010              5.875904417808e-010
   1.085535812399e-010              5.743846237343e-010
   1.100612698682e-010              5.713147978725e-010
   1.115689584965e-010              5.840441005443e-010
   1.130766471249e-010              5.777191459009e-010
   1.145843357532e-010              5.635606072353e-010
   1.160920243815e-010              5.639312130751e-010
   1.175997130099e-010              5.625815255315e-010
   1.191074016382e-010              5.628197056862e-010
   1.206150902665e-010              5.562564158229e-010
   1.221227788948e-010              5.531071965762e-010
   1.236304675232e-010              5.523397788770e-010
   1.251381561515e-010              5.363023151235e-010
   1.266458447798e-010              5.307447781792e-010
   1.281535334082e-010              5.336823334212e-010
   1.296612220365e-010              5.424156057622e-010
   1.311689106648e-010              5.414098528431e-010
   1.326765992932e-010              5.405630417591e-010
   1.341842879215e-010              4.978759168230e-010
   1.356919765498e-010              4.698235357968e-010
   1.371996651782e-010              4.703792894912e-010
   1.387073538065e-010              4.693736916373e-010
   1.402150424348e-010              4.566442339004e-010
   1.417227310632e-010              5.409071314488e-010
   1.432304196915e-010              5.435005970010e-010
   1.447381083198e-010              5.433946874661e-010
   1.462457969482e-010              5.520485664222e-010
   1.477534855765e-010              4.812561832250e-010
   1.492611742048e-010              5.428654499217e-010
   1.507688628331e-010              5.819535114516e-010
   1.522765514615e-010              5.776132363659e-010
   1.537842400898e-010              5.734319031153e-010
   1.552919287181e-010              5.752050737335e-010
   1.567996173465e-010              5.797039805238e-010
   1.583073059748e-010              5.629519763060e-010
   1.598149946031e-010              5.122196033432e-010
   1.613226832315e-010              5.058416163997e-010
   1.628303718598e-010              4.986698506722e-010
   1.643380604881e-010              5.080117539425e-010
   1.658457491165e-010              5.094408348711e-010
   1.673534377448e-010              5.146279210408e-010
   1.688611263731e-010              5.035128471522e-010
   1.703688150015e-010              4.925300438835e-010
   1.718765036298e-010              4.851199429360e-010
   1.733841922581e-010              4.764397028951e-010
   1.748918808864e-010              4.876870474034e-010
   1.763995695148e-010              4.875547767836e-010
   1.779072581431e-010              4.792713486021e-010
   1.794149467714e-010              4.686591511731e-010
   1.809226353998e-010              5.127488408876e-010
   1.824303240281e-010              5.448237683946e-010
   1.839380126564e-010              5.424156057622e-010
   1.854457012848e-010              5.424156057622e-010
   1.869533899131e-010              5.346614151251e-010
   1.884610785414e-010              5.372550357425e-010
   1.899687671698e-010              5.282041898618e-010
   1.914764557981e-010              5.414628851432e-010
   1.929841444264e-010              5.486082897859e-010
   1.944918330548e-010              5.490581339453e-010
   1.959995216831e-010              4.823942067639e-010
   1.975072103114e-010              4.779481772085e-010
   1.990148989398e-010              4.669918900898e-010
   2.005225875681e-010              4.767572764347e-010
   2.020302761964e-010              4.635779745383e-010
   2.035379648247e-010              5.182269844470e-010
   2.050456534531e-010              4.844584347718e-010
   2.065533420814e-010              4.915244460296e-010
   2.080610307097e-010              4.902011195708e-010
   2.095687193381e-010              5.119549070384e-010
   2.110764079664e-010              5.153688225899e-010
   2.125840965947e-010              5.200530323001e-010
   2.140917852231e-010              5.173272961280e-010
   2.155994738514e-010              5.253195118547e-010
   2.171071624797e-010              5.099437113306e-010
   2.186148511081e-010              5.767664252818e-010
   2.201225397364e-010              5.980703685900e-010
   2.216302283647e-010              6.038924467739e-010
   2.231379169931e-010              6.037601761541e-010
   2.246456056214e-010              6.045275938532e-010
   2.261532942497e-010              5.284423700166e-010
   2.276609828781e-010              5.936772162694e-010
   2.291686715064e-010              5.825886585309e-010
   2.306763601347e-010              5.681390624758e-010
   2.321840487630e-010              5.632960659958e-010
   2.336917373914e-010              5.515458450278e-010
   2.351994260197e-010              5.519956891873e-010
   2.367071146480e-010              5.524455333468e-010
   2.382148032764e-010              5.517309928825e-010
   2.397224919047e-010              5.439240800757e-010
   2.412301805330e-010              5.422037866923e-010
   2.427378691614e-010              5.386841166711e-010
   2.442455577897e-010              5.296067546403e-010
   2.457532464180e-010              5.312474995736e-010
   2.472609350464e-010              5.409600086837e-010
   2.487686236747e-010              5.446121043899e-010
   2.502763123030e-010              5.366992820481e-010
   2.517840009314e-010              5.066091891640e-010
   2.532916895597e-010              4.430414489293e-010
   2.547993781880e-010              4.591583060677e-010
   2.563070668163e-010              4.600846656019e-010
   2.578147554447e-010              4.756457690459e-010
   2.593224440730e-010              4.735021476531e-010
   2.608301327013e-010              4.671506768596e-010
   2.623378213297e-010              4.608520833010e-010
   2.638455099580e-010              4.726023042689e-010
   2.653531985863e-010              5.572621687420e-010
   2.668608872147e-010              5.797304966739e-010
   2.683685758430e-010              4.860197863201e-010
   2.698762644713e-010              4.863373598598e-010
   2.713839530997e-010              5.518103862674e-010
   2.728916417280e-010              4.864696304796e-010
   2.743993303563e-010              4.986698506722e-010
   2.759070189847e-010              4.863108437098e-010
   2.774147076130e-010              4.842996480020e-010
   2.789223962413e-010              4.876870474034e-010
   2.804300848697e-010              5.113991533440e-010
   2.819377734980e-010              4.796683155267e-010
   2.834454621263e-010              4.846435826265e-010
   2.849531507546e-010              4.805945199957e-010
   2.864608393830e-010              4.875811378685e-010
   2.879685280113e-010              4.692677821024e-010
   2.894762166396e-010              4.633132782335e-010
   2.909839052680e-010              4.571999875948e-010
   2.924915938963e-010              4.569618074400e-010
   2.939992825246e-010              4.747459256617e-010
   2.955069711530e-010              4.545534897424e-010
   2.970146597813e-010              4.526745646544e-010
   2.985223484096e-010              4.497104932624e-010
   3.000300370380e-010              4.548975794322e-010
   3.015377256663e-010              4.480962644792e-010
   3.030454142946e-010              4.576498317543e-010
   3.045531029230e-010              4.552151529718e-010
   3.060607915513e-010              4.661449239405e-010
   3.075684801796e-010              4.899365783312e-010
   3.090761688079e-010              4.657744731660e-010
   3.105838574363e-010              4.665418908651e-010
   3.120915460646e-010              4.802505853711e-010
   3.135992346929e-010              4.844584347718e-010
   3.151069233213e-010              5.064238862442e-010
   3.166146119496e-010              4.959968366698e-010
   3.181223005779e-010              5.076147870179e-010
   3.196299892063e-010              4.988286374420e-010
   3.211376778346e-010              4.983522771325e-010
   3.226453664629e-010              5.083558436322e-010
   3.241530550913e-010              4.992256043666e-010
   3.256607437196e-010              5.113462761091e-010
   3.271684323479e-010              5.097055311759e-010
   3.286761209763e-010              5.078264510227e-010
   3.301838096046e-010              5.115050628789e-010
   3.316914982329e-010              5.134105041170e-010
   3.331991868613e-010              5.036979950069e-010
   3.347068754896e-010              5.082764502473e-010
   3.362145641179e-010              4.995695389911e-010
   3.377222527462e-010              5.025336103832e-010
   3.392299413746e-010              5.088850811766e-010
   3.407376300029e-010              5.237845213912e-010
   3.422453186312e-010              5.235199801517e-010
   3.437530072596e-010              5.278072229372e-010
   3.452606958879e-010              5.223290793779e-010
   3.467683845162e-010              5.307976554141e-010
   3.482760731446e-010              5.406424351440e-010
   3.497837617729e-010              5.929626758052e-010
   3.512914504012e-010              5.847057637737e-010
   3.527991390296e-010              5.822710849912e-010
   3.543068276579e-010              5.720822155716e-010
   3.558145162862e-010              5.788306532897e-010
   3.573222049146e-010              5.762900649723e-010
   3.588298935429e-010              5.176977469026e-010
   3.603375821712e-010              5.196560653755e-010
   3.618452707996e-010              5.252666346199e-010
   3.633529594279e-010              5.227789235373e-010
   3.648606480562e-010              5.971440090558e-010
   3.663683366845e-010              5.939153964242e-010
   3.678760253129e-010              6.184479523640e-010
   3.693837139412e-010              6.315478608755e-010
   3.708914025695e-010              6.341943587278e-010
   3.723990911979e-010              6.415249112252e-010
   3.739067798262e-010              6.540955821923e-010
   3.754144684545e-010              6.600500860612e-010
   3.769221570829e-010              6.871497464684e-010
   3.784298457112e-010              6.821479632185e-010
   3.799375343395e-010              6.827037169130e-010
   3.814452229679e-010              6.733352974926e-010
   3.829529115962e-010              6.640726325420e-010
   3.844606002245e-010              6.706359224054e-010
   3.859682888529e-010              6.796867682861e-010
   3.874759774812e-010              6.741555924266e-010
   3.889836661095e-010              6.651047465459e-010
   3.904913547378e-010              5.957679604274e-010
   3.919990433662e-010              6.434039913784e-010
   3.935067319945e-010              6.583299477430e-010
   3.950144206228e-010              6.602617500659e-010
   3.965221092512e-010              6.464738172401e-010
   3.980297978795e-010              6.478235047838e-010
   3.995374865078e-010              6.023576113756e-010
   4.010451751362e-010              5.739611406596e-010
   4.025528637645e-010              6.353058661167e-010
   4.040605523928e-010              6.516343872598e-010
   4.055682410212e-010              6.491997084774e-010
   4.070759296495e-010              6.513433298702e-010
   4.085836182778e-010              6.424512707594e-010
   4.100913069062e-010              6.420543038348e-010
   4.115989955345e-010              6.295365101025e-010
   4.131066841628e-010              6.392490192126e-010
   4.146143727912e-010              6.310715005660e-010
   4.161220614195e-010              6.510257563305e-010
   4.176297500478e-010              6.526136240289e-010
   4.191374386761e-010              6.596531191366e-010
   4.206451273045e-010              6.783899579773e-010
   4.221528159328e-010              6.789191955217e-010
   4.236605045611e-010              6.921515297182e-010
   4.251681931895e-010              7.089298950209e-010
   4.266758818178e-010              7.092474685605e-010
   4.281835704461e-010              7.236441873808e-010
   4.296912590745e-010              7.127938097970e-010
   4.311989477028e-010              7.393905937447e-010
   4.327066363311e-010              7.536814030300e-010
   4.342143249595e-010              7.568571384267e-010
   4.357220135878e-010              7.795636465134e-010
   4.372297022161e-010              7.789284994340e-010
   4.387373908445e-010              7.767054846563e-010
   4.402450794728e-010              8.001000170572e-010
   4.417527681011e-010              7.887467630138e-010
   4.432604567294e-010              7.709097675573e-010
   4.447681453578e-010              7.599798415234e-010
   4.462758339861e-010              7.631292158353e-010
   4.477835226144e-010              7.672576718510e-010
   4.492912112428e-010              7.672840329358e-010
   4.507988998711e-010              7.653522306130e-010
   4.523065884994e-010              7.572275892013e-010
   4.538142771278e-010              6.865674766239e-010
   4.553219657561e-010              6.655017134705e-010
   4.568296543844e-010              6.782311712075e-010
   4.583373430128e-010              7.457420645381e-010
   4.598450316411e-010              6.710063731799e-010
   4.613527202694e-010              6.653429267007e-010
   4.628604088978e-010              6.782576873575e-010
   4.643680975261e-010              6.801894896804e-010
   4.658757861544e-010              7.196216409000e-010
   4.673834747828e-010              7.805957605173e-010
   4.688911634111e-010              7.837978569989e-010
   4.703988520394e-010              7.877940423948e-010
   4.719065406677e-010              7.873176820853e-010
   4.734142292961e-010              7.866031416211e-010
   4.749219179244e-010              8.002588038270e-010
   4.764296065527e-010              8.107652467863e-010
   4.779372951811e-010              8.411729132100e-010
   4.794449838094e-010              8.538228224969e-010
   4.809526724377e-010              8.571573446634e-010
   4.824603610661e-010              8.075629952395e-010
   4.839680496944e-010              8.113473615655e-010
   4.854757383227e-010              8.790170416660e-010
   4.869834269511e-010              9.063018499279e-010
   4.884911155794e-010              9.241653615345e-010
   4.899988042077e-010              8.643557816062e-010
   4.915064928361e-010              8.438722882972e-010
   4.930141814644e-010              8.434488052226e-010
   4.945218700927e-010              8.958749554188e-010
   4.960295587210e-010              9.692873203182e-010
   4.975372473494e-010              9.769619625052e-010
   4.990449359777e-010              9.013794600630e-010
   5.005526246060e-010              8.927786134069e-010
   5.020603132344e-010              9.383767774349e-010
   5.035680018627e-010              9.357567957326e-010
   5.050756904910e-010              9.382445068151e-010
   5.065833791194e-010              9.303051683233e-010
   5.080910677477e-010              9.309137992526e-010
   5.095987563760e-010              9.272353424615e-010
   5.111064450044e-010              9.163848098125e-010
   5.126141336327e-010              9.172846531967e-010
   5.141218222610e-010              9.134472545705e-010
   5.156295108894e-010              9.072545705469e-010
   5.171371995177e-010              9.137384670254e-010
   5.186448881460e-010              9.015382468328e-010
   5.201525767744e-010              9.033642946859e-010
   5.216602654027e-010              9.178404068911e-010
   5.231679540310e-010              9.362596721922e-010
   5.246756426593e-010              9.629887267596e-010
   5.261833312877e-010              1.011048240785e-009
   5.276910199160e-010              1.006681604615e-009
   5.291987085443e-010              9.716162446309e-010
   5.307063971727e-010              9.512650219417e-010
   5.322140858010e-010              1.011709904015e-009
   5.337217744293e-010              1.059266541581e-009
   5.352294630577e-010              1.123813363519e-009
   5.367371516860e-010              1.095072958179e-009
   5.382448403143e-010              1.091209043403e-009
   5.397525289427e-010              1.051909317868e-009
   5.412602175710e-010              1.103435624680e-009
   5.427679061993e-010              1.123839724604e-009
   5.442755948277e-010              1.181320535285e-009
   5.457832834560e-010              1.208949433237e-009
   5.472909720843e-010              1.193520755478e-009
   5.487986607126e-010              1.201433577819e-009
   5.503063493410e-010              1.201301307200e-009
   5.518140379693e-010              1.209425793546e-009
   5.533217265976e-010              1.198178449038e-009
   5.548294152260e-010              1.180500240351e-009
   5.563371038543e-010              1.240468607049e-009
   5.578447924826e-010              1.233614414861e-009
   5.593524811110e-010              1.236525453953e-009
   5.608601697393e-010              1.231788367008e-009
   5.623678583676e-010              1.184602180217e-009
   5.638755469960e-010              1.127677123230e-009
   5.653832356243e-010              1.183093705903e-009
   5.668909242526e-010              1.180897207276e-009
   5.683986128810e-010              1.178647676348e-009
   5.699063015093e-010              1.195161500411e-009
   5.714139901376e-010              1.182432042674e-009
   5.729216787660e-010              1.190847741475e-009
   5.744293673943e-010              1.173248926173e-009
   5.759370560226e-010              1.177086324800e-009
   5.774447446509e-010              1.196987548264e-009
   5.789524332793e-010              1.212760315713e-009
   5.804601219076e-010              1.228189148537e-009
   5.819678105359e-010              1.243961915986e-009
   5.834754991643e-010              1.177562685109e-009
   5.849831877926e-010              1.277121989797e-009
   5.864908764209e-010              1.342991983129e-009
   5.879985650493e-010              1.362575633054e-009
   5.895062536776e-010              1.339207616803e-009
   5.910139423059e-010              1.396132673789e-009
   5.925216309343e-010              1.433473925786e-009
   5.940293195626e-010              1.438608134721e-009
   5.955370081909e-010              1.442286591512e-009
   5.970446968193e-010              1.479998449348e-009
   5.985523854476e-010              1.517392733644e-009
   6.000600740759e-010              1.509135821613e-009
   6.015677627043e-010              1.529116593528e-009
   6.030754513326e-010              1.546530105910e-009
   6.045831399609e-010              1.520991952116e-009
   6.060908285892e-010              1.466448696677e-009
   6.075985172176e-010              1.472217897626e-009
   6.091062058459e-010              1.466898540836e-009
   6.106138944742e-010              1.456048163253e-009
   6.121215831026e-010              1.444430212905e-009
   6.136292717309e-010              1.442604165051e-009
   6.151369603592e-010              1.456418614027e-009
   6.166446489876e-010              1.462928871591e-009
   6.181523376159e-010              1.550552807456e-009
   6.196600262442e-010              1.519536355037e-009
   6.211677148726e-010              1.504054644978e-009
   6.226754035009e-010              1.490875343082e-009
   6.241830921292e-010              1.480712989812e-009
   6.256907807576e-010              1.448717455690e-009
   6.271984693859e-010              1.452634247701e-009
   6.287061580142e-010              1.474388035169e-009
   6.302138466425e-010              1.442101443657e-009
   6.317215352709e-010              1.400022949650e-009
   6.332292238992e-010              1.458588751570e-009
   6.347369125275e-010              1.508050830374e-009
   6.362446011559e-010              1.514111243778e-009
   6.377522897842e-010              1.529275380297e-009
   6.392599784125e-010              1.543274977128e-009
   6.407676670409e-010              1.547403433144e-009
   6.422753556692e-010              1.591255097769e-009
   6.437830442975e-010              1.638467645645e-009
   6.452907329259e-010              1.695683915086e-009
   6.467984215542e-010              1.685521561817e-009
   6.483061101825e-010              1.683245514739e-009
   6.498137988109e-010              1.702405836654e-009
   6.513214874392e-010              1.690311525997e-009
   6.528291760675e-010              1.726170974895e-009
   6.543368646959e-010              1.763512226891e-009
   6.558445533242e-010              1.746919009443e-009
   6.573522419525e-010              1.746601435904e-009
   6.588599305808e-010              1.792940811611e-009
   6.603676192092e-010              1.930397121990e-009
   6.618753078375e-010              1.898216440013e-009
   6.633829964658e-010              1.870852083301e-009
   6.648906850942e-010              1.846637100901e-009
   6.663983737225e-010              1.827741475290e-009
   6.679060623508e-010              1.789209322520e-009
   6.694137509792e-010              1.786007070973e-009
   6.709214396075e-010              1.768990370451e-009
   6.724291282358e-010              1.761051031959e-009
   6.739368168642e-010              1.744352060041e-009
   6.754445054925e-010              1.762083145963e-009
   6.769521941208e-010              1.746813254974e-009
   6.784598827492e-010              1.744828420351e-009
   6.799675713775e-010              1.697245266635e-009
   6.814752600058e-010              1.686659430290e-009
   6.829829486341e-010              1.675041635008e-009
   6.844906372625e-010              1.647412737056e-009
   6.859983258908e-010              1.703173254353e-009
   6.875060145191e-010              1.747527795438e-009
   6.890137031475e-010              1.775976988324e-009
   6.905213917758e-010              1.824301198654e-009
   6.920290804041e-010              1.812418552001e-009
   6.935367690325e-010              1.820437283878e-009
   6.950444576608e-010              1.830784940067e-009
   6.965521462891e-010              1.866432569896e-009
   6.980598349175e-010              1.834066584999e-009
   6.995675235458e-010              1.835707329932e-009
   7.010752121741e-010              1.902133076959e-009
   7.025829008025e-010              1.862489416800e-009
   7.040905894308e-010              1.882840484424e-009
   7.055982780591e-010              1.936616322163e-009
   7.071059666875e-010              1.970728961528e-009
   7.086136553158e-010              1.999072399944e-009
   7.101213439441e-010              1.992456387911e-009
   7.116290325724e-010              2.034587759153e-009
   7.131367212008e-010              2.015268650468e-009
   7.146444098291e-010              2.026939478051e-009
   7.161520984574e-010              2.046973127200e-009
   7.176597870858e-010              2.075660655306e-009
   7.191674757141e-010              2.016538944626e-009
   7.206751643424e-010              1.977794972786e-009
   7.221828529708e-010              1.973957729225e-009
   7.236905415991e-010              1.950457287289e-009
   7.251982302274e-010              1.903906247577e-009
   7.267059188558e-010              1.876462652545e-009
   7.282136074841e-010              1.845578625812e-009
   7.297212961124e-010              1.808634185675e-009
   7.312289847408e-010              1.731860782459e-009
   7.327366733691e-010              1.737894679713e-009
   7.342443619974e-010              1.782540278187e-009
   7.357520506257e-010              1.767323109367e-009
   7.372597392541e-010              1.748771573447e-009
   7.387674278824e-010              1.769969607220e-009
   7.402751165107e-010              1.739085580487e-009
   7.417828051391e-010              1.731860782459e-009
   7.432904937674e-010              1.747951123447e-009
   7.447981823957e-010              1.745172354975e-009
   7.463058710241e-010              1.745860534355e-009
   7.478135596524e-010              1.834145978384e-009
   7.493212482807e-010              1.836527779931e-009
   7.508289369091e-010              1.851003737071e-009
   7.523366255374e-010              1.868999674363e-009
   7.538443141657e-010              1.907955310208e-009
   7.553520027941e-010              1.913698150072e-009
   7.568596914224e-010              1.852194637845e-009
   7.583673800507e-010              1.836977624091e-009
   7.598750686791e-010              1.890753461831e-009
   7.613827573074e-010              1.889721347827e-009
   7.628904459357e-010              1.992932748221e-009
   7.643981345640e-010              2.018100451240e-009
   7.659058231924e-010              2.014236536464e-009
   7.674135118207e-010              2.032153080370e-009
   7.689212004490e-010              2.052133697220e-009
   7.704288890774e-010              2.054700801687e-009
   7.719365777057e-010              2.101278202484e-009
   7.734442663340e-010              2.030194606832e-009
   7.749519549624e-010              1.998119679325e-009
   7.764596435907e-010              1.956729364698e-009
   7.779673322190e-010              1.949530927755e-009
   7.794750208474e-010              1.922828389338e-009
   7.809827094757e-010              1.894352525237e-009
   7.824903981040e-010              1.869343608988e-009
   7.839980867324e-010              1.823771806044e-009
   7.855057753607e-010              1.792279148382e-009
   7.870134639890e-010              1.737788770178e-009
   7.885211526173e-010              1.730061250756e-009
   7.900288412457e-010              1.731410938300e-009
   7.915365298740e-010              1.666837600211e-009
   7.930442185023e-010              1.635927057328e-009
   7.945519071307e-010              1.637620834561e-009
   7.960595957590e-010              1.639923242724e-009
   7.975672843873e-010              1.633068895471e-009
   7.990749730157e-010              1.650403169533e-009
   8.005826616440e-010              1.684092480888e-009
   8.020903502723e-010              1.718284513638e-009
   8.035980389007e-010              1.721142675495e-009
   8.051057275290e-010              1.738423917257e-009
   8.066134161573e-010              1.752291398533e-009
   8.081211047857e-010              1.770049000605e-009
   8.096287934140e-010              1.794660949929e-009
   8.111364820423e-010              1.744510846811e-009
   8.126441706707e-010              1.797836685326e-009
   8.141518592990e-010              1.841000170572e-009
   8.156595479273e-010              1.821919397106e-009
   8.171672365556e-010              1.808475398905e-009
   8.186749251840e-010              1.810989471073e-009
   8.201826138123e-010              1.807072834127e-009
   8.216903024406e-010              1.768567042441e-009
   8.231979910690e-010              1.814694599079e-009
   8.247056796973e-010              1.843329094884e-009
   8.262133683256e-010              1.885831071966e-009
   8.277210569540e-010              1.828456015755e-009
   8.292287455823e-010              1.764544340895e-009
   8.307364342106e-010              1.762665415807e-009
   8.322441228390e-010              1.768249468902e-009
   8.337518114673e-010              1.725350524896e-009
   8.352595000956e-010              1.695339825397e-009
   8.367671887240e-010              1.670278031912e-009
   8.382748773523e-010              1.642225650886e-009
   8.397825659806e-010              1.615602350789e-009
   8.412902546090e-010              1.597580052412e-009
   8.427979432373e-010              1.601787901813e-009
   8.443056318656e-010              1.586464978523e-009
   8.458133204939e-010              1.542137108654e-009
   8.473210091223e-010              1.527581603064e-009
   8.488286977506e-010              1.519562871187e-009
   8.503363863789e-010              1.501302392656e-009
   8.518440750073e-010              1.496988633720e-009
   8.533517636356e-010              1.523347237513e-009
   8.548594522639e-010              1.508818248073e-009
   8.563671408923e-010              1.496856363101e-009
   8.578748295206e-010              1.494315774783e-009
   8.593825181489e-010              1.503075563274e-009
   8.608902067773e-010              1.520039231497e-009
   8.623978954056e-010              1.522182852890e-009
   8.639055840339e-010              1.531445362775e-009
   8.654132726623e-010              1.528587200918e-009
   8.669209612906e-010              1.512708523934e-009
   8.684286499189e-010              1.520753771961e-009
   8.699363385472e-010              1.529116593528e-009
   8.714440271756e-010              1.543804369737e-009
   8.729517158039e-010              1.550261595001e-009
   8.744594044322e-010              1.551690675929e-009
   8.759670930606e-010              1.526708275830e-009
   8.774747816889e-010              1.492357456310e-009
   8.789824703172e-010              1.481745103816e-009
   8.804901589456e-010              1.481162989037e-009
   8.819978475739e-010              1.470471243158e-009
   8.835055362022e-010              1.459964955264e-009
   8.850132248306e-010              1.451972584472e-009
   8.865209134589e-010              1.343680007443e-009
   8.880286020872e-010              1.389119539766e-009
   8.895362907156e-010              1.400790367349e-009
   8.910439793439e-010              1.385943804370e-009
   8.925516679722e-010              1.346855742840e-009
   8.940593566006e-010              1.315601265332e-009
   8.955670452289e-010              1.281171052428e-009
   8.970747338572e-010              1.241871326893e-009
   8.985824224855e-010              1.273549287475e-009
   9.000901111139e-010              1.209505186931e-009
   9.015977997422e-010              1.181161748515e-009
   9.031054883705e-010              1.157926002884e-009
   9.046131769989e-010              1.158905239653e-009
   9.061208656272e-010              1.178938733738e-009
   9.076285542555e-010              1.180288421281e-009
   9.091362428839e-010              1.160837041976e-009
   9.106439315122e-010              1.160651894121e-009
   9.121516201405e-010              1.154512087333e-009
   9.136593087689e-010              1.164171564143e-009
   9.151669973972e-010              1.126697886461e-009
   9.166746860255e-010              1.175022096792e-009
   9.181823746539e-010              1.179282823427e-009
   9.196900632822e-010              1.197357999039e-009
   9.211977519105e-010              1.210510939850e-009
   9.227054405388e-010              1.204159469057e-009
   9.242131291672e-010              1.207996712618e-009
   9.257208177955e-010              1.183755369133e-009
   9.272285064238e-010              1.096634309727e-009
   9.287361950522e-010              1.084857572609e-009
   9.302438836805e-010              1.083190311526e-009
   9.317515723088e-010              1.085466358604e-009
   9.332592609372e-010              1.072075237637e-009
   9.347669495655e-010              1.048866008156e-009
   9.362746381938e-010              1.041667571214e-009
   9.377823268222e-010              1.006602211230e-009
   9.392900154505e-010              9.851925134519e-010
   9.407977040788e-010              9.806405743615e-010
   9.423053927072e-010              9.805346648266e-010
   9.438130813355e-010              1.019278636667e-009
   9.453207699638e-010              9.226568872211e-010
   9.468284585922e-010              1.028620695002e-009
   9.483361472205e-010              1.014356246802e-009
   9.498438358488e-010              1.005173130301e-009
   9.513515244771e-010              9.903794445564e-010
   9.528592131055e-010              9.712721549412e-010
   9.543669017338e-010              9.634650870691e-010
   9.558745903621e-010              8.791758284359e-010
   9.573822789905e-010              8.235475817581e-010
   9.588899676188e-010              8.220125912946e-010
   9.603976562471e-010              8.160846035758e-010
   9.619053448755e-010              8.028259082944e-010
   9.634130335038e-010              8.002322876770e-010
   9.649207221321e-010              7.840625533037e-010
   9.664284107605e-010              7.861002651615e-010
   9.679360993888e-010              8.847862426150e-010
   9.694437880171e-010              8.512822341795e-010
   9.709514766455e-010              8.151582440416e-010
   9.724591652738e-010              8.864535036983e-010
   9.739668539021e-010              8.160580874258e-010
   9.754745425304e-010              7.827922591450e-010
   9.769822311588e-010              8.138615887981e-010
   9.784899197871e-010              9.033908108360e-010
   9.799976084154e-010              8.788847710462e-010
   9.815052970438e-010              8.097594938672e-010
   9.830129856721e-010              7.973212485850e-010
   9.845206743004e-010              7.926370388748e-010
   9.860283629288e-010              7.932987021042e-010
   9.875360515571e-010              7.750117074230e-010
   9.890437401854e-010              7.897788770178e-010
   9.905514288138e-010              7.705128006327e-010
   9.920591174421e-010              7.643729938439e-010
   9.935668060704e-010              7.641348136892e-010
   9.950744946988e-010              7.458214579231e-010
   9.965821833271e-010              7.227973762967e-010
   9.980898719554e-010              7.182189210563e-010
   9.995975605838e-010              7.099620090248e-010
   1.001105249212e-009              6.901401789452e-010
   1.002612937840e-009              6.801894896804e-010
   1.004120626469e-009              6.972590674379e-010
   1.005628315097e-009              7.682897858550e-010
   1.007136003725e-009              7.013346462187e-010
   1.008643692354e-009              6.942421188110e-010
   1.010151380982e-009              6.869115663136e-010
   1.011659069610e-009              7.509820279427e-010
   1.013166758239e-009              7.425398129914e-010
   1.014674446867e-009              7.286194544806e-010
   1.016182135495e-009              7.262906852331e-010
   1.017689824124e-009              7.230355564515e-010
   1.019197512752e-009              7.229561630666e-010
   1.020705201380e-009              7.198861821396e-010
   1.022212890009e-009              7.224798027571e-010
   1.023720578637e-009              7.025784242274e-010
   1.025228267265e-009              6.812746359844e-010
   1.026735955894e-009              7.347063840345e-010
   1.028243644522e-009              7.277197661617e-010
   1.029751333150e-009              7.259994727783e-010
   1.031259021779e-009              7.470917520818e-010
   1.032766710407e-009              6.953801423499e-010
   1.034274399035e-009              6.625906743786e-010
   1.035782087664e-009              6.566890477446e-010
   1.037289776292e-009              6.522695343392e-010
   1.038797464920e-009              6.698948657911e-010
   1.040305153549e-009              7.347592612694e-010
   1.041812842177e-009              7.349709252741e-010
   1.043320530805e-009              7.266876521577e-010
   1.044828219434e-009              7.317423126425e-010
   1.046335908062e-009              7.172927165873e-010
   1.047843596690e-009              7.143816774954e-010
   1.049351285319e-009              7.165781761231e-010
   1.050858973947e-009              7.142757679604e-010
   1.052366662575e-009              7.084271736265e-010
   1.053874351204e-009              6.938187908015e-010
   1.055382039832e-009              6.834976507621e-010
   1.056889728460e-009              6.748437718060e-010
   1.058397417089e-009              6.599441765262e-010
   1.059905105717e-009              6.533016483431e-010
   1.061412794345e-009              6.469766936997e-010
   1.062920482974e-009              6.303040828668e-010
   1.064428171602e-009              5.587706430554e-010
   1.065935860230e-009              5.631107630759e-010
   1.067443548859e-009              5.479466265565e-010
   1.068951237487e-009              5.460940625533e-010
   1.070458926115e-009              5.485288964009e-010
   1.071966614744e-009              6.154575198871e-010
   1.073474303372e-009              6.126257191149e-010
   1.074981992000e-009              6.105880072571e-010
   1.076489680629e-009              6.183420428290e-010
   1.077997369257e-009              6.141341934283e-010
   1.079505057885e-009              5.848645505435e-010
   1.081012746514e-009              5.566798988975e-010
   1.082520435142e-009              5.624227387616e-010
   1.084028123770e-009              5.467028485478e-010
   1.085535812399e-009              5.559653584332e-010
   1.087043501027e-009              5.626344027664e-010
   1.088551189655e-009              5.726379692661e-010
   1.090058878284e-009              5.599615438292e-010
   1.091566566912e-009              5.631372792259e-010
   1.093074255540e-009              5.662336212377e-010
   1.094581944169e-009              6.303834762518e-010
   1.096089632797e-009              6.102704337174e-010
   1.097597321425e-009              6.154310037371e-010
   1.099105010054e-009              6.007961047621e-010
   1.100612698682e-009              6.203005163671e-010
   1.102120387310e-009              6.138696521887e-010
   1.103628075939e-009              6.034160864644e-010
   1.105135764567e-009              5.894693668688e-010
   1.106643453195e-009              5.863995410070e-010
   1.108151141824e-009              5.865318116268e-010
   1.109658830452e-009              5.963237141218e-010
   1.111166519080e-009              5.847322799237e-010
   1.112674207709e-009              5.780367194405e-010
   1.114181896337e-009              5.917982911814e-010
   1.115689584965e-009              5.568386856673e-010
   1.117197273594e-009              5.492434368652e-010
   1.118704962222e-009              5.461470948534e-010
   1.120212650850e-009              5.264575353936e-010
   1.121720339479e-009              5.289450914109e-010
   1.123228028107e-009              5.238904309262e-010
   1.124735716735e-009              5.185975902867e-010
   1.126243405364e-009              5.262193552389e-010
   1.127751093992e-009              5.288922141761e-010
   1.129258782620e-009              5.406689512940e-010
   1.130766471249e-009              5.336029400363e-010
   1.132274159877e-009              5.326765805021e-010
   1.133781848505e-009              5.566270216626e-010
   1.135289537134e-009              5.547215804246e-010
   1.136797225762e-009              5.579501930562e-010
   1.138304914390e-009              5.686683000202e-010
   1.139812603019e-009              5.357200452790e-010
   1.141320291647e-009              5.470732993224e-010
   1.142827980275e-009              5.381812402115e-010
   1.144335668904e-009              5.487934376405e-010
   1.145843357532e-009              5.242080044659e-010
   1.147351046160e-009              5.766341546620e-010
   1.148858734789e-009              5.811595776024e-010
   1.150366423417e-009              5.819535114516e-010
   1.151874112045e-009              5.864524182419e-010
   1.153381800674e-009              5.750197708136e-010
   1.154889489302e-009              5.946564530385e-010
   1.156397177930e-009              5.868228690164e-010
   1.157904866559e-009              5.751256803486e-010
   1.159412555187e-009              5.644339344694e-010
   1.160920243815e-009              5.795186776039e-010
   1.162427932444e-009              5.876168028656e-010
   1.163935621072e-009              5.815035122269e-010
   1.165443309700e-009              5.752050737335e-010
   1.166950998329e-009              5.685623904852e-010
   1.168458686957e-009              5.615757726124e-010
   1.169966375585e-009              5.544834002698e-010
   1.171474064214e-009              5.636136395354e-010
   1.172981752842e-009              5.380489695917e-010
   1.174489441470e-009              5.364874629782e-010
   1.175997130099e-009              5.360904960536e-010
   1.177504818727e-009              5.339468746608e-010
   1.179012507355e-009              5.189415249112e-010
   1.180520195984e-009              5.253989052397e-010
   1.182027884612e-009              5.295273612554e-010
   1.183535573240e-009              5.218262029183e-010
   1.185043261869e-009              5.291832715657e-010
   1.186550950497e-009              5.333647598815e-010
   1.188058639125e-009              5.242873978508e-010
   1.189566327754e-009              5.353759555893e-010
   1.191074016382e-009              5.336823334212e-010
   1.192581705010e-009              5.516515994976e-010
   1.194089393639e-009              5.419392454527e-010
   1.195597082267e-009              5.528955325714e-010
   1.197104770895e-009              5.569974724372e-010
   1.198612459524e-009              5.251872412349e-010
   1.200120148152e-009              5.290775170959e-010
   1.201627836780e-009              5.445327110050e-010
   1.203135525408e-009              5.829062320706e-010
   1.204643214037e-009              5.820063886864e-010
   1.206150902665e-009              6.070418210858e-010
   1.207658591293e-009              5.952122067329e-010
   1.209166279922e-009              5.777456620509e-010
   1.210673968550e-009              5.725850920312e-010
   1.212181657178e-009              5.539011304253e-010
   1.213689345807e-009              5.170097225883e-010
   1.215197034435e-009              5.463852750081e-010
   1.216704723063e-009              5.418598520678e-010
   1.218212411692e-009              5.607289615283e-010
   1.219720100320e-009              5.638518196902e-010
   1.221227788948e-009              5.555683915086e-010
   1.222735477577e-009              5.599879049140e-010
   1.224243166205e-009              5.320679495728e-010
   1.225750854833e-009              5.144161019709e-010
   1.227258543462e-009              5.299243281800e-010
   1.228766232090e-009              5.320150723379e-010
   1.230273920718e-009              5.100231047155e-010
   1.231781609347e-009              5.561770224379e-010
   1.233289297975e-009              5.488993471755e-010
   1.234796986603e-009              5.536100730357e-010
   1.236304675232e-009              5.384459365163e-010
   1.237812363860e-009              5.198678844454e-010
   1.239320052488e-009              5.197354587604e-010
   1.240827741117e-009              5.031687574625e-010
   1.242335429745e-009              4.984845477523e-010
   1.243843118373e-009              5.046772317760e-010
   1.245350807002e-009              5.115315790290e-010
   1.246858495630e-009              5.263781420087e-010
   1.248366184258e-009              5.603054784537e-010
   1.249873872887e-009              5.460411853184e-010
   1.251381561515e-009              5.580561025911e-010
   1.252889250143e-009              5.645398440044e-010
   1.254396938772e-009              5.672657352417e-010
   1.255904627400e-009              5.481054133263e-010
   1.257412316028e-009              5.490581339453e-010
   1.258920004657e-009              5.753373443533e-010
   1.260427693285e-009              5.796245871389e-010
   1.261935381913e-009              5.827738063856e-010
   1.263443070542e-009              5.921687419560e-010
   1.264950759170e-009              5.699120780288e-010
   1.266458447798e-009              5.532131061111e-010
   1.267966136427e-009              5.326502194173e-010
   1.269473825055e-009              5.343968738855e-010
   1.270981513683e-009              5.290244847959e-010
   1.272489202312e-009              5.485552574858e-010
   1.273996890940e-009              5.819535114516e-010
   1.275504579568e-009              5.761577943525e-010
   1.277012268197e-009              5.425743925321e-010
   1.278519956825e-009              5.468351191676e-010
   1.280027645453e-009              5.641693932299e-010
   1.281535334082e-009              5.563623253578e-010
   1.283043022710e-009              5.504606987238e-010
   1.284550711338e-009              5.503813053389e-010
   1.286058399967e-009              5.405895579091e-010
   1.287566088595e-009              5.334176371164e-010
   1.289073777223e-009              5.187827381414e-010
   1.290581465852e-009              5.294744840205e-010
   1.292089154480e-009              5.379430600568e-010
   1.293596843108e-009              5.286011567864e-010
   1.295104531737e-009              5.478672331715e-010
   1.296612220365e-009              5.548273348943e-010
   1.298119908993e-009              5.549067282792e-010
   1.299627597622e-009              5.487405604057e-010
   1.301135286250e-009              5.593792739847e-010
   1.302642974878e-009              5.561241452031e-010
   1.304150663507e-009              5.550920311991e-010
   1.305658352135e-009              5.676361860162e-010
   1.307166040763e-009              5.681125463257e-010
   1.308673729392e-009              5.702032904836e-010
   1.310181418020e-009              5.681919397106e-010
   1.311689106648e-009              5.545362775047e-010
   1.313196795277e-009              5.735378126502e-010
   1.314704483905e-009              5.810007908325e-010
   1.316212172533e-009              5.755226472732e-010
   1.317719861162e-009              5.701238970987e-010
   1.319227549790e-009              5.859760579324e-010
   1.320735238418e-009              5.855790910078e-010
   1.322242927047e-009              6.033632092295e-010
   1.323750615675e-009              5.923010125758e-010
   1.325258304303e-009              5.933861588798e-010
   1.326765992932e-009              5.636400006203e-010
   1.328273681560e-009              5.405895579091e-010
   1.329781370188e-009              5.664718013925e-010
   1.331289058817e-009              5.607289615283e-010
   1.332796747445e-009              5.453266448542e-010
   1.334304436073e-009              5.458295213137e-010
   1.335812124702e-009              5.377577571369e-010
   1.337319813330e-009              5.304006884895e-010
   1.338827501958e-009              5.316444664982e-010
   1.340335190587e-009              5.429713594567e-010
   1.341842879215e-009              5.281511575618e-010
   1.343350567843e-009              5.264310192436e-010
   1.344858256472e-009              5.199736389152e-010
   1.346365945100e-009              5.246578486253e-010
   1.347873633728e-009              5.252929957047e-010
   1.349381322357e-009              5.265898060134e-010
   1.350889010985e-009              5.104994650250e-010
   1.352396699613e-009              5.280454030920e-010
   1.353904388242e-009              5.326502194173e-010
   1.355412076870e-009              5.180681976771e-010
   1.356919765498e-009              5.257958721642e-010
   1.358427454127e-009              5.385253299012e-010
   1.359935142755e-009              5.433946874661e-010
   1.361442831383e-009              5.458030051637e-010
   1.362950520012e-009              5.521015987223e-010
   1.364458208640e-009              5.599615438292e-010
   1.365965897268e-009              5.608083549132e-010
   1.367473585897e-009              5.509370590333e-010
   1.368981274525e-009              5.557006621284e-010
   1.370488963153e-009              5.419656065375e-010
   1.371996651782e-009              5.568652018174e-010
   1.373504340410e-009              5.559918745833e-010
   1.375012029038e-009              5.276747972522e-010
   1.376519717667e-009              5.873257454760e-010
   1.378027406295e-009              5.759724914326e-010
   1.379535094923e-009              5.833295600800e-010
   1.381042783552e-009              5.675567926313e-010
   1.382550472180e-009              5.541127944301e-010
   1.384058160808e-009              5.529218936563e-010
   1.385565849437e-009              5.570768658221e-010
   1.387073538065e-009              5.341586937307e-010
   1.388581226693e-009              5.238904309262e-010
   1.390088915322e-009              5.203706058398e-010
   1.391596603950e-009              5.424156057622e-010
   1.393104292578e-009              5.314856797283e-010
   1.394611981207e-009              5.337617268061e-010
   1.396119669835e-009              5.185710741367e-010
   1.397627358463e-009              5.177242630526e-010
   1.399135047092e-009              5.267751089333e-010
   1.400642735720e-009              5.263781420087e-010
   1.402150424348e-009              5.279923707919e-010
   1.403658112977e-009              5.276747972522e-010
   1.405165801605e-009              5.037773883918e-010
   1.406673490233e-009              5.201854579851e-010
   1.408181178862e-009              5.087262944068e-010
   1.409688867490e-009              5.205824249097e-010
   1.411196556118e-009              5.346350540402e-010
   1.412704244747e-009              5.135958070369e-010
   1.414211933375e-009              5.256636015444e-010
   1.415719622003e-009              5.210057529191e-010
   1.417227310632e-009              5.220115058382e-010
   1.418734999260e-009              5.258487493991e-010
   1.420242687888e-009              5.695416272543e-010
   1.421750376517e-009              5.867699917815e-010
   1.423258065145e-009              5.817153312968e-010
   1.424765753773e-009              5.453266448542e-010
   1.426273442402e-009              5.419656065375e-010
   1.427781131030e-009              5.438181705407e-010
   1.429288819658e-009              5.351114143497e-010
   1.430796508287e-009              5.375989703670e-010
   1.432304196915e-009              5.405365256090e-010
   1.433811885543e-009              5.471792088573e-010
   1.435319574172e-009              5.455119477740e-010
   1.436827262800e-009              5.567327761324e-010
   1.438334951428e-009              5.566533827474e-010
   1.439842640057e-009              5.305859914094e-010
   1.441350328685e-009              5.453795220890e-010
   1.442858017313e-009              5.603054784537e-010
   1.444365705942e-009              5.244727007707e-010
   1.445873394570e-009              5.533718928810e-010
   1.447381083198e-009              5.474702662470e-010
   1.448888771827e-009              5.291832715657e-010
   1.450396460455e-009              5.217468095334e-010
   1.451904149083e-009              5.252401184698e-010
   1.453411837712e-009              5.206881793794e-010
   1.454919526340e-009              5.197354587604e-010
   1.456427214968e-009              4.910744468049e-010
   1.457934903597e-009              4.936680674224e-010
   1.459442592225e-009              5.030099706927e-010
   1.460950280853e-009              4.959174432849e-010
   1.462457969482e-009              5.075619097831e-010
   1.463965658110e-009              4.931123137279e-010
   1.465473346738e-009              5.076676642528e-010
   1.466981035367e-009              5.006016529951e-010
   1.468488723995e-009              5.167185101335e-010
   1.469996412623e-009              5.472849633271e-010
   1.471504101251e-009              5.494022236350e-010
   1.473011789880e-009              5.584000372156e-010
   1.474519478508e-009              5.685095132503e-010
   1.476027167136e-009              5.672657352417e-010
   1.477534855765e-009              5.801803408333e-010
   1.479042544393e-009              5.646986307742e-010
   1.480550233021e-009              5.470467831723e-010
   1.482057921650e-009              5.726644854161e-010
   1.483565610278e-009              5.751785575835e-010
   1.485073298906e-009              5.618139527671e-010
   1.486580987535e-009              5.765017289770e-010
   1.488088676163e-009              5.830385026904e-010
   1.489596364791e-009              5.520222053373e-010
   1.491104053420e-009              5.295273612554e-010
   1.492611742048e-009              5.548009738095e-010
   1.494119430676e-009              5.529749259564e-010
   1.495627119305e-009              5.531600738110e-010
   1.497134807933e-009              5.422303028423e-010
   1.498642496561e-009              5.453531610042e-010
   1.500150185190e-009              5.424156057622e-010
   1.501657873818e-009              5.392398703655e-010
   1.503165562446e-009              5.081440245623e-010
   1.504673251075e-009              5.143632247360e-010
   1.506180939703e-009              5.296332707904e-010
