# Atom Manipulation               
# 
# Sample                          Ag(111)
# Data set                        -
# Creation Comment                
# Gap voltage                     -1.000e-003 V
# Gap voltage range in Volt       -10;10
# Feedback loop enabled           No
# Regulator setpoint              1.000e-009 A
# Pre-amplifier range             0;3.33e-007
# Loop gain                       7.000e+000 %
# Z-axis offset                   -4.000e-010 m
# Parameter mode                  V before Z
# Raster time                     1.000e-003 seconds
# Channel name and data unit      I(r) [A]
# Manipulation vector: start      -8.853e+000, -1.236e+001 [nm]
#                      end        -9.672e+000, -1.825e+001 [nm]
# 
# 
#             Position                            I(r)
# --------------------             -------------------
   0.000000000000e+000             -5.21606599575e-009
   5.945677589644e-012             -5.26616322163e-009
   1.189135517929e-011             -5.19989610631e-009
   1.783703276893e-011             -5.26129370900e-009
   2.378271035858e-011             -5.30840050241e-009
   2.972838794822e-011             -5.28550869140e-009
   3.567406553787e-011             -5.30593930748e-009
   4.161974312751e-011             -5.33340941866e-009
   4.756542071716e-011             -5.32954550388e-009
   5.351109830680e-011             -5.39033447565e-009
   5.945677589644e-011             -5.38162756439e-009
   6.540245348609e-011             -5.19158631705e-009
   7.134813107573e-011             -5.05397106483e-009
   7.729380866538e-011             -4.93694521546e-009
   8.323948625502e-011             -4.81909907116e-009
   8.918516384467e-011             -4.94583727457e-009
   9.513084143431e-011             -4.95988990370e-009
   1.010765190240e-010             -4.97735644839e-009
   1.070221966136e-010             -4.86228907256e-009
   1.129678742032e-010             -4.79893315139e-009
   1.189135517929e-010             -4.79371954907e-009
   1.248592293825e-010             -4.88025833863e-009
   1.308049069722e-010             -4.91513855076e-009
   1.367505845618e-010             -4.87200142660e-009
   1.426962621515e-010             -4.83450138783e-009
   1.486419397411e-010             -4.76317961203e-009
   1.545876173308e-010             -4.79305804091e-009
   1.605332949204e-010             -4.84421374188e-009
   1.664789725100e-010             -5.03867465769e-009
   1.724246500997e-010             -5.15895563584e-009
   1.783703276893e-010             -5.08482873048e-009
   1.843160052790e-010             -5.05394470375e-009
   1.902616828686e-010             -5.01377165098e-009
   1.962073604583e-010             -4.99490238645e-009
   2.021530380479e-010             -5.13603746375e-009
   2.080987156376e-010             -5.25671540883e-009
   2.140443932272e-010             -5.24986106158e-009
   2.199900708168e-010             -5.23070073966e-009
   2.259357484065e-010             -5.22260261440e-009
   2.318814259961e-010             -5.32536417063e-009
   2.378271035858e-010             -5.31184077905e-009
   2.437727811754e-010             -5.36283784832e-009
   2.497184587651e-010             -5.40459876878e-009
   2.556641363547e-010             -5.34653568826e-009
   2.616098139444e-010             -5.23760796415e-009
   2.675554915340e-010             -5.17435795252e-009
   2.735011691236e-010             -5.20360123432e-009
   2.794468467133e-010             -5.34611236025e-009
   2.853925243029e-010             -5.26891547396e-009
   2.913382018926e-010             -5.29551225790e-009
   2.972838794822e-010             -5.27566391167e-009
   3.032295570719e-010             -5.17703081146e-009
   3.091752346615e-010             -4.91434461691e-009
   3.151209122512e-010             -4.93633658453e-009
   3.210665898408e-010             -4.91222751167e-009
   3.270122674304e-010             -4.90283257610e-009
   3.329579450201e-010             -4.80443765603e-009
   3.389036226097e-010             -4.72964908744e-009
   3.448493001994e-010             -4.72028066802e-009
   3.507949777890e-010             -4.74735381228e-009
   3.567406553787e-010             -4.74441625704e-009
   3.626863329683e-010             -4.83106095613e-009
   3.686320105580e-010             -4.88311650049e-009
   3.745776881476e-010             -4.82013118516e-009
   3.805233657372e-010             -4.73809130239e-009
   3.864690433269e-010             -4.73316891253e-009
   3.924147209165e-010             -4.91212160213e-009
   3.983603985062e-010             -5.23273860658e-009
   4.043060760958e-010             -5.37069779342e-009
   4.102517536855e-010             -5.29440075052e-009
   4.161974312751e-010             -5.32816945526e-009
   4.221431088648e-010             -5.29188667835e-009
   4.280887864544e-010             -5.25425421390e-009
   4.340344640440e-010             -5.41941881561e-009
   4.399801416337e-010             -5.55983935245e-009
   4.459258192233e-010             -5.50548124486e-009
   4.518714968130e-010             -5.41084433004e-009
   4.578171744026e-010             -5.33018065096e-009
   4.637628519923e-010             -5.35857712168e-009
   4.697085295819e-010             -5.44966769527e-009
   4.756542071716e-010             -5.45842748376e-009
   4.815998847612e-010             -5.44257532292e-009
   4.875455623508e-010             -5.35868287615e-009
   4.934912399405e-010             -5.37630820760e-009
   4.994369175301e-010             -5.22524911225e-009
   5.053825951198e-010             -5.24001628185e-009
   5.113282727094e-010             -5.19828187753e-009
   5.172739502991e-010             -5.37368822590e-009
   5.232196278887e-010             -5.31199956582e-009
   5.291653054784e-010             -5.23469692506e-009
   5.351109830680e-010             -5.10957295043e-009
   5.410566606576e-010             -5.06881762781e-009
   5.470023382473e-010             -4.92839724604e-009
   5.529480158369e-010             -4.78644187381e-009
   5.588936934266e-010             -4.91574718169e-009
   5.648393710162e-010             -4.87671215246e-009
   5.707850486059e-010             -4.83921195863e-009
   5.767307261955e-010             -4.77085425421e-009
   5.826764037852e-010             -4.77471816899e-009
   5.886220813748e-010             -4.74587185411e-009
   5.945677589644e-010             -4.83370745398e-009
   6.005134365541e-010             -4.98137914993e-009
   6.064591141437e-010             -4.99138271643e-009
   6.124047917334e-010             -4.96883499512e-009
   6.183504693230e-010             -4.84524585588e-009
   6.242961469127e-010             -4.92366015910e-009
   6.302418245023e-010             -5.14635860379e-009
   6.361875020920e-010             -5.45699840283e-009
   6.421331796816e-010             -5.45784521391e-009
   6.480788572712e-010             -5.51180635457e-009
   6.540245348609e-010             -5.36847477864e-009
   6.599702124505e-010             -5.39459520228e-009
   6.659158900402e-010             -5.42270046054e-009
   6.718615676298e-010             -5.38816433810e-009
   6.778072452195e-010             -5.31784831522e-009
   6.837529228091e-010             -5.36413465862e-009
   6.896986003988e-010             -5.28685837895e-009
   6.956442779884e-010             -5.13926607639e-009
   7.015899555780e-010             -5.27566391167e-009
   7.075356331677e-010             -5.25737691699e-009
   7.134813107573e-010             -5.29717951899e-009
   7.194269883470e-010             -5.29032517173e-009
   7.253726659366e-010             -5.13090325482e-009
   7.313183435263e-010             -5.10560328118e-009
   7.372640211159e-010             -5.00591170587e-009
   7.432096987056e-010             -5.01541239591e-009
   7.491553762952e-010             -5.08713113864e-009
   7.551010538848e-010             -5.13442307991e-009
   7.610467314745e-010             -5.12561041418e-009
   7.669924090641e-010             -5.12185240894e-009
   7.729380866538e-010             -5.01684147684e-009
   7.788837642434e-010             -4.88573648219e-009
   7.848294418331e-010             -4.92921769604e-009
   7.907751194227e-010             -4.80803687451e-009
   7.967207970124e-010             -4.76553489742e-009
   8.026664746020e-010             -4.87851168416e-009
   8.086121521916e-010             -4.74706275489e-009
   8.145578297813e-010             -4.74010265317e-009
   8.205035073709e-010             -4.87337763029e-009
   8.264491849606e-010             -5.01366574144e-009
   8.323948625502e-010             -5.06037556793e-009
   8.383405401399e-010             -5.04113585263e-009
   8.442862177295e-010             -5.10134255454e-009
   8.502318953192e-010             -5.10308920901e-009
   8.561775729088e-010             -5.09904014638e-009
   8.621232504984e-010             -5.16821814573e-009
   8.680689280881e-010             -5.28839336941e-009
   8.740146056777e-010             -5.49306951573e-009
   8.799602832674e-010             -5.55814557521e-009
   8.859059608570e-010             -5.45543705128e-009
   8.918516384467e-010             -5.50579881840e-009
   8.977973160363e-010             -5.50775729194e-009
   9.037429936260e-010             -5.41081796896e-009
   9.096886712156e-010             -5.44008761184e-009
   9.156343488052e-010             -5.34335995286e-009
   9.215800263949e-010             -5.30601870086e-009
   9.275257039845e-010             -5.29043108127e-009
   9.334713815742e-010             -5.23808432446e-009
   9.394170591638e-010             -5.43471537782e-009
   9.453627367535e-010             -5.35701561507e-009
   9.513084143431e-010             -5.31954193738e-009
   9.572540919328e-010             -5.08130890539e-009
   9.631997695224e-010             -5.16681558095e-009
   9.691454471120e-010             -5.02247840717e-009
   9.750911247017e-010             -4.98497821334e-009
   9.810368022913e-010             -4.86718494627e-009
   9.869824798810e-010             -4.96674425096e-009
   9.929281574706e-010             -5.06455690118e-009
   9.988738350603e-010             -5.10772038642e-009
   1.004819512650e-009             -5.01221014437e-009
   1.010765190240e-009             -4.97071392020e-009
   1.016710867829e-009             -4.83743894308e-009
   1.022656545419e-009             -4.81954891532e-009
   1.028602223008e-009             -4.78509218626e-009
   1.034547900598e-009             -4.84807765665e-009
   1.040493578188e-009             -4.89079129774e-009
   1.046439255777e-009             -4.95147420490e-009
   1.052384933367e-009             -4.89174401836e-009
   1.058330610957e-009             -5.03594876646e-009
   1.064276288546e-009             -4.99672843431e-009
   1.070221966136e-009             -5.09350897052e-009
   1.076167643726e-009             -5.19333297151e-009
   1.082113321315e-009             -5.11804152646e-009
   1.088058998905e-009             -5.21699220022e-009
   1.094004676495e-009             -5.10290390609e-009
   1.099950354084e-009             -5.09178883220e-009
   1.105896031674e-009             -5.29590922483e-009
   1.111841709264e-009             -5.37429701189e-009
   1.117787386853e-009             -5.38734388810e-009
   1.123733064443e-009             -5.49269890989e-009
   1.129678742032e-009             -5.45170556219e-009
   1.135624419622e-009             -5.39663291414e-009
   1.141570097212e-009             -5.26645427902e-009
   1.147515774801e-009             -5.23078013305e-009
   1.153461452391e-009             -5.12296391633e-009
   1.159407129981e-009             -5.25856781777e-009
   1.165352807570e-009             -5.06614476888e-009
   1.171298485160e-009             -5.03515483261e-009
   1.177244162750e-009             -5.04595233296e-009
   1.183189840339e-009             -5.03428150537e-009
   1.189135517929e-009             -4.91677929569e-009
   1.195081195519e-009             -4.90915753074e-009
   1.201026873108e-009             -4.94962179597e-009
   1.206972550698e-009             -4.91545612430e-009
   1.212918228287e-009             -4.85657274884e-009
   1.218863905877e-009             -4.78792383197e-009
   1.224809583467e-009             -4.81939012855e-009
   1.230755261056e-009             -4.98553396703e-009
   1.236700938646e-009             -5.01655041945e-009
   1.242646616236e-009             -5.12584859433e-009
   1.248592293825e-009             -5.24382716432e-009
   1.254537971415e-009             -5.08837491665e-009
   1.260483649005e-009             -4.98632790088e-009
   1.266429326594e-009             -5.03211152290e-009
   1.272375004184e-009             -4.97889143885e-009
   1.278320681774e-009             -5.05751740607e-009
   1.284266359363e-009             -5.19616461722e-009
   1.290212036953e-009             -5.08485509157e-009
   1.296157714542e-009             -5.19195676782e-009
   1.302103392132e-009             -5.12889205911e-009
   1.308049069722e-009             -5.02560126533e-009
   1.313994747311e-009             -5.08085906124e-009
   1.319940424901e-009             -5.09663182868e-009
   1.325886102491e-009             -5.05923754439e-009
   1.331831780080e-009             -5.05386531036e-009
   1.337777457670e-009             -4.97857386531e-009
   1.343723135260e-009             -5.03663694584e-009
   1.349668812849e-009             -5.08400828048e-009
   1.355614490439e-009             -5.27299105274e-009
   1.361560168029e-009             -5.18655801765e-009
   1.367505845618e-009             -5.16149622416e-009
   1.373451523208e-009             -5.02708322350e-009
   1.379397200798e-009             -5.08623129526e-009
   1.385342878387e-009             -4.91656763169e-009
   1.391288555977e-009             -4.93392826684e-009
   1.397234233566e-009             -4.88197863201e-009
   1.403179911156e-009             -4.87811471724e-009
   1.409125588746e-009             -4.84296996387e-009
   1.415071266335e-009             -4.96372730233e-009
   1.421016943925e-009             -4.88253438571e-009
   1.426962621515e-009             -4.86914326474e-009
   1.432908299104e-009             -4.78371598257e-009
   1.438853976694e-009             -4.77138364682e-009
   1.444799654284e-009             -4.84146148956e-009
   1.450745331873e-009             -4.82187783963e-009
   1.456691009463e-009             -4.72157747833e-009
   1.462636687053e-009             -4.93432523376e-009
   1.468582364642e-009             -5.06418645040e-009
   1.474528042232e-009             -5.14090682132e-009
   1.480473719821e-009             -5.22371412179e-009
   1.486419397411e-009             -5.26902138349e-009
   1.492365075001e-009             -5.09017444836e-009
   1.498310752590e-009             -5.02533656903e-009
   1.504256430180e-009             -5.15138674813e-009
   1.510202107770e-009             -5.11780334631e-009
   1.516147785359e-009             -5.13601094760e-009
   1.522093462949e-009             -5.14199196762e-009
   1.528039140539e-009             -5.14381801548e-009
   1.533984818128e-009             -5.18581711610e-009
   1.539930495718e-009             -5.25658298314e-009
   1.545876173308e-009             -5.22244382763e-009
   1.551821850897e-009             -5.25737691699e-009
   1.557767528487e-009             -5.17835413791e-009
   1.563713206076e-009             -4.97277814821e-009
   1.569658883666e-009             -4.94665772457e-009
   1.575604561256e-009             -5.05002791174e-009
   1.581550238845e-009             -5.11539518367e-009
   1.587495916435e-009             -5.29096031881e-009
   1.593441594025e-009             -5.30212842500e-009
   1.599387271614e-009             -5.13881623223e-009
   1.605332949204e-009             -5.04343826079e-009
   1.611278626794e-009             -4.90391756734e-009
   1.617224304383e-009             -4.78834731505e-009
   1.623169981973e-009             -4.76222689141e-009
   1.629115659563e-009             -4.78300144211e-009
   1.635061337152e-009             -4.78048736994e-009
   1.641007014742e-009             -4.64713299943e-009
   1.646952692332e-009             -4.68039882771e-009
   1.652898369921e-009             -4.74600412473e-009
   1.658844047511e-009             -4.70299942626e-009
   1.664789725100e-009             -4.71395571338e-009
   1.670735402690e-009             -4.79678953000e-009
   1.676681080280e-009             -4.75767495232e-009
   1.682626757869e-009             -4.77725875731e-009
   1.688572435459e-009             -4.68256881018e-009
   1.694518113049e-009             -4.79012048566e-009
   1.700463790638e-009             -4.93032920343e-009
   1.706409468228e-009             -5.10443889656e-009
   1.712355145818e-009             -5.18055063654e-009
   1.718300823407e-009             -5.27434074028e-009
   1.724246500997e-009             -5.31274062243e-009
   1.730192178587e-009             -5.18925739273e-009
   1.736137856176e-009             -4.97936779916e-009
   1.742083533766e-009             -4.98937136566e-009
   1.748029211355e-009             -5.17017661927e-009
   1.753974888945e-009             -5.20794135434e-009
   1.759920566535e-009             -5.22501093210e-009
   1.765866244124e-009             -5.22905999473e-009
   1.771811921714e-009             -5.14360619641e-009
   1.777757599304e-009             -5.02872396843e-009
   1.783703276893e-009             -4.95110375413e-009
   1.789648954483e-009             -5.04288250709e-009
   1.795594632073e-009             -5.05868179069e-009
   1.801540309662e-009             -4.90465862395e-009
   1.807485987252e-009             -4.70262897548e-009
   1.813431664842e-009             -4.68394501388e-009
   1.819377342431e-009             -4.77379180946e-009
   1.825323020021e-009             -4.92728573865e-009
   1.831268697610e-009             -4.92246925832e-009
   1.837214375200e-009             -4.87750608631e-009
   1.843160052790e-009             -4.83783591000e-009
   1.849105730379e-009             -4.71792538262e-009
   1.855051407969e-009             -4.63157189598e-009
   1.860997085559e-009             -4.69453085022e-009
   1.866942763148e-009             -4.72488548435e-009
   1.872888440738e-009             -4.76320612818e-009
   1.878834118328e-009             -4.74637473057e-009
   1.884779795917e-009             -4.81319744453e-009
   1.890725473507e-009             -4.79702771015e-009
   1.896671151097e-009             -4.92477166649e-009
   1.902616828686e-009             -4.96174246771e-009
   1.908562506276e-009             -4.86255361379e-009
   1.914508183866e-009             -4.88433391741e-009
   1.920453861455e-009             -5.05778194731e-009
   1.926399539045e-009             -4.89708973623e-009
   1.932345216634e-009             -5.10428010979e-009
   1.938290894224e-009             -5.11499821675e-009
   1.944236571814e-009             -5.26446944440e-009
   1.950182249403e-009             -5.30620384872e-009
   1.956127926993e-009             -5.45792460730e-009
   1.962073604583e-009             -5.55152940812e-009
   1.968019282172e-009             -5.41910124207e-009
   1.973964959762e-009             -5.27923661400e-009
   1.979910637352e-009             -5.28638201864e-009
   1.985856314941e-009             -5.38173347393e-009
   1.991801992531e-009             -5.33401804959e-009
   1.997747670121e-009             -5.41648126037e-009
   2.003693347710e-009             -5.31141745104e-009
   2.009639025300e-009             -5.25843554715e-009
   2.015584702889e-009             -5.27926313015e-009
   2.021530380479e-009             -5.17853928577e-009
   2.027476058069e-009             -5.10221588178e-009
   2.033421735658e-009             -4.96446835894e-009
   2.039367413248e-009             -4.92810618865e-009
   2.045313090838e-009             -4.78495991564e-009
   2.051258768427e-009             -4.74637473057e-009
   2.057204446017e-009             -4.75688101847e-009
   2.063150123607e-009             -4.91950518693e-009
   2.069095801196e-009             -4.92183411124e-009
   2.075041478786e-009             -4.98262292794e-009
   2.080987156376e-009             -4.79970056909e-009
   2.086932833965e-009             -4.72038657756e-009
   2.092878511555e-009             -4.59743274047e-009
   2.098824189144e-009             -4.62323559057e-009
   2.104769866734e-009             -4.69500721053e-009
   2.110715544324e-009             -4.71628463769e-009
   2.116661221913e-009             -4.72176278125e-009
   2.122606899503e-009             -4.76066553986e-009
   2.128552577093e-009             -4.80319387803e-009
   2.134498254682e-009             -4.85929848501e-009
   2.140443932272e-009             -4.81219184667e-009
   2.146389609862e-009             -4.85654623269e-009
   2.152335287451e-009             -4.96592380096e-009
   2.158280965041e-009             -5.01268650468e-009
   2.164226642631e-009             -5.01520073191e-009
   2.170172320220e-009             -5.14167439408e-009
   2.176117997810e-009             -5.28693777233e-009
   2.182063675400e-009             -5.52149234753e-009
   2.188009352989e-009             -5.81765603436e-009
   2.193955030579e-009             -5.88294391292e-009
   2.199900708168e-009             -5.88956008001e-009
   2.205846385758e-009             -5.83131169657e-009
   2.211792063348e-009             -5.77605390067e-009
   2.217737740937e-009             -8.15849059530e-009
   2.223683418527e-009             -9.76848268697e-009
   2.229629096117e-009             -1.04680706787e-008
   2.235574773706e-009             -1.06787807223e-008
   2.241520451296e-009             -1.10549994573e-008
   2.247466128886e-009             -1.12945823319e-008
   2.253411806475e-009             -1.12872781405e-008
   2.259357484065e-009             -1.14634255454e-008
   2.265303161655e-009             -1.14659926499e-008
   2.271248839244e-009             -1.15108499124e-008
   2.277194516834e-009             -1.14815272372e-008
   2.283140194423e-009             -1.13788187133e-008
   2.289085872013e-009             -1.16933487882e-008
   2.295031549603e-009             -1.20065291755e-008
   2.300977227192e-009             -1.65867865838e-008
   2.306922904782e-009             -2.16030457908e-008
   2.312868582372e-009             -2.17668873761e-008
   2.318814259961e-009             -2.21428414148e-008
   2.324759937551e-009             -2.20767861186e-008
   2.330705615141e-009             -2.17422489107e-008
   2.336651292730e-009             -2.22137927398e-008
   2.342596970320e-009             -2.20653271100e-008
   2.348542647910e-009             -2.23831917071e-008
   2.354488325499e-009             -2.18367799160e-008
   2.360434003089e-009             -2.21512307525e-008
   2.366379680678e-009             -2.23224028904e-008
   2.372325358268e-009             -2.23147546093e-008
   2.378271035858e-009             -2.22924715843e-008
   2.384216713447e-009             -2.22622490657e-008
   2.390162391037e-009             -2.28185321528e-008
   2.396108068627e-009             -2.27187346679e-008
   2.402053746216e-009             -2.24066921490e-008
   2.407999423806e-009             -2.22378489355e-008
   2.413945101396e-009             -2.25923403991e-008
   2.419890778985e-009             -2.19449667385e-008
   2.425836456575e-009             -2.20633157593e-008
   2.431782134165e-009             -2.23961328289e-008
   2.437727811754e-009             -2.26743801268e-008
   2.443673489344e-009             -2.21936268201e-008
   2.449619166933e-009             -2.18724011847e-008
   2.455564844523e-009             -2.20850166695e-008
   2.461510522113e-009             -2.22516368683e-008
   2.467456199702e-009             -2.20057290391e-008
   2.473401877292e-009             -2.18364094652e-008
   2.479347554882e-009             -2.17588950053e-008
   2.485293232471e-009             -2.15306920560e-008
   2.491238910061e-009             -2.19026500644e-008
   2.497184587651e-009             -2.17459538836e-008
   2.503130265240e-009             -2.17403963467e-008
   2.509075942830e-009             -2.17053575028e-008
   2.515021620420e-009             -2.16088680240e-008
   2.520967298009e-009             -2.12301880941e-008
   2.526912975599e-009             -2.11845897750e-008
   2.532858653189e-009             -2.15383666982e-008
   2.538804330778e-009             -2.17349182031e-008
   2.544750008368e-009             -2.16694980539e-008
   2.550695685957e-009             -2.16341945138e-008
   2.556641363547e-009             -2.17417725504e-008
   2.562587041137e-009             -2.17388349951e-008
   2.568532718726e-009             -2.17351300222e-008
   2.574478396316e-009             -2.16098736219e-008
   2.580424073906e-009             -2.18296081502e-008
   2.586369751495e-009             -2.21512836298e-008
   2.592315429085e-009             -2.19857484222e-008
   2.598261106675e-009             -2.18823517189e-008
   2.604206784264e-009             -2.16665604987e-008
   2.610152461854e-009             -2.17698512925e-008
   2.616098139444e-009             -2.18201338213e-008
   2.622043817033e-009             -2.18248709082e-008
   2.627989494623e-009             -2.22194031540e-008
   2.633935172212e-009             -2.19928673107e-008
   2.639880849802e-009             -2.16734677232e-008
   2.645826527392e-009             -2.23692978648e-008
   2.651772204981e-009             -2.23427539580e-008
   2.657717882571e-009             -2.22330323001e-008
   2.663663560161e-009             -2.22352024376e-008
   2.669609237750e-009             -2.21662889795e-008
   2.675554915340e-009             -2.21867724728e-008
   2.681500592930e-009             -2.22343291104e-008
   2.687446270519e-009             -2.20622307680e-008
   2.693391948109e-009             -2.20228516491e-008
   2.699337625699e-009             -2.24799722433e-008
   2.705283303288e-009             -2.21383690242e-008
   2.711228980878e-009             -2.17594243980e-008
   2.717174658467e-009             -2.15120874878e-008
   2.723120336057e-009             -2.17629705841e-008
   2.729066013647e-009             -2.15169833615e-008
   2.735011691236e-009             -2.16866206640e-008
   2.740957368826e-009             -2.17711746189e-008
   2.746903046416e-009             -2.16175484191e-008
   2.752848724005e-009             -2.16062480423e-008
   2.758794401595e-009             -2.09422282870e-008
   2.764740079185e-009             -2.09778228845e-008
   2.770685756774e-009             -2.15998171781e-008
   2.776631434364e-009             -2.15464119462e-008
   2.782577111954e-009             -2.16825716014e-008
   2.788522789543e-009             -2.17962098963e-008
   2.794468467133e-009             -2.13353843291e-008
   2.800414144723e-009             -2.14160480082e-008
   2.806359822312e-009             -2.14857554001e-008
   2.812305499902e-009             -2.16263610848e-008
   2.818251177491e-009             -2.20642684799e-008
   2.824196855081e-009             -2.20268741956e-008
   2.830142532671e-009             -2.16128111771e-008
   2.836088210260e-009             -2.19529589542e-008
   2.842033887850e-009             -2.16009552017e-008
   2.847979565440e-009             -2.19057727674e-008
   2.853925243029e-009             -2.21345316255e-008
   2.859870920619e-009             -2.20285679728e-008
   2.865816598209e-009             -2.19361010405e-008
   2.871762275798e-009             -2.15463325528e-008
   2.877707953388e-009             -2.12565201817e-008
   2.883653630978e-009             -2.17585774318e-008
   2.889599308567e-009             -2.18875388051e-008
   2.895544986157e-009             -2.20362691312e-008
   2.901490663746e-009             -2.19242185489e-008
   2.907436341336e-009             -2.21650980787e-008
   2.913382018926e-009             -2.18776411481e-008
   2.919327696515e-009             -2.19358628603e-008
   2.925273374105e-009             -2.16160928220e-008
   2.931219051695e-009             -2.18792553769e-008
   2.937164729284e-009             -2.25368707842e-008
   2.943110406874e-009             -2.21494575819e-008
   2.949056084464e-009             -2.20033208764e-008
   2.955001762053e-009             -2.22749256462e-008
   2.960947439643e-009             -2.20422765123e-008
   2.966893117233e-009             -2.18163758160e-008
   2.972838794822e-009             -2.20508509978e-008
   2.978784472412e-009             -2.24445893098e-008
   2.984730150001e-009             -2.22397543767e-008
   2.990675827591e-009             -2.22078382360e-008
   2.996621505181e-009             -2.17722067329e-008
   3.002567182770e-009             -2.17127145715e-008
   3.008512860360e-009             -2.20752512832e-008
   3.014458537950e-009             -2.17538138287e-008
   3.020404215539e-009             -2.18559402379e-008
   3.026349893129e-009             -2.20715726713e-008
   3.032295570719e-009             -2.13495692289e-008
   3.038241248308e-009             -2.16648932376e-008
   3.044186925898e-009             -2.15377050350e-008
   3.050132603488e-009             -2.19390385957e-008
   3.056078281077e-009             -2.18085158709e-008
   3.062023958667e-009             -2.22602907473e-008
   3.067969636256e-009             -2.15115582502e-008
   3.073915313846e-009             -2.09664961466e-008
   3.079860991436e-009             -2.12463313123e-008
   3.085806669025e-009             -2.12360895657e-008
   3.091752346615e-009             -2.17493677992e-008
   3.097698024205e-009             -2.14312385058e-008
   3.103643701794e-009             -2.13893718309e-008
   3.109589379384e-009             -2.16348561770e-008
   3.115535056974e-009             -2.10790494503e-008
   3.121480734563e-009             -2.18417023058e-008
   3.127426412153e-009             -2.18388441440e-008
   3.133372089743e-009             -2.16123084557e-008
   3.139317767332e-009             -2.17237767681e-008
   3.145263444922e-009             -2.15838591078e-008
   3.151209122512e-009             -2.19881567399e-008
   3.157154800101e-009             -2.15745172045e-008
   3.163100477691e-009             -2.13400685388e-008
   3.169046155280e-009             -2.19069107910e-008
   3.174991832870e-009             -2.19498626122e-008
   3.180937510460e-009             -2.20851754563e-008
   3.186883188049e-009             -2.14627313185e-008
   3.192828865639e-009             -2.20238572470e-008
   3.198774543229e-009             -2.19592310316e-008
   3.204720220818e-009             -2.19022265813e-008
   3.210665898408e-009             -2.20719961544e-008
   3.216611575998e-009             -2.20833228923e-008
   3.222557253587e-009             -2.18254531781e-008
   3.228502931177e-009             -2.19112509110e-008
   3.234448608767e-009             -2.16512640916e-008
   3.240394286356e-009             -2.20491043434e-008
   3.246339963946e-009             -2.21305354402e-008
   3.252285641535e-009             -2.20313731024e-008
   3.258231319125e-009             -2.22653454077e-008
   3.264176996715e-009             -2.15906604227e-008
   3.270122674304e-009             -2.18572370482e-008
   3.276068351894e-009             -2.18813726372e-008
   3.282014029484e-009             -2.17267406845e-008
   3.287959707073e-009             -2.17564074493e-008
   3.293905384663e-009             -2.19985836344e-008
   3.299851062253e-009             -2.20440231667e-008
   3.305796739842e-009             -2.15856851556e-008
   3.311742417432e-009             -2.14465614291e-008
   3.317688095022e-009             -2.18463336383e-008
   3.323633772611e-009             -2.19911471724e-008
   3.329579450201e-009             -2.19532500116e-008
   3.335525127790e-009             -2.17484681108e-008
   3.341470805380e-009             -2.16463417017e-008
   3.347416482970e-009             -2.18123797857e-008
   3.353362160559e-009             -2.14967645645e-008
   3.359307838149e-009             -2.17270053808e-008
   3.365253515739e-009             -2.20234867962e-008
   3.371199193328e-009             -2.21748369489e-008
   3.377144870918e-009             -2.20781623223e-008
   3.383090548508e-009             -2.21837555242e-008
   3.389036226097e-009             -2.21396656794e-008
   3.394981903687e-009             -2.14895397665e-008
   3.400927581277e-009             -2.15037246662e-008
   3.406873258866e-009             -2.19524297167e-008
   3.412818936456e-009             -2.18822723255e-008
   3.418764614046e-009             -2.15488731412e-008
   3.424710291635e-009             -2.16348561770e-008
   3.430655969225e-009             -2.16213327854e-008
   3.436601646814e-009             -2.16457330708e-008
   3.442547324404e-009             -2.19236893114e-008
   3.448493001994e-009             -2.18898940905e-008
   3.454438679583e-009             -2.20430175689e-008
   3.460384357173e-009             -2.21249779032e-008
   3.466330034763e-009             -2.16153254043e-008
   3.472275712352e-009             -2.15642754578e-008
   3.478221389942e-009             -2.19171525376e-008
   3.484167067532e-009             -2.21213788398e-008
   3.490112745121e-009             -2.23443418257e-008
   3.496058422711e-009             -2.17928224969e-008
   3.502004100301e-009             -2.20476223852e-008
   3.507949777890e-009             -2.14298888182e-008
   3.513895455480e-009             -2.17574395633e-008
   3.519841133069e-009             -2.20172675960e-008
   3.525786810659e-009             -2.17720479462e-008
   3.531732488249e-009             -2.17020758579e-008
   3.537678165838e-009             -2.18862156337e-008
   3.543623843428e-009             -2.14284068601e-008
   3.549569521018e-009             -2.13890012250e-008
   3.555515198607e-009             -2.16205388516e-008
   3.561460876197e-009             -2.15299509994e-008
   3.567406553787e-009             -2.20577053451e-008
   3.573352231376e-009             -2.18376532432e-008
   3.579297908966e-009             -2.17748267146e-008
   3.585243586556e-009             -2.17948073315e-008
   3.591189264145e-009             -2.11524089380e-008
   3.597134941735e-009             -2.18700457442e-008
   3.603080619324e-009             -2.16850062801e-008
   3.609026296914e-009             -2.18345040239e-008
   3.614971974504e-009             -2.17644261812e-008
   3.620917652093e-009             -2.20159707857e-008
   3.626863329683e-009             -2.19265209571e-008
   3.632809007273e-009             -2.17652201151e-008
   3.638754684862e-009             -2.23257902898e-008
   3.644700362452e-009             -2.22271571896e-008
   3.650646040042e-009             -2.22800862163e-008
   3.656591717631e-009             -2.17466684241e-008
   3.662537395221e-009             -2.17527023213e-008
   3.668483072811e-009             -2.18538760099e-008
   3.674428750400e-009             -2.21433708074e-008
   3.680374427990e-009             -2.24380260199e-008
   3.686320105579e-009             -2.19974721270e-008
   3.692265783169e-009             -2.21037798694e-008
   3.698211460759e-009             -2.21859256617e-008
   3.704157138348e-009             -2.19566375661e-008
   3.710102815938e-009             -2.21202143001e-008
   3.716048493528e-009             -2.16249320039e-008
   3.721994171117e-009             -2.19818316302e-008
   3.727939848707e-009             -2.20321935524e-008
   3.733885526297e-009             -2.20984870288e-008
   3.739831203886e-009             -2.21830409837e-008
   3.745776881476e-009             -2.22201176945e-008
   3.751722559066e-009             -2.20683704198e-008
   3.757668236655e-009             -2.15786720216e-008
   3.763613914245e-009             -2.18061871017e-008
   3.769559591835e-009             -2.21227285273e-008
   3.775505269424e-009             -2.14678124952e-008
   3.781450947014e-009             -2.13757161686e-008
   3.787396624603e-009             -2.12256096389e-008
   3.793342302193e-009             -2.15832768379e-008
   3.799287979783e-009             -2.13895569787e-008
   3.805233657372e-009             -2.12747541441e-008
   3.811179334962e-009             -2.17861005753e-008
   3.817125012552e-009             -2.15639048520e-008
   3.823070690141e-009             -2.11502389555e-008
   3.829016367731e-009             -2.12169028827e-008
   3.834962045321e-009             -2.12800206237e-008
   3.840907722910e-009             -2.17820515127e-008
   3.846853400500e-009             -2.19433523547e-008
   3.852799078090e-009             -2.18260883251e-008
   3.858744755679e-009             -2.17665698026e-008
   3.864690433269e-009             -2.17473566035e-008
   3.870636110858e-009             -2.16642317294e-008
   3.876581788448e-009             -2.19034174821e-008
   3.882527466038e-009             -2.20653799873e-008
   3.888473143627e-009             -2.19999069609e-008
   3.894418821217e-009             -2.22382722635e-008
   3.900364498807e-009             -2.17126616942e-008
   3.906310176396e-009             -2.19796880088e-008
   3.912255853986e-009             -2.24496439703e-008
   3.918201531576e-009             -2.22401513436e-008
   3.924147209165e-009             -2.21762660299e-008
   3.930092886755e-009             -2.23454798493e-008
   3.936038564345e-009             -2.21160329669e-008
   3.941984241934e-009             -2.24388464699e-008
   3.947929919524e-009             -2.15315653832e-008
   3.953875597113e-009             -2.20127686892e-008
   3.959821274703e-009             -2.27666352401e-008
   3.965766952293e-009             -2.26778470747e-008
   3.971712629882e-009             -2.26185402162e-008
   3.977658307472e-009             -2.20473576889e-008
   3.983603985062e-009             -2.21766366357e-008
   3.989549662651e-009             -2.22605289274e-008
   3.995495340241e-009             -2.21243163950e-008
   4.001441017831e-009             -2.24034898975e-008
   4.007386695420e-009             -2.23821861093e-008
   4.013332373010e-009             -2.16829685683e-008
   4.019278050600e-009             -2.14589467971e-008
   4.025223728189e-009             -2.13540417746e-008
   4.031169405779e-009             -2.19434582642e-008
   4.037115083369e-009             -2.19979221263e-008
   4.043060760958e-009             -2.19265738343e-008
   4.049006438548e-009             -2.16263874459e-008
   4.054952116137e-009             -2.18247915148e-008
   4.060897793727e-009             -2.15964826560e-008
   4.066843471317e-009             -2.13085228489e-008
   4.072789148906e-009             -2.18409083720e-008
   4.078734826496e-009             -2.18467306052e-008
   4.084680504086e-009             -2.20741926530e-008
   4.090626181675e-009             -2.18611536851e-008
   4.096571859265e-009             -2.17914462932e-008
   4.102517536855e-009             -2.16370791918e-008
   4.108463214444e-009             -2.17774466963e-008
   4.114408892034e-009             -2.21692265348e-008
   4.120354569624e-009             -2.20059408581e-008
   4.126300247213e-009             -2.17864710261e-008
   4.132245924803e-009             -2.20680793624e-008
   4.138191602392e-009             -2.18292111833e-008
   4.144137279982e-009             -2.18640383631e-008
   4.150082957572e-009             -2.19847163082e-008
   4.156028635161e-009             -2.17616474127e-008
   4.161974312751e-009             -2.21342934454e-008
   4.167919990341e-009             -2.21451968553e-008
   4.173865667930e-009             -2.21132541984e-008
   4.179811345520e-009             -2.18704692273e-008
   4.185757023110e-009             -2.16370526757e-008
   4.191702700699e-009             -2.18836750454e-008
   4.197648378289e-009             -2.21272009180e-008
   4.203594055879e-009             -2.21348226829e-008
   4.209539733468e-009             -2.25272641846e-008
   4.215485411058e-009             -2.19796351316e-008
   4.221431088647e-009             -2.19749244057e-008
   4.227376766237e-009             -2.18303226907e-008
   4.233322443827e-009             -2.18891266728e-008
   4.239268121416e-009             -2.21478168370e-008
   4.245213799006e-009             -2.20457698212e-008
   4.251159476596e-009             -2.22278453690e-008
   4.257105154185e-009             -2.22367109119e-008
   4.263050831775e-009             -2.22957795903e-008
   4.268996509365e-009             -2.16938983393e-008
   4.274942186954e-009             -2.20889333065e-008
   4.280887864544e-009             -2.20525976523e-008
   4.286833542134e-009             -2.20349458047e-008
   4.292779219723e-009             -2.18026407604e-008
   4.298724897313e-009             -2.13791564453e-008
   4.304670574902e-009             -2.15935716169e-008
   4.310616252492e-009             -2.20303675045e-008
   4.316561930082e-009             -2.20837463754e-008
   4.322507607671e-009             -2.23847266976e-008
   4.328453285261e-009             -2.23760728186e-008
   4.334398962851e-009             -2.23602470189e-008
   4.340344640440e-009             -2.24806339066e-008
   4.346290318030e-009             -2.18245269736e-008
   4.352235995620e-009             -2.21716612135e-008
   4.358181673209e-009             -2.25767527795e-008
   4.364127350799e-009             -2.27629037510e-008
   4.370073028389e-009             -2.27545410845e-008
   4.376018705978e-009             -2.23637668440e-008
   4.381964383568e-009             -2.25936370544e-008
   4.387910061158e-009             -2.23610409527e-008
   4.393855738747e-009             -2.22589410597e-008
   4.399801416337e-009             -2.25949603808e-008
   4.405747093926e-009             -2.23203386624e-008
   4.411692771516e-009             -2.20270064662e-008
   4.417638449106e-009             -2.17007526865e-008
   4.423584126695e-009             -2.17088771729e-008
   4.429529804285e-009             -2.19785501403e-008
   4.435475481875e-009             -2.20997044457e-008
   4.441421159464e-009             -2.23308185892e-008
   4.447366837054e-009             -2.23063917877e-008
   4.453312514644e-009             -2.19092660764e-008
   4.459258192233e-009             -2.21413594567e-008
   4.465203869823e-009             -2.23003844066e-008
   4.471149547413e-009             -2.21334995115e-008
   4.477095225002e-009             -2.25413168137e-008
   4.483040902592e-009             -2.24724298718e-008
   4.488986580181e-009             -2.20437321094e-008
   4.494932257771e-009             -2.20153356386e-008
   4.500877935361e-009             -2.19106422801e-008
   4.506823612950e-009             -2.21817178123e-008
   4.512769290540e-009             -2.19397531362e-008
   4.518714968130e-009             -2.20932205492e-008
   4.524660645719e-009             -2.22504194514e-008
   4.530606323309e-009             -2.23696419544e-008
   4.536552000899e-009             -2.19674879437e-008
   4.542497678488e-009             -2.19948257842e-008
   4.548443356078e-009             -2.19761418226e-008
   4.554389033668e-009             -2.22519279257e-008
   4.560334711257e-009             -2.28592873203e-008
   4.566280388847e-009             -2.23505081487e-008
   4.572226066436e-009             -2.25544432384e-008
   4.578171744026e-009             -2.24772199910e-008
   4.584117421616e-009             -2.25136350385e-008
   4.590063099205e-009             -2.24544075734e-008
   4.596008776795e-009             -2.26239653274e-008
   4.601954454385e-009             -2.26279880290e-008
   4.607900131974e-009             -2.22660599482e-008
   4.613845809564e-009             -2.19717751865e-008
   4.619791487154e-009             -2.20822907783e-008
   4.625737164743e-009             -2.23489996744e-008
   4.631682842333e-009             -2.27368627208e-008
   4.637628519923e-009             -2.26957634635e-008
   4.643574197512e-009             -2.24261435284e-008
   4.649519875102e-009             -2.26171905286e-008
   4.655465552692e-009             -2.21959555893e-008
   4.661411230281e-009             -2.23469089302e-008
   4.667356907871e-009             -2.20783739863e-008
   4.673302585460e-009             -2.24526080417e-008
   4.679248263050e-009             -2.24808455706e-008
   4.685193940640e-009             -2.28048499744e-008
   4.691139618229e-009             -2.25400730357e-008
   4.697085295819e-009             -2.24212476546e-008
   4.703030973409e-009             -2.23982764502e-008
   4.708976650998e-009             -2.25200130255e-008
   4.714922328588e-009             -2.31685510707e-008
   4.720868006178e-009             -2.30264897890e-008
   4.726813683767e-009             -2.27045232520e-008
   4.732759361357e-009             -2.24788872521e-008
   4.738705038947e-009             -2.27564994030e-008
   4.744650716536e-009             -2.24620293383e-008
   4.750596394126e-009             -2.26871889780e-008
   4.756542071715e-009             -2.25402846997e-008
   4.762487749305e-009             -2.20058614647e-008
   4.768433426895e-009             -2.13721169502e-008
   4.774379104484e-009             -2.09692220379e-008
   4.780324782074e-009             -2.08589975035e-008
   4.786270459664e-009             -2.09700953651e-008
   4.792216137253e-009             -2.16002141450e-008
   4.798161814843e-009             -2.24143667912e-008
   4.804107492433e-009             -2.24397197972e-008
   4.810053170022e-009             -2.20113924855e-008
   4.815998847612e-009             -2.21903716913e-008
   4.821944525202e-009             -2.24409900913e-008
   4.827890202791e-009             -2.20658298314e-008
   4.833835880381e-009             -2.25754824854e-008
   4.839781557970e-009             -2.25688399572e-008
   4.845727235560e-009             -2.19838694971e-008
   4.851672913150e-009             -2.21879898897e-008
   4.857618590739e-009             -2.20092753803e-008
   4.863564268329e-009             -2.18495622509e-008
   4.869509945919e-009             -2.21670563972e-008
   4.875455623508e-009             -2.21863755059e-008
   4.881401301098e-009             -2.22708765836e-008
   4.887346978688e-009             -2.22767516941e-008
   4.893292656277e-009             -2.17289108220e-008
   4.899238333867e-009             -2.22331910869e-008
   4.905184011457e-009             -2.27099483633e-008
   4.911129689046e-009             -2.24666076385e-008
   4.917075366636e-009             -2.21868253501e-008
   4.923021044225e-009             -2.19901150584e-008
   4.928966721815e-009             -2.25284022081e-008
   4.934912399405e-009             -2.24863502303e-008
   4.940858076994e-009             -2.28099840283e-008
   4.946803754584e-009             -2.23786662842e-008
   4.952749432174e-009             -2.31353646358e-008
   4.958695109763e-009             -2.28417150212e-008
   4.964640787353e-009             -2.26116329917e-008
   4.970586464943e-009             -2.25549195987e-008
   4.976532142532e-009             -2.26282262091e-008
   4.982477820122e-009             -2.28413180542e-008
   4.988423497712e-009             -2.28206757742e-008
   4.994369175301e-009             -2.29108930205e-008
   5.000314852891e-009             -2.28089255532e-008
   5.006260530481e-009             -2.29152861728e-008
   5.012206208070e-009             -2.27080165610e-008
   5.018151885660e-009             -2.24979416645e-008
   5.024097563249e-009             -2.26454280575e-008
   5.030043240839e-009             -2.24907432275e-008
   5.035988918429e-009             -2.27587224178e-008
   5.041934596018e-009             -2.26930640884e-008
   5.047880273608e-009             -2.25284287243e-008
   5.053825951198e-009             -2.22998551691e-008
   5.059771628787e-009             -2.22515045977e-008
   5.065717306377e-009             -2.25961512816e-008
   5.071662983967e-009             -2.27157440804e-008
   5.077608661556e-009             -2.26477569818e-008
   5.083554339146e-009             -2.24176219200e-008
   5.089500016736e-009             -2.23960799516e-008
   5.095445694325e-009             -2.25368444231e-008
   5.101391371915e-009             -2.23867378933e-008
   5.107337049504e-009             -2.23723942068e-008
   5.113282727094e-009             -2.22315238258e-008
   5.119228404684e-009             -2.20708846470e-008
   5.125174082273e-009             -2.22354934950e-008
   5.131119759863e-009             -2.23603264123e-008
   5.137065437453e-009             -2.22091614074e-008
   5.143011115042e-009             -2.26054931849e-008
   5.148956792632e-009             -2.21392952286e-008
   5.154902470222e-009             -2.24638288700e-008
   5.160848147811e-009             -2.25638116578e-008
   5.166793825401e-009             -2.26994155592e-008
   5.172739502991e-009             -2.25656642218e-008
   5.178685180580e-009             -2.26797788770e-008
   5.184630858170e-009             -2.28256775574e-008
   5.190576535759e-009             -2.28968140303e-008
   5.196522213349e-009             -2.30677743491e-008
   5.202467890939e-009             -2.22739729256e-008
   5.208413568528e-009             -2.27378154414e-008
   5.214359246118e-009             -2.25564545892e-008
   5.220304923708e-009             -2.22785247096e-008
   5.226250601297e-009             -2.22651072276e-008
   5.232196278887e-009             -2.27208252570e-008
   5.238141956477e-009             -2.27980486595e-008
   5.244087634066e-009             -2.27112716897e-008
   5.250033311656e-009             -2.22933449115e-008
   5.255978989246e-009             -2.23874524337e-008
   5.261924666835e-009             -2.28290914730e-008
   5.267870344425e-009             -2.25774408039e-008
   5.273816022015e-009             -2.26766296578e-008
   5.279761699604e-009             -2.22492021895e-008
   5.285707377194e-009             -2.22983466948e-008
   5.291653054783e-009             -2.26590308425e-008
   5.297598732373e-009             -2.24677985393e-008
   5.303544409963e-009             -2.25182927321e-008
   5.309490087552e-009             -2.30297449177e-008
   5.315435765142e-009             -2.29334407418e-008
   5.321381442732e-009             -2.25020964816e-008
   5.327327120321e-009             -2.26619418816e-008
   5.333272797911e-009             -2.23924278559e-008
   5.339218475501e-009             -2.25807753260e-008
   5.345164153090e-009             -2.24072744189e-008
   5.351109830680e-009             -2.25086597714e-008
   5.357055508270e-009             -2.26107860255e-008
   5.363001185859e-009             -2.28255716479e-008
   5.368946863449e-009             -2.23152574858e-008
   5.374892541038e-009             -2.21971995224e-008
   5.380838218628e-009             -2.23366671836e-008
   5.386783896218e-009             -2.26096216409e-008
   5.392729573807e-009             -2.28300970708e-008
   5.398675251397e-009             -2.29832997876e-008
   5.404620928987e-009             -2.26797525159e-008
   5.410566606576e-009             -2.24451714246e-008
   5.416512284166e-009             -2.31012519965e-008
   5.422457961756e-009             -2.29186735722e-008
   5.428403639345e-009             -2.27602837693e-008
   5.434349316935e-009             -2.28773626510e-008
   5.440294994525e-009             -2.24487441269e-008
   5.446240672114e-009             -2.28627806293e-008
   5.452186349704e-009             -2.27694934020e-008
   5.458132027293e-009             -2.25311809766e-008
   5.464077704883e-009             -2.25216802866e-008
   5.470023382473e-009             -2.26555110174e-008
   5.475969060062e-009             -2.25928696367e-008
   5.481914737652e-009             -2.25434075579e-008
   5.487860415242e-009             -2.20687410256e-008
   5.493806092831e-009             -2.23493436090e-008
   5.499751770421e-009             -2.29160272294e-008
   5.505697448011e-009             -2.25096918854e-008
   5.511643125600e-009             -2.23454533331e-008
   5.517588803190e-009             -2.31607440029e-008
   5.523534480780e-009             -2.23397106483e-008
   5.529480158369e-009             -2.22992728993e-008
   5.535425835959e-009             -2.19938994247e-008
   5.541371513548e-009             -2.23488672487e-008
   5.547317191138e-009             -2.25497061514e-008
   5.553262868728e-009             -2.24298750174e-008
   5.559208546317e-009             -2.25009586131e-008
   5.565154223907e-009             -2.28116249283e-008
   5.571099901497e-009             -2.24712389710e-008
   5.577045579086e-009             -2.22664305540e-008
   5.582991256676e-009             -2.22533306455e-008
   5.588936934266e-009             -2.23586326350e-008
   5.594882611855e-009             -2.26486566701e-008
   5.600828289445e-009             -2.20121335422e-008
   5.606773967035e-009             -2.21078289321e-008
   5.612719644624e-009             -2.27418910202e-008
   5.618665322214e-009             -2.29917685187e-008
   5.624610999804e-009             -2.31271342399e-008
   5.630556677393e-009             -2.28217872816e-008
   5.636502354983e-009             -2.26441048861e-008
   5.642448032572e-009             -2.26273528819e-008
   5.648393710162e-009             -2.23685568081e-008
   5.654339387752e-009             -2.24144198235e-008
   5.660285065341e-009             -2.28274770891e-008
   5.666230742931e-009             -2.33707131449e-008
   5.672176420521e-009             -2.34630476515e-008
   5.678122098110e-009             -2.27464958365e-008
   5.684067775700e-009             -2.26603274977e-008
   5.690013453290e-009             -2.28001128875e-008
   5.695959130879e-009             -2.27237893284e-008
   5.701904808469e-009             -2.26216100420e-008
   5.707850486059e-009             -2.26253680473e-008
   5.713796163648e-009             -2.25360768503e-008
   5.719741841238e-009             -2.29550887748e-008
   5.725687518827e-009             -2.24359883081e-008
   5.731633196417e-009             -2.23410603359e-008
   5.737578874007e-009             -2.29721053203e-008
   5.743524551596e-009             -2.30948211323e-008
   5.749470229186e-009             -2.28690263456e-008
   5.755415906776e-009             -2.24402226736e-008
   5.761361584365e-009             -2.25996180744e-008
   5.767307261955e-009             -2.09857887392e-008
   5.773252939545e-009             -2.12907387306e-008
   5.779198617134e-009             -2.10363094481e-008
   5.785144294724e-009             -2.15984409744e-008
   5.791089972314e-009             -2.12831434818e-008
   5.797035649903e-009             -2.12173792430e-008
   5.802981327493e-009             -2.12622893827e-008
   5.808927005082e-009             -2.08345708570e-008
   5.814872682672e-009             -2.15315653832e-008
   5.820818360262e-009             -2.22600525671e-008
   5.826764037851e-009             -2.19407852502e-008
   5.832709715441e-009             -2.17384115120e-008
   5.838655393031e-009             -2.18780644761e-008
   5.844601070620e-009             -2.15558332429e-008
   5.850546748210e-009             -2.18701251376e-008
   5.856492425800e-009             -2.21071674239e-008
   5.862438103389e-009             -2.23528899502e-008
   5.868383780979e-009             -2.25017789080e-008
   5.874329458569e-009             -2.22057209757e-008
   5.880275136158e-009             -2.23458239390e-008
   5.886220813748e-009             -2.18826164152e-008
   5.892166491338e-009             -2.24957980431e-008
   5.898112168927e-009             -2.24865884104e-008
   5.904057846517e-009             -2.26793025167e-008
   5.910003524106e-009             -2.26376740219e-008
   5.915949201696e-009             -2.22574060693e-008
   5.921894879286e-009             -2.24541959094e-008
   5.927840556875e-009             -2.25117030811e-008
   5.933786234465e-009             -2.24885996061e-008
   5.939731912055e-009             -2.27981544139e-008
