# Atom Manipulation               
# 
# Sample                          Ag(111)
# Data set                        -
# Creation Comment                
# Gap voltage                     -1.000e-003 V
# Gap voltage range in Volt       -10;10
# Feedback loop enabled           No
# Regulator setpoint              1.000e-009 A
# Pre-amplifier range             0;3.33e-007
# Loop gain                       7.000e+000 %
# Z-axis offset                   -3.000e-010 m
# Parameter mode                  V before Z
# Raster time                     1.000e-003 seconds
# Channel name and data unit      I(r) [A]
# Manipulation vector: start      1.912e-001, 5.914e+000 [nm]
#                      end        2.422e-001, 1.096e+000 [nm]
# 
# 
#             Position                             I(r)
# --------------------             --------------------
   0.000000000000e+000             -6.627494611484e-010
   4.817966852659e-012             -6.918868334135e-010
   9.635933705318e-012             -7.227179829118e-010
   1.445390055798e-011             -7.329332134162e-010
   1.927186741064e-011             -7.479385631658e-010
   2.408983426330e-011             -7.474622028563e-010
   2.890780111595e-011             -7.554015413481e-010
   3.372576796861e-011             -7.535226162601e-010
   3.854373482127e-011             -7.609325621424e-010
   4.336170167393e-011             -7.794842531284e-010
   4.817966852659e-011             -7.617530121416e-010
   5.299763537925e-011             -7.708038580223e-010
   5.781560223191e-011             -7.654579850827e-010
   6.263356908457e-011             -7.611972584472e-010
   6.745153593723e-011             -7.533901905751e-010
   7.226950278989e-011             -7.474887190063e-010
   7.708746964254e-011             -7.319010994123e-010
   8.190543649520e-011             -7.106236722542e-010
   8.672340334786e-011             -6.845561258509e-010
   9.154137020052e-011             -6.727530276481e-010
   9.635933705318e-011             -6.790516212067e-010
   1.011773039058e-010             -6.718531842640e-010
   1.059952707585e-010             -6.831270449224e-010
   1.108132376112e-010             -6.708475864101e-010
   1.156312044638e-010             -6.751348291957e-010
   1.204491713165e-010             -6.887110980167e-010
   1.252671381691e-010             -6.864615670890e-010
   1.300851050218e-010             -6.598647831413e-010
   1.349030718745e-010             -6.548366388066e-010
   1.397210387271e-010             -6.352793499667e-010
   1.445390055798e-010             -6.521901409543e-010
   1.493569724324e-010             -6.800307029106e-010
   1.541749392851e-010             -6.756905828901e-010
   1.589929061377e-010             -6.522166571043e-010
   1.638108729904e-010             -6.713504628696e-010
   1.686288398431e-010             -6.720384871839e-010
   1.734468066957e-010             -6.661368605499e-010
   1.782647735484e-010             -6.855353626200e-010
   1.830827404010e-010             -6.812481198344e-010
   1.879007072537e-010             -6.879965575525e-010
   1.927186741064e-010             -6.826243235280e-010
   1.975366409590e-010             -6.942951511110e-010
   2.023546078117e-010             -7.024726697576e-010
   2.071725746643e-010             -7.253379646141e-010
   2.119905415170e-010             -7.357119818884e-010
   2.168085083697e-010             -7.318745832623e-010
   2.216264752223e-010             -7.152284885794e-010
   2.264444420750e-010             -7.351562281940e-010
   2.312624089276e-010             -7.294664206299e-010
   2.360803757803e-010             -7.420105754470e-010
   2.408983426330e-010             -7.411901254478e-010
   2.457163094856e-010             -7.042193242258e-010
   2.505342763383e-010             -7.053043154647e-010
   2.553522431909e-010             -7.045103816155e-010
   2.601702100436e-010             -7.003554094497e-010
   2.649881768962e-010             -6.869909596986e-010
   2.698061437489e-010             -6.558157205105e-010
   2.746241106016e-010             -6.443567119974e-010
   2.794420774542e-010             -6.468179069299e-010
   2.842600443069e-010             -6.166747817457e-010
   2.890780111595e-010             -5.920893485711e-010
   2.938959780122e-010             -6.114613344912e-010
   2.987139448649e-010             -6.153781265022e-010
   3.035319117175e-010             -6.269430445502e-010
   3.083498785702e-010             -6.218618679155e-010
   3.131678454228e-010             -6.187655259036e-010
   3.179858122755e-010             -6.098469506427e-010
   3.228037791282e-010             -5.896016374886e-010
   3.276217459808e-010             -6.208562700616e-010
   3.324397128335e-010             -6.248523003923e-010
   3.372576796861e-010             -6.450712524617e-010
   3.420756465388e-010             -6.548366388066e-010
   3.468936133915e-010             -6.481410783234e-010
   3.517115802441e-010             -6.544396718820e-010
   3.565295470968e-010             -6.551011800462e-010
   3.613475139494e-010             -6.546778520368e-010
   3.661654808021e-010             -6.754789188854e-010
   3.709834476547e-010             -6.904577524849e-010
   3.758014145074e-010             -6.809834235296e-010
   3.806193813601e-010             -6.803747926003e-010
   3.854373482127e-010             -6.680688179379e-010
   3.902553150654e-010             -6.766961807440e-010
   3.950732819180e-010             -7.132965311914e-010
   3.998912487707e-010             -7.121321465676e-010
   4.047092156234e-010             -7.069186993131e-010
   4.095271824760e-010             -7.139581944208e-010
   4.143451493287e-010             -6.963857402038e-010
   4.191631161813e-010             -6.787869249019e-010
   4.239810830340e-010             -7.047750779203e-010
   4.287990498867e-010             -6.982383042069e-010
   4.336170167393e-010             -6.980266402022e-010
   4.384349835920e-010             -6.842650684613e-010
   4.432529504446e-010             -6.543337623471e-010
   4.480709172973e-010             -6.626435516135e-010
   4.528888841499e-010             -6.406781001411e-010
   4.577068510026e-010             -6.306745336414e-010
   4.625248178553e-010             -6.135520786491e-010
   4.673427847079e-010             -5.971705252058e-010
   4.721607515606e-010             -5.837795593047e-010
   4.769787184132e-010             -5.561506613531e-010
   4.817966852659e-010             -5.485288964009e-010
   4.866146521186e-010             -5.531071965762e-010
   4.914326189712e-010             -5.718440354169e-010
   4.962505858239e-010             -5.729555428057e-010
   5.010685526765e-010             -5.825886585309e-010
   5.058865195292e-010             -5.922481353409e-010
   5.107044863819e-010             -5.817416923816e-010
   5.155224532345e-010             -5.966941648963e-010
   5.203404200872e-010             -5.890195227093e-010
   5.251583869398e-010             -6.275781916296e-010
   5.299763537925e-010             -6.280016747042e-010
   5.347943206452e-010             -6.321564918048e-010
   5.396122874978e-010             -6.327387616493e-010
   5.444302543505e-010             -6.489350121726e-010
   5.492482212031e-010             -6.655811068554e-010
   5.540661880558e-010             -6.540427049574e-010
   5.588841549084e-010             -6.602617500659e-010
   5.637021217611e-010             -6.656870163904e-010
   5.685200886138e-010             -6.473206283242e-010
   5.733380554664e-010             -6.490409217076e-010
   5.781560223191e-010             -6.496495526369e-010
   5.829739891717e-010             -6.634374854626e-010
   5.877919560244e-010             -6.815391772240e-010
   5.926099228771e-010             -6.835770441471e-010
   5.974278897297e-010             -6.859852067795e-010
   6.022458565824e-010             -6.892933678612e-010
   6.070638234350e-010             -6.768020902790e-010
   6.118817902877e-010             -6.613997736048e-010
   6.166997571404e-010             -6.677777605483e-010
   6.215177239930e-010             -6.601559955961e-010
   6.263356908457e-010             -6.552864829661e-010
   6.311536576983e-010             -6.457063995410e-010
   6.359716245510e-010             -6.146899471228e-010
   6.407895914037e-010             -6.195859759029e-010
   6.456075582563e-010             -6.123346617253e-010
   6.504255251090e-010             -5.878549830204e-010
   6.552434919616e-010             -5.803656437532e-010
   6.600614588143e-010             -5.651749910838e-010
   6.648794256669e-010             -5.605436586084e-010
   6.696973925196e-010             -5.586912496705e-010
   6.745153593723e-010             -5.526573524167e-010
   6.793333262249e-010             -5.522073531920e-010
   6.841512930776e-010             -5.683507264805e-010
   6.889692599302e-010             -5.707325280280e-010
   6.937872267829e-010             -5.863201476221e-010
   6.986051936356e-010             -5.988112701391e-010
   7.034231604882e-010             -5.940476670440e-010
   7.082411273409e-010             -6.003197444525e-010
   7.130590941935e-010             -5.976203693653e-010
   7.178770610462e-010             -6.039983563088e-010
   7.226950278989e-010             -6.047394129231e-010
   7.275129947515e-010             -6.246406363876e-010
   7.323309616042e-010             -6.345913256524e-010
   7.371489284568e-010             -6.359673742809e-010
   7.419668953095e-010             -6.369731272000e-010
   7.467848621622e-010             -6.307539270263e-010
   7.516028290148e-010             -6.295630262525e-010
   7.564207958675e-010             -6.184744685140e-010
   7.612387627201e-010             -6.247465459226e-010
   7.660567295728e-010             -6.184479523640e-010
   7.708746964254e-010             -5.963765913567e-010
   7.756926632781e-010             -6.027015460001e-010
   7.805106301308e-010             -6.076239358650e-010
   7.853285969834e-010             -6.107733101769e-010
   7.901465638361e-010             -6.142401029633e-010
   7.949645306887e-010             -6.109584580316e-010
   7.997824975414e-010             -5.921158647211e-010
   8.046004643941e-010             -5.686948161702e-010
   8.094184312467e-010             -5.815300283769e-010
   8.142363980994e-010             -5.870610491712e-010
   8.190543649520e-010             -5.795980709889e-010
   8.238723318047e-010             -5.652809006187e-010
   8.286902986574e-010             -5.426007536169e-010
   8.335082655100e-010             -5.541127944301e-010
   8.383262323627e-010             -5.345556606553e-010
   8.431441992153e-010             -5.359582254338e-010
   8.479621660680e-010             -5.528425002714e-010
   8.527801329207e-010             -5.559388422832e-010
   8.575980997733e-010             -5.232287676968e-010
   8.624160666260e-010             -5.274896493976e-010
   8.672340334786e-010             -5.202912124548e-010
   8.720520003313e-010             -5.433683263812e-010
   8.768699671839e-010             -5.693299632495e-010
   8.816879340366e-010             -5.897604242584e-010
   8.865059008893e-010             -5.840706166943e-010
   8.913238677419e-010             -6.014048907566e-010
   8.961418345946e-010             -6.107733101769e-010
   9.009598014472e-010             -6.149281272775e-010
   9.057777682999e-010             -6.326328521143e-010
   9.105957351526e-010             -6.456270061561e-010
   9.154137020052e-010             -6.549423932764e-010
   9.202316688579e-010             -6.635433949976e-010
   9.250496357105e-010             -6.785752608972e-010
   9.298676025632e-010             -6.930512180372e-010
   9.346855694159e-010             -7.072891500876e-010
   9.395035362685e-010             -7.073685434725e-010
   9.443215031212e-010             -7.017316131433e-010
   9.491394699738e-010             -7.058071919242e-010
   9.539574368265e-010             -6.995879917505e-010
   9.587754036792e-010             -7.060982493138e-010
   9.635933705318e-010             -6.980795174371e-010
   9.684113373845e-010             -7.277726433965e-010
   9.732293042371e-010             -7.281167330863e-010
   9.780472710898e-010             -7.444452542294e-010
   9.828652379424e-010             -7.228237373816e-010
   9.876832047951e-010             -7.493411279443e-010
   9.925011716478e-010             -7.541047310394e-010
   9.973191385004e-010             -7.402902820636e-010
   1.002137105353e-009             -7.489441610197e-010
   1.006955072206e-009             -7.608531687575e-010
   1.011773039058e-009             -7.875558622401e-010
   1.016591005911e-009             -8.163491448154e-010
   1.021408972764e-009             -8.245531796120e-010
   1.026226939616e-009             -8.542728217215e-010
   1.031044906469e-009             -8.481064987827e-010
   1.035862873322e-009             -8.563899269643e-010
   1.040680840174e-009             -8.839129153809e-010
   1.045498807027e-009             -9.200899378189e-010
   1.050316773880e-009             -9.584104265844e-010
   1.055134740732e-009             -9.506827520973e-010
   1.059952707585e-009             -1.019437423437e-009
   1.064770674438e-009             -1.082502287212e-009
   1.069588641290e-009             -1.130720588007e-009
   1.074406608143e-009             -1.193970599637e-009
   1.079224574996e-009             -1.254362449410e-009
   1.084042541848e-009             -1.324704988448e-009
   1.088860508701e-009             -1.417092527408e-009
   1.093678475554e-009             -1.462029183272e-009
   1.098496442406e-009             -1.544651180822e-009
   1.103314409259e-009             -1.677767371180e-009
   1.108132376112e-009             -1.748401122672e-009
   1.112950342964e-009             -1.825650886198e-009
   1.117768309817e-009             -1.904673665276e-009
   1.122586276670e-009             -2.011960644451e-009
   1.127404243522e-009             -2.027654018515e-009
   1.132222210375e-009             -2.034773062073e-009
   1.137040177228e-009             -2.071479166990e-009
   1.141858144080e-009             -2.092783110298e-009
   1.146676110933e-009             -2.099663818636e-009
   1.151494077786e-009             -2.114378110996e-009
   1.156312044638e-009             -2.150793158523e-009
   1.161130011491e-009             -2.162860953031e-009
   1.165947978343e-009             -2.201181596861e-009
   1.170765945196e-009             -2.262976011413e-009
   1.175583912049e-009             -2.378916869544e-009
   1.180401878901e-009             -2.471066073284e-009
   1.185219845754e-009             -2.458521918467e-009
   1.190037812607e-009             -2.481837212548e-009
   1.194855779459e-009             -2.475829676379e-009
   1.199673746312e-009             -2.656582052753e-009
   1.204491713165e-009             -2.781573601700e-009
   1.209309680017e-009             -2.850778272263e-009
   1.214127646870e-009             -2.988208221557e-009
   1.218945613723e-009             -2.970053497496e-009
   1.223763580575e-009             -2.986064600164e-009
   1.228581547428e-009             -3.090678565337e-009
   1.233399514281e-009             -3.191772860488e-009
   1.238217481133e-009             -3.327747212703e-009
   1.243035447986e-009             -3.298980291212e-009
   1.247853414839e-009             -3.276485602196e-009
   1.252671381691e-009             -3.234618772194e-009
   1.257489348544e-009             -3.494605591651e-009
   1.262307315397e-009             -3.694015413481e-009
   1.267125282249e-009             -3.822950270589e-009
   1.271943249102e-009             -3.870030547845e-009
   1.276761215955e-009             -3.876143838484e-009
   1.281579182807e-009             -3.893822047171e-009
   1.286397149660e-009             -3.956119338182e-009
   1.291215116513e-009             -4.080423017879e-009
   1.296033083365e-009             -4.178076881329e-009
   1.300851050218e-009             -4.138512459489e-009
   1.305669017071e-009             -4.140020933803e-009
   1.310486983923e-009             -4.149045263533e-009
   1.315304950776e-009             -4.122236815581e-009
   1.320122917629e-009             -4.122898478810e-009
   1.324940884481e-009             -4.114032780784e-009
   1.329758851334e-009             -4.020401618881e-009
   1.334576818187e-009             -3.910018297694e-009
   1.339394785039e-009             -3.779416179503e-009
   1.344212751892e-009             -3.737681775186e-009
   1.349030718745e-009             -3.741227961358e-009
   1.353848685597e-009             -3.709735303695e-009
   1.358666652450e-009             -3.737205414877e-009
   1.363484619303e-009             -3.736649661183e-009
   1.368302586155e-009             -3.732706353021e-009
   1.373120553008e-009             -3.697032362108e-009
   1.377938519860e-009             -3.593027027865e-009
   1.382756486713e-009             -3.530544433934e-009
   1.387574453566e-009             -3.540018607825e-009
   1.392392420418e-009             -3.582785281211e-009
   1.397210387271e-009             -3.619041541968e-009
   1.402028354124e-009             -3.646882103925e-009
   1.406846320976e-009             -3.598346384655e-009
   1.411664287829e-009             -3.590671587403e-009
   1.416482254682e-009             -3.538404379041e-009
   1.421300221534e-009             -3.530729581789e-009
   1.426118188387e-009             -3.563598443145e-009
   1.430936155240e-009             -3.491959248864e-009
   1.435754122092e-009             -3.451177410101e-009
   1.440572088945e-009             -3.344419823536e-009
   1.445390055798e-009             -3.340503031525e-009
   1.450208022650e-009             -3.301123912605e-009
   1.455025989503e-009             -3.376203693653e-009
   1.459843956356e-009             -3.307845989238e-009
   1.464661923208e-009             -3.180604754299e-009
   1.469479890061e-009             -3.164726077316e-009
   1.474297856914e-009             -3.057598039976e-009
   1.479115823766e-009             -2.921147172386e-009
   1.483933790619e-009             -2.870626618493e-009
   1.488751757472e-009             -2.851307509808e-009
   1.493569724324e-009             -2.787210532029e-009
   1.498387691177e-009             -2.728803516879e-009
   1.503205658030e-009             -2.644752438400e-009
   1.508023624882e-009             -2.604103025322e-009
   1.512841591735e-009             -2.449074105661e-009
   1.517659558588e-009             -2.396753865000e-009
   1.522477525440e-009             -2.326226178108e-009
   1.527295492293e-009             -2.253528198608e-009
   1.532113459146e-009             -2.160770363938e-009
   1.536931425998e-009             -2.049037355208e-009
   1.541749392851e-009             -1.975016204314e-009
   1.546567359704e-009             -1.954426956535e-009
   1.551385326556e-009             -1.961942811952e-009
   1.556203293409e-009             -1.913459969917e-009
   1.561021260262e-009             -1.861324877111e-009
   1.565839227114e-009             -1.787885996061e-009
   1.570657193967e-009             -1.717861030563e-009
   1.575475160820e-009             -1.711880165610e-009
   1.580293127672e-009             -1.666149575897e-009
   1.585111094525e-009             -1.641061266262e-009
   1.589929061377e-009             -1.632724960846e-009
   1.594747028230e-009             -1.589005566841e-009
   1.599564995083e-009             -1.512020499620e-009
   1.604382961935e-009             -1.514878661477e-009
   1.609200928788e-009             -1.472165020391e-009
   1.614018895641e-009             -1.455360138938e-009
   1.618836862493e-009             -1.399308409186e-009
   1.623654829346e-009             -1.368900742762e-009
   1.628472796199e-009             -1.301416365582e-009
   1.633290763051e-009             -1.266959636527e-009
   1.638108729904e-009             -1.240997999659e-009
   1.642926696757e-009             -1.210299120780e-009
   1.647744663609e-009             -1.191826978244e-009
   1.652562630462e-009             -1.175445424801e-009
   1.657380597315e-009             -1.134134503559e-009
   1.662198564167e-009             -1.132811177100e-009
   1.667016531020e-009             -1.045796027229e-009
   1.671834497873e-009             -1.014753213726e-009
   1.676652464725e-009             -9.928406394889e-010
   1.681470431578e-009             -9.879976430089e-010
   1.686288398431e-009             -9.652647738374e-010
   1.691106365283e-009             -9.219423467568e-010
   1.695924332136e-009             -8.921169501775e-010
   1.700742298989e-009             -8.602802028253e-010
   1.705560265841e-009             -8.269349811596e-010
   1.710378232694e-009             -8.250030237715e-010
   1.715196199547e-009             -8.016878847555e-010
   1.720014166399e-009             -7.770759354308e-010
   1.724832133252e-009             -7.560895656624e-010
   1.729650100105e-009             -7.138259238010e-010
   1.734468066957e-009             -7.167104467429e-010
   1.739286033810e-009             -7.180072570516e-010
   1.744104000663e-009             -7.168692335127e-010
   1.748921967515e-009             -7.093005008606e-010
   1.753739934368e-009             -7.118410891780e-010
   1.758557901221e-009             -6.798719161407e-010
   1.763375868073e-009             -6.612675029850e-010
   1.768193834926e-009             -6.726471181132e-010
   1.773011801779e-009             -6.805070632201e-010
   1.777829768631e-009             -6.772519344384e-010
   1.782647735484e-009             -6.768286064290e-010
   1.787465702337e-009             -6.735469614973e-010
   1.792283669189e-009             -6.696301694863e-010
   1.797101636042e-009             -6.835770441471e-010
   1.801919602894e-009             -6.808246367598e-010
   1.806737569747e-009             -6.702653165656e-010
   1.811555536600e-009             -6.567155638946e-010
   1.816373503452e-009             -6.483263812433e-010
   1.821191470305e-009             -6.307804431764e-010
   1.826009437158e-009             -6.036279055343e-010
   1.830827404010e-009             -5.996317201383e-010
   1.835645370863e-009             -6.130757183396e-010
   1.840463337716e-009             -6.010873172169e-010
   1.845281304568e-009             -5.803391276032e-010
   1.850099271421e-009             -5.725850920312e-010
   1.854917238274e-009             -5.654925646234e-010
   1.859735205126e-009             -5.546685481245e-010
   1.864553171979e-009             -5.262987486238e-010
   1.869371138832e-009             -5.271720758579e-010
   1.874189105684e-009             -5.314062863434e-010
   1.879007072537e-009             -5.323855231125e-010
   1.883825039390e-009             -5.277807067872e-010
   1.888643006242e-009             -5.060269193196e-010
   1.893460973095e-009             -5.159245762843e-010
   1.898278939948e-009             -4.962350168246e-010
   1.903096906800e-009             -5.024807331483e-010
   1.907914873653e-009             -5.042537487013e-010
   1.912732840506e-009             -4.919214129541e-010
   1.917550807358e-009             -4.759633425856e-010
   1.922368774211e-009             -4.704586828761e-010
   1.927186741064e-009             -4.726023042689e-010
   1.932004707916e-009             -4.886397680225e-010
   1.936822674769e-009             -5.003634728403e-010
   1.941640641622e-009             -5.099700724155e-010
   1.946458608474e-009             -5.151836747352e-010
   1.951276575327e-009             -5.224878661477e-010
   1.956094542180e-009             -5.230436198421e-010
   1.960912509032e-009             -5.400338042147e-010
   1.965730475885e-009             -5.276747972522e-010
   1.970548442738e-009             -5.505400921087e-010
   1.975366409590e-009             -5.521544759571e-010
   1.980184376443e-009             -5.767929414319e-010
   1.985002343296e-009             -5.775603591310e-010
   1.989820310148e-009             -5.709178309479e-010
   1.994638277001e-009             -5.638253035401e-010
   1.999456243854e-009             -5.523132627270e-010
   2.004274210706e-009             -5.540599171952e-010
   2.009092177559e-009             -5.473643567120e-010
   2.013910144411e-009             -5.412775822233e-010
   2.018728111264e-009             -5.191797050660e-010
   2.023546078117e-009             -5.233611933818e-010
   2.028364044969e-009             -5.198942455302e-010
   2.033182011822e-009             -5.187298609065e-010
   2.037999978675e-009             -5.126430864178e-010
   2.042817945527e-009             -5.275425266324e-010
   2.047635912380e-009             -5.104994650250e-010
   2.052453879233e-009             -4.921595931089e-010
   2.057271846085e-009             -5.000989316007e-010
   2.062089812938e-009             -4.821823876940e-010
   2.066907779791e-009             -4.877929569384e-010
   2.071725746643e-009             -4.938268541922e-010
   2.076543713496e-009             -4.724170013491e-010
   2.081361680349e-009             -4.773393912140e-010
   2.086179647201e-009             -4.725757881189e-010
   2.090997614054e-009             -4.788215044426e-010
   2.095815580907e-009             -4.929535269581e-010
   2.100633547759e-009             -4.920801997240e-010
   2.105451514612e-009             -4.768630309045e-010
   2.110269481465e-009             -4.789802912125e-010
   2.115087448317e-009             -4.711997394905e-010
   2.119905415170e-009             -4.779745382934e-010
   2.124723382023e-009             -5.098906790305e-010
   2.129541348875e-009             -5.276484361674e-010
   2.134359315728e-009             -5.358523158988e-010
   2.139177282581e-009             -5.311681061887e-010
   2.143995249433e-009             -5.214292359937e-010
   2.148813216286e-009             -5.392927476004e-010
   2.153631183139e-009             -5.395838049900e-010
   2.158449149991e-009             -5.571827753570e-010
   2.163267116844e-009             -5.606495681434e-010
   2.168085083697e-009             -5.476555691668e-010
   2.172903050549e-009             -5.592998805998e-010
   2.177721017402e-009             -5.723997891113e-010
   2.182538984255e-009             -5.603319946037e-010
   2.187356951107e-009             -5.563888415079e-010
   2.192174917960e-009             -5.482376839461e-010
   2.196992884813e-009             -5.523926561119e-010
   2.201810851665e-009             -5.425478763820e-010
   2.206628818518e-009             -5.221172603080e-010
   2.211446785371e-009             -5.084615981020e-010
   2.216264752223e-009             -4.958910822001e-010
   2.221082719076e-009             -5.191003116811e-010
   2.225900685928e-009             -5.024013397634e-010
   2.230718652781e-009             -5.211381786041e-010
   2.235536619634e-009             -5.029570934578e-010
   2.240354586486e-009             -4.936415512723e-010
   2.245172553339e-009             -4.682885453333e-010
   2.249990520192e-009             -4.737403278078e-010
   2.254808487044e-009             -4.688442990277e-010
   2.259626453897e-009             -4.780275705934e-010
   2.264444420750e-009             -4.866284172495e-010
   2.269262387602e-009             -4.695853556420e-010
   2.274080354455e-009             -4.947795748112e-010
   2.278898321308e-009             -4.953882057405e-010
   2.283716288160e-009             -5.109227930345e-010
   2.288534255013e-009             -5.062650994743e-010
   2.293352221866e-009             -5.133839879669e-010
   2.298170188718e-009             -5.244196684706e-010
   2.302988155571e-009             -5.215086293787e-010
   2.307806122424e-009             -5.233611933818e-010
   2.312624089276e-009             -5.288393369412e-010
   2.317442056129e-009             -5.529218936563e-010
   2.322260022982e-009             -5.504343376390e-010
   2.327077989834e-009             -5.595115446045e-010
   2.331895956687e-009             -5.786983826699e-010
   2.336713923540e-009             -5.816888151468e-010
   2.341531890392e-009             -5.856850005427e-010
   2.346349857245e-009             -5.761841554374e-010
   2.351167824098e-009             -5.775868752811e-010
   2.355985790950e-009             -5.668687683171e-010
   2.360803757803e-009             -5.745168943541e-010
   2.365621724656e-009             -5.770046054366e-010
   2.370439691508e-009             -5.897869404084e-010
   2.375257658361e-009             -5.875110483959e-010
   2.380075625214e-009             -5.609406255330e-010
   2.384893592066e-009             -5.563094481229e-010
   2.389711558919e-009             -5.425478763820e-010
   2.394529525772e-009             -5.410128859185e-010
   2.399347492624e-009             -5.174330505978e-010
   2.404165459477e-009             -5.058416163997e-010
   2.408983426330e-009             -5.121930871932e-010
   2.413801393182e-009             -4.864696304796e-010
   2.418619360035e-009             -4.939326086619e-010
   2.423437326888e-009             -5.020307339236e-010
   2.428255293740e-009             -5.053123788553e-010
   2.433073260593e-009             -4.975053109833e-010
   2.437891227445e-009             -4.795624059917e-010
   2.442709194298e-009             -4.917889872691e-010
   2.447527161151e-009             -4.893277923367e-010
   2.452345128003e-009             -5.059740420847e-010
   2.457163094856e-009             -5.061328288545e-010
   2.461981061709e-009             -5.178036564375e-010
   2.466799028561e-009             -5.191003116811e-010
   2.471616995414e-009             -5.391868380654e-010
   2.476434962267e-009             -5.360376188187e-010
   2.481252929119e-009             -5.406159189939e-010
   2.486070895972e-009             -5.567064150475e-010
   2.490888862825e-009             -5.539540076602e-010
   2.495706829677e-009             -5.595909379894e-010
   2.500524796530e-009             -5.418333359178e-010
   2.505342763383e-009             -5.491904045651e-010
   2.510160730235e-009             -5.726379692661e-010
   2.514978697088e-009             -5.813712416071e-010
   2.519796663941e-009             -5.896546697886e-010
   2.524614630793e-009             -5.901573911830e-010
   2.529432597646e-009             -5.830119865403e-010
   2.534250564499e-009             -5.874845322458e-010
   2.539068531351e-009             -5.801803408333e-010
   2.543886498204e-009             -5.831972894602e-010
   2.548704465057e-009             -5.846792476236e-010
   2.553522431909e-009             -5.783014157453e-010
   2.558340398762e-009             -5.788835305246e-010
   2.563158365615e-009             -5.785659569849e-010
   2.567976332467e-009             -5.824827489960e-010
   2.572794299320e-009             -5.793598908341e-010
   2.577612266173e-009             -5.723732729613e-010
   2.582430233025e-009             -5.514134193428e-010
   2.587248199878e-009             -5.255048147746e-010
   2.592066166731e-009             -5.178036564375e-010
   2.596884133583e-009             -5.162421498240e-010
   2.601702100436e-009             -5.251342089349e-010
   2.606520067289e-009             -5.376254865171e-010
   2.611338034141e-009             -5.205030315248e-010
   2.616156000994e-009             -5.279923707919e-010
   2.620973967847e-009             -5.309564421839e-010
   2.625791934699e-009             -5.178830498225e-010
   2.630609901552e-009             -5.171419932081e-010
   2.635427868405e-009             -5.333647598815e-010
   2.640245835257e-009             -5.391074446805e-010
   2.645063802110e-009             -5.418068197677e-010
   2.649881768962e-009             -5.484758641009e-010
   2.654699735815e-009             -5.576591356665e-010
   2.659517702668e-009             -5.743317464994e-010
   2.664335669520e-009             -5.781426289755e-010
   2.669153636373e-009             -5.839647071594e-010
   2.673971603226e-009             -6.004256539875e-010
   2.678789570078e-009             -5.907661771775e-010
   2.683607536931e-009             -5.889930065593e-010
   2.688425503784e-009             -5.720028221867e-010
   2.693243470636e-009             -5.772162694413e-010
   2.698061437489e-009             -5.898663337934e-010
   2.702879404342e-009             -6.047394129231e-010
   2.707697371194e-009             -6.018547349160e-010
   2.712515338047e-009             -6.156163066569e-010
   2.717333304900e-009             -6.033897253795e-010
   2.722151271752e-009             -5.905543581076e-010
   2.726969238605e-009             -5.913748081068e-010
   2.731787205458e-009             -5.958473538123e-010
   2.736605172310e-009             -5.842559196142e-010
   2.741423139163e-009             -5.720028221867e-010
   2.746241106016e-009             -5.599350276791e-010
   2.751059072868e-009             -5.580295864411e-010
   2.755877039721e-009             -5.609142644482e-010
   2.760695006574e-009             -5.667628587821e-010
   2.765512973426e-009             -5.529218936563e-010
   2.770330940279e-009             -5.573415621269e-010
   2.775148907132e-009             -5.353759555893e-010
   2.779966873984e-009             -5.389751740607e-010
   2.784784840837e-009             -5.254782986246e-010
   2.789602807690e-009             -5.326237032672e-010
   2.794420774542e-009             -5.360641349688e-010
   2.799238741395e-009             -5.416216719130e-010
   2.804056708248e-009             -5.453795220890e-010
   2.808874675100e-009             -5.670539161718e-010
   2.813692641953e-009             -5.726644854161e-010
   2.818510608806e-009             -5.711560111027e-010
   2.823328575658e-009             -5.713676751074e-010
   2.828146542511e-009             -5.802862503683e-010
   2.832964509364e-009             -5.840971328444e-010
   2.837782476216e-009             -5.893370962490e-010
   2.842600443069e-009             -6.009020142970e-010
   2.847418409922e-009             -6.212267208361e-010
   2.852236376774e-009             -6.335592116485e-010
   2.857054343627e-009             -6.296952968723e-010
   2.861872310479e-009             -6.344588999674e-010
   2.866690277332e-009             -6.470030547845e-010
   2.871508244185e-009             -6.380052412039e-010
   2.876326211037e-009             -6.303304439517e-010
   2.881144177890e-009             -6.134990463490e-010
   2.885962144743e-009             -6.029397261548e-010
   2.890780111595e-009             -6.120699654205e-010
   2.895598078448e-009             -6.330298190389e-010
   2.900416045301e-009             -6.024370047605e-010
   2.905234012153e-009             -6.177334118997e-010
   2.910051979006e-009             -6.109849741816e-010
   2.914869945859e-009             -5.918511684163e-010
   2.919687912711e-009             -5.821122982214e-010
   2.924505879564e-009             -5.559388422832e-010
   2.929323846417e-009             -5.713941912574e-010
   2.934141813269e-009             -5.529484098063e-010
   2.938959780122e-009             -5.412510660733e-010
   2.943777746975e-009             -5.290244847959e-010
   2.948595713827e-009             -5.654660484734e-010
   2.953413680680e-009             -5.685095132503e-010
   2.958231647533e-009             -5.729820589558e-010
   2.963049614385e-009             -5.546685481245e-010
   2.967867581238e-009             -5.401660748345e-010
   2.972685548091e-009             -5.423362123773e-010
   2.977503514943e-009             -5.570503496720e-010
   2.982321481796e-009             -5.594057901348e-010
   2.987139448649e-009             -5.409334925336e-010
   2.991957415501e-009             -5.708119214130e-010
   2.996775382354e-009             -5.557536944285e-010
   3.001593349207e-009             -5.830385026904e-010
   3.006411316059e-009             -5.874580160958e-010
   3.011229282912e-009             -5.833825923801e-010
   3.016047249765e-009             -5.812124548373e-010
   3.020865216617e-009             -5.934125199646e-010
   3.025683183470e-009             -5.803126114531e-010
   3.030501150323e-009             -6.045806261533e-010
   3.035319117175e-009             -6.268371350153e-010
   3.040137084028e-009             -6.405987067562e-010
   3.044955050881e-009             -6.350676859619e-010
   3.049773017733e-009             -6.592826683620e-010
   3.054590984586e-009             -6.628817317682e-010
   3.059408951439e-009             -6.660574671649e-010
   3.064226918291e-009             -6.613468963699e-010
   3.069044885144e-009             -6.263607747058e-010
   3.073862851996e-009             -6.187126486688e-010
   3.078680818849e-009             -6.119376948007e-010
   3.083498785702e-009             -6.139754066585e-010
   3.088316752554e-009             -6.268636511653e-010
   3.093134719407e-009             -6.187655259036e-010
   3.097952686260e-009             -6.060891004667e-010
   3.102770653112e-009             -5.969058289011e-010
   3.107588619965e-009             -5.840177394594e-010
   3.112406586818e-009             -5.603054784537e-010
   3.117224553670e-009             -5.788571694397e-010
   3.122042520523e-009             -5.623433453767e-010
   3.126860487376e-009             -5.671333095567e-010
   3.131678454228e-009             -5.707325280280e-010
   3.136496421081e-009             -5.593792739847e-010
   3.141314387934e-009             -5.717381258819e-010
   3.146132354786e-009             -5.806301849928e-010
   3.150950321639e-009             -5.951591744328e-010
   3.155768288492e-009             -5.868228690164e-010
   3.160586255344e-009             -5.830119865403e-010
   3.165404222197e-009             -5.717646420320e-010
   3.170222189050e-009             -5.776132363659e-010
   3.175040155902e-009             -5.896281536386e-010
   3.179858122755e-009             -5.964294685915e-010
   3.184676089608e-009             -6.165953883608e-010
   3.189494056460e-009             -6.154044875870e-010
   3.194312023313e-009             -6.310980167160e-010
   3.199129990166e-009             -6.417102141450e-010
   3.203947957018e-009             -6.280810680891e-010
   3.208765923871e-009             -6.354910139714e-010
   3.213583890724e-009             -6.360997999659e-010
   3.218401857576e-009             -6.548629998915e-010
   3.223219824429e-009             -6.509992401805e-010
   3.228037791282e-009             -6.646549023865e-010
   3.232855758134e-009             -6.344854161175e-010
   3.237673724987e-009             -6.527193784987e-010
   3.242491691840e-009             -6.383756919785e-010
   3.247309658692e-009             -6.448594333917e-010
   3.252127625545e-009             -6.460503341655e-010
   3.256945592398e-009             -6.323946719596e-010
   3.261763559250e-009             -6.182626494441e-010
   3.266581526103e-009             -6.109584580316e-010
   3.271399492956e-009             -5.801538246833e-010
   3.276217459808e-009             -5.706002574082e-010
   3.281035426661e-009             -5.796245871389e-010
   3.285853393513e-009             -5.724526663462e-010
   3.290671360366e-009             -5.730878134255e-010
   3.295489327219e-009             -5.813712416071e-010
   3.300307294071e-009             -5.691711764797e-010
   3.305125260924e-009             -5.594586673696e-010
   3.309943227777e-009             -5.477349625518e-010
   3.314761194629e-009             -5.522073531920e-010
   3.319579161482e-009             -5.610465350680e-010
   3.324397128335e-009             -5.849968211633e-010
   3.329215095187e-009             -5.820857820714e-010
   3.334033062040e-009             -6.030456356898e-010
   3.338851028893e-009             -5.969058289011e-010
   3.343668995745e-009             -6.205386965219e-010
   3.348486962598e-009             -6.174687155949e-010
   3.353304929451e-009             -6.281339453240e-010
   3.358122896303e-009             -6.218089906806e-010
   3.362940863156e-009             -6.363908573555e-010
   3.367758830009e-009             -6.334004248787e-010
   3.372576796861e-009             -6.400429530618e-010
   3.377394763714e-009             -6.587797919025e-010
   3.382212730567e-009             -6.630670346881e-010
   3.387030697419e-009             -6.751877064306e-010
   3.391848664272e-009             -6.742086247267e-010
   3.396666631125e-009             -6.743937725814e-010
   3.401484597977e-009             -6.560275395804e-010
   3.406302564830e-009             -6.633580920777e-010
   3.411120531683e-009             -6.488291026377e-010
   3.415938498535e-009             -6.670895811689e-010
   3.420756465388e-009             -6.659517126952e-010
   3.425574432241e-009             -6.501787901813e-010
   3.430392399093e-009             -6.603676596009e-010
   3.435210365946e-009             -6.558157205105e-010
   3.440028332799e-009             -6.619820434493e-010
   3.444846299651e-009             -6.565302609747e-010
   3.449664266504e-009             -6.269959217851e-010
   3.454482233357e-009             -6.083121152445e-010
   3.459300200209e-009             -5.858437873126e-010
   3.464118167062e-009             -5.875904417808e-010
   3.468936133915e-009             -5.759724914326e-010
   3.473754100767e-009             -6.044482004683e-010
   3.478572067620e-009             -5.981497619749e-010
   3.483390034473e-009             -5.895752764037e-010
   3.488208001325e-009             -5.894958830188e-010
   3.493025968178e-009             -5.826944130007e-010
   3.497843935030e-009             -5.767135480470e-010
   3.502661901883e-009             -5.814241188420e-010
   3.507479868736e-009             -5.619463784521e-010
   3.512297835588e-009             -5.939153964242e-010
   3.517115802441e-009             -5.885166462497e-010
   3.521933769294e-009             -5.984673355146e-010
   3.526751736146e-009             -6.198505171425e-010
   3.531569702999e-009             -6.404664361364e-010
   3.536387669852e-009             -6.406781001411e-010
   3.541205636704e-009             -6.582769154429e-010
   3.546023603557e-009             -6.548366388066e-010
   3.550841570410e-009             -6.462356370854e-010
   3.555659537262e-009             -6.708741025601e-010
   3.560477504115e-009             -6.608968971452e-010
   3.565295470968e-009             -6.715886430244e-010
   3.570113437820e-009             -6.976560343624e-010
   3.574931404673e-009             -6.917280466436e-010
   3.579749371526e-009             -6.952213555800e-010
   3.584567338378e-009             -7.108089751741e-010
   3.589385305231e-009             -6.922572841880e-010
   3.594203272084e-009             -6.721178805688e-010
   3.599021238936e-009             -6.792898013615e-010
   3.603839205789e-009             -6.706622834902e-010
   3.608657172642e-009             -6.717209136442e-010
   3.613475139494e-009             -6.783634418273e-010
   3.618293106347e-009             -6.443301958474e-010
   3.623111073200e-009             -6.286368217836e-010
   3.627929040052e-009             -6.481145621734e-010
   3.632747006905e-009             -6.547042131216e-010
   3.637564973758e-009             -6.362320705857e-010
   3.642382940610e-009             -6.442242863124e-010
   3.647200907463e-009             -6.276310688645e-010
   3.652018874316e-009             -6.078621160198e-010
   3.656836841168e-009             -5.947093302734e-010
   3.661654808021e-009             -6.052157732326e-010
   3.666472774874e-009             -6.254874474717e-010
   3.671290741726e-009             -6.166219045108e-010
   3.676108708579e-009             -6.132345051094e-010
   3.680926675432e-009             -6.039718401588e-010
   3.685744642284e-009             -6.056656173921e-010
   3.690562609137e-009             -6.074122718603e-010
   3.695380575990e-009             -6.052157732326e-010
   3.700198542842e-009             -6.056127401572e-010
   3.705016509695e-009             -6.155369132720e-010
   3.709834476547e-009             -6.079945417048e-010
   3.714652443400e-009             -6.186332552838e-010
   3.719470410253e-009             -6.518196901797e-010
   3.724288377105e-009             -6.648136891563e-010
   3.729106343958e-009             -6.624318876087e-010
   3.733924310811e-009             -6.820685698336e-010
   3.738742277663e-009             -6.842650684613e-010
   3.743560244516e-009             -6.909341127944e-010
   3.748378211369e-009             -6.778607204329e-010
   3.753196178221e-009             -6.798719161407e-010
   3.758014145074e-009             -6.744996821163e-010
   3.762832111927e-009             -6.861176324645e-010
   3.767650078779e-009             -6.838415853867e-010
   3.772468045632e-009             -6.713239467196e-010
   3.777286012485e-009             -6.845561258509e-010
   3.782103979337e-009             -6.733881747275e-010
   3.786921946190e-009             -6.487762254028e-010
   3.791739913043e-009             -6.405458295213e-010
   3.796557879895e-009             -6.266254710106e-010
   3.801375846748e-009             -6.360997999659e-010
   3.806193813601e-009             -6.330298190389e-010
   3.811011780453e-009             -6.231586782242e-010
   3.815829747306e-009             -6.179981082045e-010
   3.820647714159e-009             -6.188449192886e-010
   3.825465681011e-009             -6.294836328676e-010
   3.830283647864e-009             -6.319183116500e-010
   3.835101614717e-009             -6.184214362139e-010
   3.839919581569e-009             -6.095030160182e-010
   3.844737548422e-009             -5.977527950503e-010
   3.849555515275e-009             -6.042365364636e-010
   3.854373482127e-009             -6.248523003923e-010
   3.859191448980e-009             -6.361526772008e-010
   3.864009415833e-009             -6.220471708353e-010
   3.868827382685e-009             -6.281339453240e-010
   3.873645349538e-009             -6.339561785731e-010
   3.878463316391e-009             -6.513433298702e-010
   3.883281283243e-009             -6.647608119214e-010
   3.888099250096e-009             -6.449653429267e-010
   3.892917216949e-009             -6.717737908791e-010
   3.897735183801e-009             -6.691009319419e-010
   3.902553150654e-009             -6.721443967188e-010
   3.907371117507e-009             -6.936334878817e-010
   3.912189084359e-009             -7.155195459691e-010
   3.917007051212e-009             -7.280637007862e-010
   3.921825018064e-009             -7.293605110949e-010
   3.926642984917e-009             -7.307101986385e-010
   3.931460951770e-009             -7.089564111709e-010
   3.936278918622e-009             -6.995351145157e-010
   3.941096885475e-009             -6.938187908015e-010
   3.945914852328e-009             -6.838681015367e-010
   3.950732819180e-009             -6.832064383073e-010
   3.955550786033e-009             -7.024196374576e-010
   3.960368752886e-009             -6.889757943215e-010
   3.965186719738e-009             -6.907753260246e-010
   3.970004686591e-009             -6.513433298702e-010
   3.974822653444e-009             -6.287690924034e-010
   3.979640620296e-009             -6.280016747042e-010
   3.984458587149e-009             -6.298277225573e-010
   3.989276554002e-009             -6.300659027121e-010
   3.994094520854e-009             -6.156426677418e-010
   3.998912487707e-009             -6.107202778768e-010
   4.003730454560e-009             -5.958208376622e-010
   4.008548421412e-009             -6.127581447999e-010
   4.013366388265e-009             -6.276841011645e-010
   4.018184355118e-009             -6.149811595776e-010
   4.023002321970e-009             -6.136578331188e-010
   4.027820288823e-009             -6.236879157686e-010
   4.032638255676e-009             -6.147693405077e-010
   4.037456222528e-009             -6.172041743553e-010
   4.042274189381e-009             -5.985202127495e-010
   4.047092156234e-009             -6.267048643955e-010
   4.051910123086e-009             -6.598912992914e-010
   4.056728089939e-009             -6.497818232567e-010
   4.061546056792e-009             -6.533016483431e-010
   4.066364023644e-009             -6.509992401805e-010
   4.071181990497e-009             -6.510786335654e-010
   4.075999957350e-009             -6.789457116718e-010
   4.080817924202e-009             -6.634374854626e-010
   4.085635891055e-009             -6.628553706834e-010
   4.090453857908e-009             -6.799249484408e-010
   4.095271824760e-009             -6.863027803191e-010
   4.100089791613e-009             -6.905636620199e-010
   4.104907758466e-009             -6.895579091008e-010
   4.109725725318e-009             -6.930512180372e-010
   4.114543692171e-009             -7.108353362589e-010
   4.119361659024e-009             -7.073950596226e-010
   4.124179625876e-009             -6.981589108220e-010
   4.128997592729e-009             -6.866468700088e-010
   4.133815559581e-009             -6.759552791949e-010
   4.138633526434e-009             -6.782576873575e-010
   4.143451493287e-009             -6.734940842624e-010
   4.148269460139e-009             -6.898226054056e-010
   4.153087426992e-009             -6.720650033339e-010
   4.157905393845e-009             -6.682541208578e-010
   4.162723360697e-009             -6.590973654422e-010
   4.167541327550e-009             -6.426100575292e-010
   4.172359294403e-009             -6.376611515142e-010
   4.177177261255e-009             -6.154838809719e-010
   4.181995228108e-009             -6.088148366388e-010
   4.186813194961e-009             -6.153516103522e-010
   4.191631161813e-009             -6.028868489200e-010
   4.196449128666e-009             -6.115936051109e-010
   4.201267095519e-009             -6.129698088046e-010
   4.206085062371e-009             -6.100057374126e-010
   4.210903029224e-009             -6.179450759044e-010
   4.215720996077e-009             -6.287690924034e-010
   4.220538962929e-009             -6.426894509141e-010
   4.225356929782e-009             -6.369731272000e-010
   4.230174896635e-009             -6.472412349393e-010
   4.234992863487e-009             -6.331357285739e-010
   4.239810830340e-009             -6.529311975686e-010
   4.244628797193e-009             -6.648665663912e-010
   4.249446764045e-009             -6.784958675123e-010
   4.254264730898e-009             -6.725413636434e-010
   4.259082697751e-009             -7.007523763743e-010
   4.263900664603e-009             -6.719856099490e-010
   4.268718631456e-009             -6.765110328893e-010
   4.273536598309e-009             -6.581446448231e-010
   4.278354565161e-009             -6.608175037603e-010
   4.283172532014e-009             -6.759816402797e-010
   4.287990498867e-009             -6.741821085767e-010
   4.292808465719e-009             -6.629347640683e-010
   4.297626432572e-009             -6.744731659663e-010
   4.302444399425e-009             -6.791044984416e-010
   4.307262366277e-009             -6.756377056552e-010
   4.312080333130e-009             -6.605264463707e-010
   4.316898299983e-009             -6.677777605483e-010
   4.321716266835e-009             -6.628288545333e-010
   4.326534233688e-009             -6.471618415544e-010
   4.331352200541e-009             -6.378199382840e-010
   4.336170167393e-009             -6.275781916296e-010
   4.340988134246e-009             -6.485380452480e-010
   4.345806101098e-009             -6.358351036611e-010
   4.350624067951e-009             -6.340619330428e-010
   4.355442034804e-009             -6.109849741816e-010
   4.360260001656e-009             -6.113290638714e-010
   4.365077968509e-009             -6.119376948007e-010
   4.369895935362e-009             -6.009548915319e-010
   4.374713902214e-009             -5.964294685915e-010
   4.379531869067e-009             -5.979115818202e-010
   4.384349835920e-009             -5.983349098296e-010
   4.389167802772e-009             -6.288484857883e-010
   4.393985769625e-009             -6.430599016887e-010
   4.398803736478e-009             -6.652635333158e-010
   4.403621703330e-009             -6.603676596009e-010
   4.408439670183e-009             -6.778076881329e-010
   4.413257637036e-009             -6.682541208578e-010
   4.418075603888e-009             -6.865939927740e-010
   4.422893570741e-009             -6.772255733536e-010
   4.427711537594e-009             -6.905900231047e-010
   4.432529504446e-009             -6.968621005133e-010
   4.437347471299e-009             -7.288312735505e-010
   4.442165438152e-009             -6.986617872816e-010
   4.446983405004e-009             -6.997467785204e-010
   4.451801371857e-009             -6.848473383058e-010
   4.456619338710e-009             -7.095121648653e-010
   4.461437305562e-009             -6.842385523112e-010
   4.466255272415e-009             -6.961475600490e-010
   4.471073239268e-009             -6.734146908775e-010
   4.475891206120e-009             -6.780723844377e-010
   4.480709172973e-009             -6.575360138938e-010
   4.485527139826e-009             -6.458386701608e-010
   4.490345106678e-009             -6.649989920762e-010
   4.495163073531e-009             -6.626965839135e-010
   4.499981040384e-009             -6.471089643195e-010
   4.504799007236e-009             -6.390902324427e-010
   4.509616974089e-009             -6.340619330428e-010
   4.514434940942e-009             -6.249316937772e-010
   4.519252907794e-009             -6.274987982447e-010
   4.524070874647e-009             -6.242436694630e-010
   4.528888841500e-009             -6.210414179162e-010
   4.533706808352e-009             -6.111437609515e-010
   4.538524775205e-009             -6.238732186885e-010
   4.543342742058e-009             -6.129698088046e-010
   4.548160708910e-009             -6.051892570826e-010
   4.552978675763e-009             -6.104820977221e-010
   4.557796642615e-009             -6.079680255547e-010
   4.562614609468e-009             -6.125993580301e-010
   4.567432576321e-009             -6.159073640466e-010
   4.572250543173e-009             -6.163043309712e-010
   4.577068510026e-009             -6.219941385353e-010
   4.581886476879e-009             -6.350940470468e-010
   4.586704443731e-009             -6.447271627719e-010
   4.591522410584e-009             -6.569537440494e-010
   4.596340377437e-009             -6.653429267007e-010
   4.601158344289e-009             -6.900873017104e-010
   4.605976311142e-009             -6.988999674363e-010
   4.610794277995e-009             -6.809305462947e-010
   4.615612244847e-009             -6.683335142427e-010
   4.620430211700e-009             -6.716680364093e-010
   4.625248178553e-009             -6.933687915769e-010
   4.630066145405e-009             -7.076861170122e-010
   4.634884112258e-009             -7.293076338600e-010
   4.639702079111e-009             -7.148315216549e-010
   4.644520045963e-009             -7.113647288685e-010
   4.649338012816e-009             -7.003554094497e-010
   4.654155979669e-009             -6.962005923491e-010
   4.658973946521e-009             -6.674865480935e-010
   4.663791913374e-009             -6.742880181116e-010
   4.668609880227e-009             -6.604470529858e-010
   4.673427847079e-009             -6.575888911287e-010
   4.678245813932e-009             -6.568214734296e-010
   4.683063780785e-009             -6.546248197367e-010
   4.687881747637e-009             -6.621408302191e-010
   4.692699714490e-009             -6.332679991937e-010
   4.697517681343e-009             -6.118848175658e-010
   4.702335648195e-009             -6.161455442013e-010
   4.707153615048e-009             -6.021988246057e-010
   4.711971581901e-009             -5.971970413559e-010
   4.716789548753e-009             -6.127051124998e-010
   4.721607515606e-009             -6.035485121494e-010
   4.726425482459e-009             -6.081268123246e-010
   4.731243449311e-009             -6.068565181659e-010
   4.736061416164e-009             -6.363379801206e-010
   4.740879383017e-009             -6.261491107010e-010
   4.745697349869e-009             -6.210414179162e-010
   4.750515316722e-009             -6.050039541627e-010
   4.755333283575e-009             -6.247994231574e-010
   4.760151250427e-009             -6.398312890570e-010
   4.764969217280e-009             -6.390108390578e-010
   4.769787184132e-009             -6.388520522880e-010
   4.774605150985e-009             -6.349882925770e-010
   4.779423117838e-009             -6.573507109740e-010
   4.784241084690e-009             -6.752670998155e-010
   4.789059051543e-009             -6.741292313418e-010
   4.793877018396e-009             -6.796867682861e-010
   4.798694985248e-009             -6.755846733551e-010
   4.803512952101e-009             -6.733352974926e-010
   4.808330918954e-009             -6.739439284219e-010
   4.813148885806e-009             -6.817773573788e-010
