# Atom Manipulation               
# 
# Sample                          Ag(111)
# Data set                        -
# Creation Comment                
# Gap voltage                     -1.000e-004 V
# Gap voltage range in Volt       -1;1
# Feedback loop enabled           No
# Regulator setpoint              1.000e-009 A
# Pre-amplifier range             0;3.33e-007
# Loop gain                       7.000e+000 %
# Z-axis offset                   -8.000e-010 m
# Parameter mode                  V before Z
# Raster time                     1.000e-002 seconds
# Channel name and data unit      I(r) [A]
# Manipulation vector: start      -8.280e+000, -2.160e+000 [nm]
#                      end        8.160e+000, -3.240e+000 [nm]
# 
# 
#            Position                             I(r)
# -------------------             --------------------
   0.00000000000e+000             -1.768667943370e-008
   8.23771813065e-011             -1.767958008343e-008
   1.64754362613e-010             -1.758980663369e-008
   2.47131543919e-010             -1.778878692490e-008
   3.29508725226e-010             -1.771857510583e-008
   4.11885906532e-010             -1.773976538634e-008
   4.94263087839e-010             -1.769643970290e-008
   5.76640269145e-010             -1.772261905131e-008
   6.59017450452e-010             -1.773349330894e-008
   7.41394631758e-010             -1.791566778830e-008
   8.23771813065e-010             -1.791615965513e-008
   9.06148994371e-010             -1.781487928174e-008
   9.88526175678e-010             -1.766558901518e-008
   1.07090335698e-009             -1.875130626929e-008
   1.15328053829e-009             -1.868708725519e-008
   1.23565771960e-009             -1.865162663400e-008
   1.31803490090e-009             -1.870447192544e-008
   1.40041208221e-009             -1.897948037650e-008
   1.48278926352e-009             -1.918806974833e-008
   1.56516644482e-009             -1.920284978834e-008
   1.64754362613e-009             -1.895838732187e-008
   1.72992080744e-009             -1.891563522461e-008
   1.81229798874e-009             -1.915431220828e-008
   1.89467517005e-009             -1.902767216114e-008
   1.97705235136e-009             -1.886050039542e-008
   2.05942953266e-009             -1.889624277008e-008
   2.14180671397e-009             -1.898751445983e-008
   2.22418389527e-009             -1.941732466002e-008
   2.30656107658e-009             -1.947778908031e-008
   2.38893825789e-009             -1.926607762564e-008
   2.47131543919e-009             -1.899626044752e-008
   2.55369262050e-009             -1.952148366388e-008
   2.63606980181e-009             -1.966490905426e-008
   2.71844698311e-009             -1.980290747259e-008
   2.80082416442e-009             -1.911773232644e-008
   2.88320134573e-009             -1.928821814573e-008
   2.96557852703e-009             -1.960545364326e-008
   3.04795570834e-009             -1.957223650545e-008
   3.13033288965e-009             -1.942238009583e-008
   3.21271007095e-009             -1.924643163950e-008
   3.29508725226e-009             -1.954461784180e-008
   3.37746443357e-009             -1.942016731536e-008
   3.45984161487e-009             -1.912082866846e-008
   3.54221879618e-009             -1.920111848532e-008
   3.62459597748e-009             -1.922476747973e-008
   3.70697315879e-009             -1.953723425701e-008
   3.78935034010e-009             -1.944104777559e-008
   3.87172752140e-009             -1.939919722743e-008
   3.95410470271e-009             -1.908349842609e-008
   4.03648188402e-009             -1.929510490161e-008
   4.11885906532e-009             -1.949345004574e-008
   4.20123624663e-009             -1.948298547039e-008
   4.28361342794e-009             -1.980971235404e-008
   4.36599060924e-009             -1.972838794213e-008
   4.44836779055e-009             -1.977978104793e-008
   4.53074497186e-009             -1.964572144087e-008
   4.61312215316e-009             -1.979356215789e-008
   4.69549933447e-009             -1.897829195677e-008
   4.77787651578e-009             -1.937877017786e-008
   4.86025369708e-009             -1.913112174169e-008
   4.94263087839e-009             -1.902141279908e-008
   5.02500805970e-009             -1.967880801377e-008
   5.10738524100e-009             -1.941313976027e-008
   5.18976242231e-009             -1.944004900060e-008
   5.27213960361e-009             -1.925601001721e-008
   5.35451678492e-009             -1.887795158864e-008
   5.43689396623e-009             -1.875756299524e-008
   5.51927114753e-009             -1.932469304843e-008
   5.60164832884e-009             -1.917444478903e-008
   5.68402551015e-009             -1.883617531672e-008
   5.76640269145e-009             -1.858175781916e-008
   5.84877987276e-009             -1.883667462668e-008
   5.93115705407e-009             -1.866651413419e-008
   6.01353423537e-009             -1.871222425530e-008
   6.09591141668e-009             -1.860452077098e-008
   6.17828859799e-009             -1.893383429732e-008
   6.26066577929e-009             -1.918764983175e-008
   6.34304296060e-009             -1.906539161718e-008
   6.42542014191e-009             -1.876846035758e-008
   6.50779732321e-009             -1.881974848424e-008
   6.59017450452e-009             -1.918602087178e-008
   6.67255168582e-009             -1.919666981966e-008
   6.75492886713e-009             -1.940582021740e-008
   6.83730604844e-009             -1.944759400828e-008
   6.91968322974e-009             -1.919333793360e-008
   7.00206041105e-009             -1.911071764177e-008
   7.08443759236e-009             -1.903898432291e-008
   7.16681477366e-009             -1.885661771775e-008
   7.24919195497e-009             -1.869928825071e-008
   7.33156913628e-009             -1.926639008203e-008
   7.41394631758e-009             -1.928291165935e-008
   7.49632349889e-009             -1.956082169052e-008
   7.57870068020e-009             -1.943146179969e-008
   7.66107786150e-009             -1.962606010327e-008
   7.74345504281e-009             -1.950666780381e-008
   7.82583222412e-009             -1.911985036208e-008
   7.90820940542e-009             -1.881107413667e-008
   7.99058658673e-009             -1.915364372219e-008
   8.07296376803e-009             -1.919995317031e-008
   8.15534094934e-009             -1.923161066228e-008
   8.23771813065e-009             -1.953522631767e-008
   8.32009531195e-009             -1.956570050706e-008
   8.40247249326e-009             -1.950602242243e-008
   8.48484967457e-009             -1.952388593404e-008
   8.56722685587e-009             -1.950924421219e-008
   8.64960403718e-009             -1.972063809332e-008
   8.73198121849e-009             -1.939923568360e-008
   8.81435839979e-009             -1.930671680442e-008
   8.89673558110e-009             -1.902810231202e-008
   8.97911276241e-009             -1.893558606894e-008
   9.06148994371e-009             -1.897237590907e-008
   9.14386712502e-009             -1.882576454899e-008
   9.22624430633e-009             -1.874248848641e-008
   9.30862148763e-009             -1.880223588519e-008
   9.39099866894e-009             -1.884968490750e-008
   9.47337585024e-009             -1.921296608724e-008
   9.55575303155e-009             -1.907964397029e-008
   9.63813021286e-009             -1.882637907240e-008
   9.72050739416e-009             -1.867802617501e-008
   9.80288457547e-009             -1.918863061918e-008
   9.88526175678e-009             -1.906485896820e-008
   9.96763893808e-009             -1.939215695700e-008
   1.00500161194e-008             -1.942178852207e-008
   1.01323933007e-008             -1.927236257346e-008
   1.02147704820e-008             -1.888149870521e-008
   1.02971476633e-008             -1.893292251392e-008
   1.03795248446e-008             -1.867684814464e-008
   1.04619020259e-008             -1.875795220890e-008
   1.05442792072e-008             -1.894989734683e-008
   1.06266563885e-008             -1.884341794725e-008
   1.07090335698e-008             -1.927016514444e-008
   1.07914107511e-008             -1.929529950844e-008
   1.08737879325e-008             -1.920886321698e-008
   1.09561651138e-008             -1.926010513421e-008
   1.10385422951e-008             -1.873134782676e-008
   1.11209194764e-008             -1.857119849897e-008
   1.12032966577e-008             -1.888036145699e-008
   1.12856738390e-008             -1.897304175906e-008
   1.13680510203e-008             -1.868819116438e-008
   1.14504282016e-008             -1.864405867667e-008
   1.15328053829e-008             -1.882268603948e-008
   1.16151825642e-008             -1.877524973251e-008
   1.16975597455e-008             -1.865483059126e-008
   1.17799369268e-008             -1.870756051420e-008
   1.18623141081e-008             -1.870382902511e-008
   1.19446912894e-008             -1.922166338445e-008
   1.20270684707e-008             -1.906978135806e-008
   1.21094456521e-008             -1.879039603653e-008
   1.21918228334e-008             -1.875650265937e-008
   1.22742000147e-008             -1.932452650840e-008
   1.23565771960e-008             -1.919766363256e-008
   1.24389543773e-008             -1.947591697809e-008
   1.25213315586e-008             -1.950330257873e-008
   1.26037087399e-008             -1.934625471011e-008
   1.26860859212e-008             -1.909145063499e-008
   1.27684631025e-008             -1.919128657601e-008
   1.28508402838e-008             -1.888758889113e-008
   1.29332174651e-008             -1.882406642993e-008
   1.30155946464e-008             -1.925592814278e-008
   1.30979718277e-008             -1.931288638372e-008
   1.31803490090e-008             -1.955296174541e-008
   1.32627261903e-008             -1.953928825071e-008
   1.33451033716e-008             -1.953334909830e-008
   1.34274805530e-008             -1.955177348075e-008
   1.35098577343e-008             -1.902806649196e-008
   1.35922349156e-008             -1.883005179178e-008
   1.36746120969e-008             -1.899355595528e-008
   1.37569892782e-008             -1.930340786801e-008
   1.38393664595e-008             -1.882223790104e-008
   1.39217436408e-008             -1.871245220115e-008
   1.40041208221e-008             -1.895299616989e-008
   1.40864980034e-008             -1.910254524027e-008
   1.41688751847e-008             -1.880719409512e-008
   1.42512523660e-008             -1.886169129619e-008
   1.43336295473e-008             -1.875835181194e-008
   1.44160067286e-008             -1.944040503032e-008
   1.44983839099e-008             -1.921389570314e-008
   1.45807610912e-008             -1.897166136861e-008
   1.46631382726e-008             -1.890156212687e-008
   1.47455154539e-008             -1.932350214765e-008
   1.48278926352e-008             -1.942196266030e-008
   1.49102698165e-008             -1.960513606972e-008
   1.49926469978e-008             -1.957457985083e-008
   1.50750241791e-008             -1.951737815752e-008
   1.51574013604e-008             -1.962301493278e-008
   1.52397785417e-008             -2.016006512739e-008
   1.53221557230e-008             -1.982426429314e-008
   1.54045329043e-008             -1.968056490254e-008
   1.54869100856e-008             -2.007704771356e-008
   1.55692872669e-008             -2.014938284048e-008
   1.56516644482e-008             -1.975727674487e-008
   1.57340416295e-008             -1.952257454760e-008
   1.58164188108e-008             -1.962492285506e-008
   1.58987959921e-008             -1.957847524384e-008
   1.59811731735e-008             -1.940656809688e-008
   1.60635503548e-008             -1.891246972352e-008
   1.61459275361e-008             -1.909962303649e-008
   1.62283047174e-008             -1.919849075036e-008
   1.63106818987e-008             -1.924786320148e-008
   1.63930590800e-008             -1.968200933493e-008
