# Atom Manipulation               
# 
# Sample                          Ag(111)
# Data set                        -
# Creation Comment                
# Gap voltage                     -1.000e-004 V
# Gap voltage range in Volt       -1;1
# Feedback loop enabled           No
# Regulator setpoint              1.000e-009 A
# Pre-amplifier range             0;3.33e-007
# Loop gain                       7.000e+000 %
# Z-axis offset                   -8.000e-010 m
# Parameter mode                  V before Z
# Raster time                     1.000e-002 seconds
# Channel name and data unit      I(r) [A]
# Manipulation vector: start      -1.224e+001, -4.680e+000 [nm]
#                      end        -1.380e+001, -6.780e+000 [nm]
# 
# 
#             Position                             I(r)
# --------------------             --------------------
   0.000000000000e+000             -1.839031989952e-008
   1.308013761395e-011             -1.844263502303e-008
   2.616027522791e-011             -1.856013211555e-008
   3.924041284186e-011             -1.867893284126e-008
   5.232055045582e-011             -1.863577617888e-008
   6.540068806977e-011             -1.866019600242e-008
   7.848082568373e-011             -1.876958985253e-008
   9.156096329768e-011             -1.879241157407e-008
   1.046411009116e-010             -1.868799128534e-008
   1.177212385256e-010             -1.879152289538e-008
   1.308013761395e-010             -1.884389430756e-008
   1.438815137535e-010             -1.875552187195e-008
   1.569616513675e-010             -1.844118547349e-008
   1.700417889814e-010             -1.856918559754e-008
   1.831219265954e-010             -1.857487106328e-008
   1.962020642093e-010             -1.851526461877e-008
   2.092822018233e-010             -1.847099893005e-008
   2.223623394372e-010             -1.859277814821e-008
   2.354424770512e-010             -1.868277442665e-008
   2.485226146651e-010             -1.861920343004e-008
   2.616027522791e-010             -1.867525004264e-008
   2.746828898931e-010             -1.883066895129e-008
   2.877630275070e-010             -1.880787529656e-008
   3.008431651210e-010             -1.875580098932e-008
   3.139233027349e-010             -1.888738916714e-008
   3.270034403489e-010             -1.896935896044e-008
   3.400835779628e-010             -1.886607576486e-008
   3.531637155768e-010             -1.895247639132e-008
   3.662438531907e-010             -1.900647660841e-008
   3.793239908047e-010             -1.899187597885e-008
   3.924041284186e-010             -1.893718665199e-008
   4.054842660326e-010             -1.905286544992e-008
   4.185644036466e-010             -1.911058955791e-008
   4.316445412605e-010             -1.903828777001e-008
   4.447246788745e-010             -1.899543844687e-008
   4.578048164884e-010             -1.909565073113e-008
   4.708849541024e-010             -1.909363782971e-008
   4.839650917163e-010             -1.878841120191e-008
   4.970452293303e-010             -1.871157623781e-008
   5.101253669442e-010             -1.888873373754e-008
   5.232055045582e-010             -1.882636635705e-008
   5.362856421722e-010             -1.876599916265e-008
   5.493657797861e-010             -1.883542991828e-008
   5.624459174001e-010             -1.896877762099e-008
   5.755260550140e-010             -1.892289584270e-008
   5.886061926280e-010             -1.888979655445e-008
   6.016863302419e-010             -1.914781482113e-008
   6.147664678559e-010             -1.919953821582e-008
   6.278466054698e-010             -1.910963931833e-008
   6.409267430838e-010             -1.914080261750e-008
   6.540068806977e-010             -1.923971390470e-008
   6.670870183117e-010             -1.921270216626e-008
   6.801671559257e-010             -1.916215943804e-008
   6.932472935396e-010             -1.922910853014e-008
   7.063274311536e-010             -1.983183752268e-008
   7.194075687675e-010             -1.980359906341e-008
   7.324877063815e-010             -1.978558699933e-008
   7.455678439954e-010             -1.988599404550e-008
   7.586479816094e-010             -1.990709469832e-008
   7.717281192233e-010             -1.980208283583e-008
   7.848082568373e-010             -1.947937431190e-008
   7.978883944513e-010             -1.941109088372e-008
   8.109685320652e-010             -1.937567631689e-008
   8.240486696792e-010             -1.929423669153e-008
   8.371288072931e-010             -1.930950844330e-008
   8.502089449071e-010             -1.940443719084e-008
   8.632890825210e-010             -1.926046380003e-008
   8.763692201350e-010             -1.925249360356e-008
   8.894493577489e-010             -1.935196328056e-008
   9.025294953629e-010             -1.942724107987e-008
   9.156096329768e-010             -1.937165547613e-008
   9.286897705908e-010             -1.939860053653e-008
   9.417699082048e-010             -1.954256632914e-008
   9.548500458187e-010             -1.958201724325e-008
   9.679301834327e-010             -1.960134301974e-008
   9.810103210466e-010             -1.966243498891e-008
   9.940904586606e-010             -1.971208655740e-008
   1.007170596275e-009             -1.968273410969e-008
   1.020250733888e-009             -1.963669106359e-008
   1.033330871502e-009             -1.969693529129e-008
   1.046411009116e-009             -1.971744188931e-008
   1.059491146730e-009             -1.965234954798e-008
   1.072571284344e-009             -1.964630029928e-008
   1.085651421958e-009             -1.972056629813e-008
   1.098731559572e-009             -1.965756904278e-008
   1.111811697186e-009             -1.963994619237e-008
   1.124891834800e-009             -1.964961683388e-008
   1.137971972414e-009             -1.969453302114e-008
   1.151052110028e-009             -1.963174045186e-008
   1.164132247642e-009             -1.958204019290e-008
   1.177212385256e-009             -1.969874335158e-008
   1.190292522870e-009             -1.970192172308e-008
   1.203372660484e-009             -1.965865744546e-008
   1.216452798098e-009             -1.968339995968e-008
   1.229532935712e-009             -1.976735210656e-008
   1.242613073326e-009             -1.972077129433e-008
   1.255693210940e-009             -1.966842283180e-008
   1.268773348554e-009             -1.974226891408e-008
   1.281853486168e-009             -1.976262432353e-008
   1.294933623782e-009             -1.965481074292e-008
   1.308013761395e-009             -1.965835522337e-008
   1.321093899009e-009             -1.974207167114e-008
   1.334174036623e-009             -1.975746887066e-008
   1.347254174237e-009             -1.964966800540e-008
   1.360334311851e-009             -1.968079796554e-008
   1.373414449465e-009             -1.974475833088e-008
   1.386494587079e-009             -1.973148676518e-008
   1.399574724693e-009             -1.966389229171e-008
   1.412654862307e-009             -1.973444990619e-008
   1.425734999921e-009             -1.979071686644e-008
   1.438815137535e-009             -1.970347625176e-008
   1.451895275149e-009             -1.969497604243e-008
   1.464975412763e-009             -1.980256943045e-008
   1.478055550377e-009             -1.972619563026e-008
   1.491135687991e-009             -1.971210190885e-008
   1.504215825605e-009             -1.971400735009e-008
   1.517295963219e-009             -1.979469165284e-008
   1.530376100833e-009             -1.973849896882e-008
   1.543456238447e-009             -1.970265161500e-008
   1.556536376061e-009             -1.972449503016e-008
   1.569616513675e-009             -1.978452418242e-008
   1.582696651289e-009             -1.962170881856e-008
   1.595776788903e-009             -1.965914652111e-008
   1.608856926516e-009             -1.969651273861e-008
   1.621937064130e-009             -1.970057203554e-008
   1.635017201744e-009             -1.955801997240e-008
   1.648097339358e-009             -1.964508365768e-008
   1.661177476972e-009             -1.965965373940e-008
   1.674257614586e-009             -1.958993611314e-008
   1.687337752200e-009             -1.953825613671e-008
   1.700417889814e-009             -1.966585154057e-008
   1.713498027428e-009             -1.977552698910e-008
   1.726578165042e-009             -1.969031230132e-008
   1.739658302656e-009             -1.969382871497e-008
   1.752738440270e-009             -1.976216331467e-008
   1.765818577884e-009             -1.973493138365e-008
   1.778898715498e-009             -1.966803098203e-008
   1.791978853112e-009             -1.971605374560e-008
   1.805058990726e-009             -1.979297570128e-008
   1.818139128340e-009             -1.973698801346e-008
   1.831219265954e-009             -1.970359921847e-008
   1.844299403568e-009             -1.977471522275e-008
   1.857379541182e-009             -1.978861154616e-008
   1.870459678796e-009             -1.952835754935e-008
   1.883539816410e-009             -1.909360697173e-008
   1.896619954023e-009             -1.917759757478e-008
   1.909700091637e-009             -1.930172277443e-008
   1.922780229251e-009             -1.927045961327e-008
   1.935860366865e-009             -1.934982741243e-008
   1.948940504479e-009             -1.937887763805e-008
   1.962020642093e-009             -1.933500395416e-008
   1.975100779707e-009             -1.924046178418e-008
   1.988180917321e-009             -1.931527593853e-008
   2.001261054935e-009             -1.933232241157e-008
   2.014341192549e-009             -1.916063809332e-008
   2.027421330163e-009             -1.919098171781e-008
   2.040501467777e-009             -1.926521716882e-008
   2.053581605391e-009             -1.919964071392e-008
   2.066661743005e-009             -1.902786165082e-008
   2.079741880619e-009             -1.906651847602e-008
   2.092822018233e-009             -1.917204251888e-008
   2.105902155847e-009             -1.906498705206e-008
   2.118982293461e-009             -1.898511218968e-008
   2.132062431075e-009             -1.913075036053e-008
   2.145142568689e-009             -1.910975205074e-008
   2.158222706303e-009             -1.899119973949e-008
   2.171302843917e-009             -1.905828203259e-008
   2.184382981530e-009             -1.920794119927e-008
   2.197463119144e-009             -1.917445765945e-008
   2.210543256758e-009             -1.909360185458e-008
   2.223623394372e-009             -1.910139527671e-008
   2.236703531986e-009             -1.920857371025e-008
   2.249783669600e-009             -1.913495557382e-008
   2.262863807214e-009             -1.907431949635e-008
   2.275943944828e-009             -1.910944982865e-008
   2.289024082442e-009             -1.917245483726e-008
   2.302104220056e-009             -1.903633627440e-008
   2.315184357670e-009             -1.915727286824e-008
   2.328264495284e-009             -1.997831568174e-008
   2.341344632898e-009             -1.997183100994e-008
   2.354424770512e-009             -1.988479291042e-008
   2.367504908126e-009             -1.995835460311e-008
   2.380585045740e-009             -1.998643939276e-008
   2.393665183354e-009             -1.995005427282e-008
   2.406745320968e-009             -1.979867915458e-008
   2.419825458582e-009             -1.991646048163e-008
   2.432905596196e-009             -1.986539518367e-008
   2.445985733810e-009             -1.979091659043e-008
   2.459065871424e-009             -1.981549783684e-008
   2.472146009037e-009             -1.989742157577e-008
   2.485226146651e-009             -1.986891423344e-008
   2.498306284265e-009             -1.979317806137e-008
   2.511386421879e-009             -1.983066709051e-008
   2.524466559493e-009             -1.990409821830e-008
   2.537546697107e-009             -1.982078897176e-008
   2.550626834721e-009             -1.978168897021e-008
   2.563706972335e-009             -1.983016250833e-008
   2.576787109949e-009             -1.987530664144e-008
   2.589867247563e-009             -1.976231962040e-008
   2.602947385177e-009             -1.977370094125e-008
