# Atom Manipulation               
# 
# Sample                          Ag(111)
# Data set                        -
# Creation Comment                
# Gap voltage                     -1.000e-003 V
# Gap voltage range in Volt       -1;1
# Feedback loop enabled           No
# Regulator setpoint              1.000e-009 A
# Pre-amplifier range             0;3.33e-007
# Loop gain                       7.000e+000 %
# Z-axis offset                   -7.000e-010 m
# Parameter mode                  V before Z
# Raster time                     1.000e-003 seconds
# Channel name and data unit      I(r) [A]
# Manipulation vector: start      1.364e+000, 1.376e+001 [nm]
#                      end        -2.542e+000, 1.122e+001 [nm]
# 
# 
#             Position                             I(r)
# --------------------             --------------------
   0.000000000000e+000             -5.352402952442e-008
   4.660321877296e-012             -5.393782784661e-008
   9.320643754591e-012             -5.355261114299e-008
   1.398096563189e-011             -5.363806494131e-008
   1.864128750918e-011             -5.408891345811e-008
   2.330160938648e-011             -5.399993998977e-008
   2.796193126377e-011             -5.381884367877e-008
   3.262225314107e-011             -5.378790677480e-008
   3.728257501836e-011             -5.397487819628e-008
   4.194289689566e-011             -5.365555800214e-008
   4.660321877296e-011             -5.385750825722e-008
   5.126354065025e-011             -5.416433717378e-008
   5.592386252755e-011             -5.390588534479e-008
   6.058418440484e-011             -5.374643691172e-008
   6.524450628214e-011             -5.387915613515e-008
   6.990482815943e-011             -5.365500224845e-008
   7.456515003673e-011             -5.360752500426e-008
   7.922547191403e-011             -5.365907767216e-008
   8.388579379132e-011             -5.332274093256e-008
   8.854611566862e-011             -5.316413931058e-008
   9.320643754591e-011             -5.317456636015e-008
   9.786675942321e-011             -5.353011645397e-008
   1.025270813005e-010             -5.328137697902e-008
   1.071874031778e-010             -5.319748453225e-008
   1.118477250551e-010             -5.308789529997e-008
   1.165080469324e-010             -5.329315356107e-008
   1.211683688097e-010             -5.330352773341e-008
   1.258286906870e-010             -5.349507745507e-008
   1.304890125643e-010             -5.362761153065e-008
   1.351493344416e-010             -5.334092201771e-008
   1.398096563189e-010             -5.324927553536e-008
   1.444699781962e-010             -5.354501589418e-008
   1.491303000735e-010             -5.378999736389e-008
   1.537906219508e-010             -5.399279458512e-008
   1.584509438281e-010             -5.386708834065e-008
   1.631112657053e-010             -5.360321124533e-008
   1.677715875826e-010             -5.351566685791e-008
   1.724319094599e-010             -5.385478236598e-008
   1.770922313372e-010             -5.388095582192e-008
   1.817525532145e-010             -5.376480329979e-008
   1.864128750918e-010             -5.383570159252e-008
   1.910731969691e-010             -5.401973545876e-008
   1.957335188464e-010             -5.369602211230e-008
   2.003938407237e-010             -5.365227635721e-008
   2.050541626010e-010             -5.410116655554e-008
   2.097144844783e-010             -5.414054567446e-008
   2.143748063556e-010             -5.361287072214e-008
   2.190351282329e-010             -5.370576098249e-008
   2.236954501102e-010             -5.396225464808e-008
   2.283557719875e-010             -5.354535998387e-008
   2.330160938648e-010             -5.331511916761e-008
   2.376764157421e-010             -5.366013630232e-008
   2.423367376194e-010             -5.361538494937e-008
   2.469970594967e-010             -5.325578579293e-008
   2.516573813740e-010             -5.317271379615e-008
   2.563177032513e-010             -5.312338414303e-008
   2.609780251286e-010             -5.293096093907e-008
   2.656383470058e-010             -5.270749507668e-008
   2.702986688831e-010             -5.276518755137e-008
   2.749589907604e-010             -5.285286436447e-008
   2.796193126377e-010             -5.266703096652e-008
   2.842796345150e-010             -5.290383491758e-008
   2.889399563923e-010             -5.299116764099e-008
   2.936002782696e-010             -5.308183488657e-008
   2.982606001469e-010             -5.307357797454e-008
   3.029209220242e-010             -5.323585805331e-008
   3.075812439015e-010             -5.321540107615e-008
   3.122415657788e-010             -5.336111429856e-008
   3.169018876561e-010             -5.372637690149e-008
   3.215622095334e-010             -5.344238676363e-008
   3.262225314107e-010             -5.363203104405e-008
   3.308828532880e-010             -5.376366527625e-008
   3.355431751653e-010             -5.397966816046e-008
   3.402034970426e-010             -5.388603699856e-008
   3.448638189199e-010             -5.405194265689e-008
   3.495241407972e-010             -5.410439516817e-008
   3.541844626745e-010             -5.383056738358e-008
   3.588447845518e-010             -5.381828792507e-008
   3.635051064291e-010             -5.393528725829e-008
   3.681654283064e-010             -5.396566856363e-008
   3.728257501836e-010             -5.397728635891e-008
   3.774860720609e-010             -5.422163283661e-008
   3.821463939382e-010             -5.416817457241e-008
   3.868067158155e-010             -5.406472499186e-008
   3.914670376928e-010             -5.408272077409e-008
   3.961273595701e-010             -5.421202623703e-008
   4.007876814474e-010             -5.412641365194e-008
   4.054480033247e-010             -5.395701468467e-008
   4.101083252020e-010             -5.404159500070e-008
   4.147686470793e-010             -5.382958830188e-008
   4.194289689566e-010             -5.371401789452e-008
   4.240892908339e-010             -5.402291119416e-008
   4.287496127112e-010             -5.397678363752e-008
   4.334099345885e-010             -5.365659011614e-008
   4.380702564658e-010             -5.359566887376e-008
   4.427305783431e-010             -5.375188853913e-008
   4.473909002204e-010             -5.362163051063e-008
   4.520512220977e-010             -5.334711470173e-008
   4.567115439750e-010             -5.354538634496e-008
   4.613718658523e-010             -5.376123059747e-008
   4.660321877296e-010             -5.343193319791e-008
   4.706925096069e-010             -5.357854641877e-008
   4.753528314842e-010             -5.383210237405e-008
   4.800131533614e-010             -5.392586596164e-008
   4.846734752387e-010             -5.365656359999e-008
   4.893337971160e-010             -5.394391477616e-008
   4.939941189933e-010             -5.414525640032e-008
   4.986544408706e-010             -5.408801376979e-008
   5.033147627479e-010             -5.410585076525e-008
   5.079750846252e-010             -5.421136457380e-008
   5.126354065025e-010             -5.434056412722e-008
   5.172957283798e-010             -5.436483198685e-008
   5.219560502571e-010             -5.454730450154e-008
   5.266163721344e-010             -5.455828714975e-008
   5.312766940117e-010             -5.444078494007e-008
   5.359370158890e-010             -5.446203600614e-008
   5.405973377663e-010             -5.432423545101e-008
   5.452576596436e-010             -5.430573679232e-008
   5.499179815209e-010             -5.437245375180e-008
   5.545783033982e-010             -5.430917722402e-008
   5.592386252755e-010             -5.413707888167e-008
   5.638989471528e-010             -5.432082153546e-008
   5.685592690301e-010             -5.446846687032e-008
   5.732195909074e-010             -5.419299818574e-008
   5.778799127847e-010             -5.414237172231e-008
   5.825402346620e-010             -5.428408891439e-008
   5.872005565392e-010             -5.420001131976e-008
   5.918608784165e-010             -5.390210082340e-008
   5.965212002938e-010             -5.418437082293e-008
   6.011815221711e-010             -5.395413000667e-008
   6.058418440484e-010             -5.387439253206e-008
   6.105021659257e-010             -5.383646901022e-008
   6.151624878030e-010             -5.420260478531e-008
   6.198228096803e-010             -5.406779481772e-008
   6.244831315576e-010             -5.390503837864e-008
   6.291434534349e-010             -5.403333808867e-008
   6.338037753122e-010             -5.391845586069e-008
   6.384640971895e-010             -5.369173486951e-008
   6.431244190668e-010             -5.385457070198e-008
   6.477847409441e-010             -5.398935415342e-008
   6.524450628214e-010             -5.385650265937e-008
   6.571053846987e-010             -5.387624509606e-008
   6.617657065760e-010             -5.425648653259e-008
   6.664260284533e-010             -5.421477848935e-008
   6.710863503306e-010             -5.395791437299e-008
   6.757466722079e-010             -5.425646001644e-008
   6.804069940852e-010             -5.455759912543e-008
   6.850673159625e-010             -5.432439423778e-008
   6.897276378398e-010             -5.428954054180e-008
   6.943879597170e-010             -5.452872644947e-008
   6.990482815943e-010             -5.450427328692e-008
   7.037086034716e-010             -5.445309091473e-008
   7.083689253489e-010             -5.457530385027e-008
   7.130292472262e-010             -5.494199537906e-008
   7.176895691035e-010             -5.474367070353e-008
   7.223498909808e-010             -5.446388841508e-008
   7.270102128581e-010             -5.423989331514e-008
   7.316705347354e-010             -5.440108824761e-008
   7.363308566127e-010             -5.433484780350e-008
   7.409911784900e-010             -5.427911364729e-008
   7.456515003673e-010             -5.415753585883e-008
   7.503118222446e-010             -5.407073237296e-008
   7.549721441219e-010             -5.409661461645e-008
   7.596324659992e-010             -5.398572857387e-008
   7.642927878765e-010             -5.387095225542e-008
   7.689531097538e-010             -5.411791855975e-008
   7.736134316311e-010             -5.398787219526e-008
   7.782737535084e-010             -5.348790553428e-008
   7.829340753857e-010             -5.373495138706e-008
   7.875943972630e-010             -5.403021538557e-008
   7.922547191403e-010             -5.384472592225e-008
   7.969150410176e-010             -5.367807920731e-008
   8.015753628948e-010             -5.401497185567e-008
   8.062356847721e-010             -5.389776070338e-008
   8.108960066494e-010             -5.376660283149e-008
   8.155563285267e-010             -5.383530462560e-008
   8.202166504040e-010             -5.407208206051e-008
   8.248769722813e-010             -5.369686892338e-008
   8.295372941586e-010             -5.362589123727e-008
   8.341976160359e-010             -5.399398548590e-008
   8.388579379132e-010             -5.407644869668e-008
   8.435182597905e-010             -5.401735365721e-008
   8.481785816678e-010             -5.417931616245e-008
   8.528389035451e-010             -5.436607576486e-008
   8.574992254224e-010             -5.432434136054e-008
   8.621595472997e-010             -5.419315697251e-008
   8.668198691770e-010             -5.452729736854e-008
   8.714801910543e-010             -5.463259935803e-008
   8.761405129316e-010             -5.457937942905e-008
   8.808008348089e-010             -5.451845818667e-008
   8.854611566862e-010             -5.455325900541e-008
   8.901214785635e-010             -5.451882863744e-008
   8.947818004408e-010             -5.468195568236e-008
   8.994421223181e-010             -5.477013521686e-008
   9.041024441954e-010             -5.469939571090e-008
   9.087627660726e-010             -5.433699142489e-008
   9.134230879499e-010             -5.430473119447e-008
   9.180834098272e-010             -5.416663958194e-008
   9.227437317045e-010             -5.413109786165e-008
   9.274040535818e-010             -5.433254539534e-008
   9.320643754591e-010             -5.395698816852e-008
   9.367246973364e-010             -5.394240630185e-008
   9.413850192137e-010             -5.406901223464e-008
   9.460453410910e-010             -5.391517437082e-008
   9.507056629683e-010             -5.378189923863e-008
   9.553659848456e-010             -5.405419218781e-008
   9.600263067229e-010             -5.409727627968e-008
   9.646866286002e-010             -5.384472592225e-008
   9.693469504775e-010             -5.379507854053e-008
   9.740072723548e-010             -5.401732714106e-008
   9.786675942321e-010             -5.405241901720e-008
   9.833279161094e-010             -5.376588829103e-008
   9.879882379867e-010             -5.417301756889e-008
   9.926485598640e-010             -5.431629611252e-008
   9.973088817413e-010             -5.433984958675e-008
   1.001969203619e-009             -5.395158941835e-008
   1.006629525496e-009             -5.432307106638e-008
   1.011289847373e-009             -5.426519328878e-008
   1.015950169250e-009             -5.392898881980e-008
   1.020610491128e-009             -5.432950193056e-008
   1.025270813005e-009             -5.453624230489e-008
   1.029931134882e-009             -5.451049233203e-008
   1.034591456760e-009             -5.430377847385e-008
   1.039251778637e-009             -5.457207523764e-008
   1.043912100514e-009             -5.461833506489e-008
   1.048572422392e-009             -5.452830296640e-008
   1.053232744269e-009             -5.467134332987e-008
   1.057893066146e-009             -5.469307075625e-008
   1.062553388023e-009             -5.464792228132e-008
   1.067213709901e-009             -5.449448138442e-008
   1.071874031778e-009             -5.444007039960e-008
   1.076534353655e-009             -5.446862565709e-008
   1.081194675533e-009             -5.446984291895e-008
   1.085854997410e-009             -5.434501015677e-008
   1.090515319287e-009             -5.421967436307e-008
   1.095175641164e-009             -5.412715470855e-008
   1.099835963042e-009             -5.408531439470e-008
   1.104496284919e-009             -5.364174355316e-008
   1.109156606796e-009             -5.338072446464e-008
   1.113816928674e-009             -5.383027632620e-008
   1.118477250551e-009             -5.363338073160e-008
   1.123137572428e-009             -5.346848067112e-008
   1.127797894306e-009             -5.352691420242e-008
   1.132458216183e-009             -5.375331762006e-008
   1.137118538060e-009             -5.333946642063e-008
   1.141778859937e-009             -5.320357146180e-008
   1.146439181815e-009             -5.380656422025e-008
   1.151099503692e-009             -5.376210392470e-008
   1.155759825569e-009             -5.343172153391e-008
   1.160420147447e-009             -5.355845989238e-008
   1.165080469324e-009             -5.377896168339e-008
   1.169740791201e-009             -5.379629595745e-008
   1.174401113078e-009             -5.382781513126e-008
   1.179061434956e-009             -5.413681418536e-008
   1.183721756833e-009             -5.418180371846e-008
   1.188382078710e-009             -5.394801671603e-008
   1.193042400588e-009             -5.406567771248e-008
   1.197702722465e-009             -5.426005923491e-008
   1.202363044342e-009             -5.412030036130e-008
   1.207023366220e-009             -5.442612368001e-008
   1.211683688097e-009             -5.427694350975e-008
   1.216344009974e-009             -5.431269704911e-008
   1.221004331851e-009             -5.438685047062e-008
   1.225664653729e-009             -5.448625098854e-008
   1.230324975606e-009             -5.441543208919e-008
   1.234985297483e-009             -5.433630324551e-008
   1.239645619361e-009             -5.438846469941e-008
   1.244305941238e-009             -5.446447068492e-008
   1.248966263115e-009             -5.416375505900e-008
   1.253626584993e-009             -5.414478004001e-008
   1.258286906870e-009             -5.442395354246e-008
   1.262947228747e-009             -5.431020933803e-008
   1.267607550624e-009             -5.412498457101e-008
   1.272267872502e-009             -5.421393167827e-008
   1.276928194379e-009             -5.426606661601e-008
   1.281588516256e-009             -5.397419001690e-008
   1.286248838134e-009             -5.395944936346e-008
   1.290909160011e-009             -5.392311370931e-008
   1.295569481888e-009             -5.380063607747e-008
   1.300229803765e-009             -5.400666191133e-008
   1.304890125643e-009             -5.380926359534e-008
   1.309550447520e-009             -5.377613003768e-008
   1.314210769397e-009             -5.386031354184e-008
   1.318871091275e-009             -5.404328877793e-008
   1.323531413152e-009             -5.384096791701e-008
   1.328191735029e-009             -5.381312735505e-008
   1.332852056907e-009             -5.408719331979e-008
   1.337512378784e-009             -5.407827474453e-008
   1.342172700661e-009             -5.389331467382e-008
   1.346833022538e-009             -5.404297120439e-008
   1.351493344416e-009             -5.438261610507e-008
   1.356153666293e-009             -5.436327063530e-008
   1.360813988170e-009             -5.429999410752e-008
   1.365474310048e-009             -5.468073826544e-008
   1.370134631925e-009             -5.491960644451e-008
   1.374794953802e-009             -5.453364883934e-008
   1.379455275679e-009             -5.446417962753e-008
   1.384115597557e-009             -5.462000232598e-008
   1.388775919434e-009             -5.439920932252e-008
   1.393436241311e-009             -5.441177999349e-008
   1.398096563189e-009             -5.443800617160e-008
   1.402756885066e-009             -5.455585247096e-008
   1.407417206943e-009             -5.441088015010e-008
   1.412077528821e-009             -5.457241917226e-008
   1.416737850698e-009             -5.435681325497e-008
   1.421398172575e-009             -5.426818372125e-008
   1.426058494452e-009             -5.456754981470e-008
   1.430718816330e-009             -5.457956457690e-008
   1.435379138207e-009             -5.432616740840e-008
   1.440039460084e-009             -5.415867388237e-008
   1.444699781962e-009             -5.436424971701e-008
   1.449360103839e-009             -5.413858735598e-008
   1.454020425716e-009             -5.411360480082e-008
   1.458680747594e-009             -5.443657709067e-008
   1.463341069471e-009             -5.451017475849e-008
   1.468001391348e-009             -5.403500534975e-008
   1.472661713225e-009             -5.368495991564e-008
   1.477322035103e-009             -5.388309944332e-008
   1.481982356980e-009             -5.408314425716e-008
   1.486642678857e-009             -5.412794864240e-008
   1.491303000735e-009             -5.398750174448e-008
   1.495963322612e-009             -5.410164291585e-008
   1.500623644489e-009             -5.396336615547e-008
   1.505283966366e-009             -5.397821271845e-008
   1.509944288244e-009             -5.423235094357e-008
   1.514604610121e-009             -5.443276620819e-008
   1.519264931998e-009             -5.450702553924e-008
   1.523925253876e-009             -5.426974522787e-008
   1.528585575753e-009             -5.415499527051e-008
   1.533245897630e-009             -5.448392206423e-008
   1.537906219508e-009             -5.506402301168e-008
   1.542566541385e-009             -5.628615190187e-008
   1.547226863262e-009             -5.633632852114e-008
   1.551887185139e-009             -5.649625331452e-008
   1.556547507017e-009             -5.656860704926e-008
   1.561207828894e-009             -5.633423777699e-008
   1.565868150771e-009             -5.630618555102e-008
   1.570528472649e-009             -5.655738622091e-008
   1.575188794526e-009             -5.637401386283e-008
   1.579849116403e-009             -5.619106514289e-008
   1.584509438280e-009             -5.635360976291e-008
   1.589169760158e-009             -5.672014265999e-008
   1.593830082035e-009             -5.645785327730e-008
   1.598490403912e-009             -5.623444029214e-008
   1.603150725790e-009             -5.627863604646e-008
   1.607811047667e-009             -5.638274713517e-008
   1.612471369544e-009             -5.640293957109e-008
   1.617131691422e-009             -5.637504597683e-008
   1.621792013299e-009             -5.645843554715e-008
   1.626452335176e-009             -5.618643381042e-008
   1.631112657053e-009             -5.625674983330e-008
   1.635772978931e-009             -5.631571275721e-008
   1.640433300808e-009             -5.644215990324e-008
   1.645093622685e-009             -5.653094822373e-008
   1.649753944563e-009             -5.651319046659e-008
   1.654414266440e-009             -5.632489587371e-008
   1.659074588317e-009             -5.628578145110e-008
   1.663734910195e-009             -5.634625269426e-008
   1.668395232072e-009             -5.647142954612e-008
   1.673055553949e-009             -5.659975577230e-008
   1.677715875826e-009             -5.662709361286e-008
   1.682376197704e-009             -5.669066119803e-008
   1.687036519581e-009             -5.658805842857e-008
   1.691696841458e-009             -5.666845756641e-008
   1.696357163336e-009             -5.678865915117e-008
   1.701017485213e-009             -5.695400905581e-008
   1.705677807090e-009             -5.687615066135e-008
   1.710338128967e-009             -5.698767185101e-008
   1.714998450845e-009             -5.702906232071e-008
   1.719658772722e-009             -5.693593388020e-008
   1.724319094599e-009             -5.719999627844e-008
   1.728979416477e-009             -5.725747708912e-008
   1.733639738354e-009             -5.708228224969e-008
   1.738300060231e-009             -5.715275721441e-008
   1.742960382109e-009             -5.711716246182e-008
   1.747620703986e-009             -5.703586363566e-008
   1.752281025863e-009             -5.663140721673e-008
   1.756941347740e-009             -5.683849168075e-008
   1.761601669618e-009             -5.669685388206e-008
   1.766261991495e-009             -5.658575602041e-008
   1.770922313372e-009             -5.648778458342e-008
   1.775582635250e-009             -5.686672920963e-008
   1.780242957127e-009             -5.658940811611e-008
   1.784903279004e-009             -5.635323931213e-008
   1.789563600882e-009             -5.639261843105e-008
   1.794223922759e-009             -5.652179146831e-008
   1.798884244636e-009             -5.641138178604e-008
   1.803544566513e-009             -5.634731132441e-008
   1.808204888391e-009             -5.645745631038e-008
   1.812865210268e-009             -5.633709593884e-008
   1.817525532145e-009             -5.621303059436e-008
   1.822185854023e-009             -5.643578191630e-008
   1.826846175900e-009             -5.654240723224e-008
   1.831506497777e-009             -5.655090232443e-008
   1.836166819654e-009             -5.642718106964e-008
   1.840827141532e-009             -5.644851137403e-008
   1.845487463409e-009             -5.645986462808e-008
   1.850147785286e-009             -5.666268821039e-008
   1.854808107164e-009             -5.650318690009e-008
   1.859468429041e-009             -5.653505016359e-008
   1.864128750918e-009             -5.653814650561e-008
   1.868789072796e-009             -5.656662221464e-008
   1.873449394673e-009             -5.657252384128e-008
   1.878109716550e-009             -5.677876133914e-008
   1.882770038427e-009             -5.680144148614e-008
   1.887430360305e-009             -5.682761478702e-008
   1.892090682182e-009             -5.667173905627e-008
   1.896751004059e-009             -5.672019553722e-008
   1.901411325937e-009             -5.695220952410e-008
   1.906071647814e-009             -5.659782381491e-008
   1.910731969691e-009             -5.679736590736e-008
   1.915392291568e-009             -5.702638930670e-008
   1.920052613446e-009             -5.721460466126e-008
   1.924712935323e-009             -5.811286141823e-008
   1.929373257200e-009             -5.825309649708e-008
   1.934033579078e-009             -5.799043681868e-008
   1.938693900955e-009             -5.796042611918e-008
   1.943354222832e-009             -5.799623253578e-008
   1.948014544710e-009             -5.798469397882e-008
   1.952674866587e-009             -5.815634247701e-008
   1.957335188464e-009             -5.802748701329e-008
   1.961995510341e-009             -5.693003225356e-008
   1.966655832219e-009             -5.671810479307e-008
   1.971316154096e-009             -5.660261393416e-008
   1.975976475973e-009             -5.659425111259e-008
   1.980636797851e-009             -5.686429453085e-008
   1.985297119728e-009             -5.682798523779e-008
   1.989957441605e-009             -5.629017444836e-008
   1.994617763483e-009             -5.585793049978e-008
   1.999278085360e-009             -5.584273984711e-008
   2.003938407237e-009             -5.608541890865e-008
   2.008598729114e-009             -5.610095365101e-008
   2.013259050992e-009             -5.612220456202e-008
   2.017919372869e-009             -5.612347485618e-008
   2.022579694746e-009             -5.615782567570e-008
   2.027240016624e-009             -5.619426723937e-008
   2.031900338501e-009             -5.603894741739e-008
   2.036560660378e-009             -5.627707453984e-008
   2.041220982255e-009             -5.612336894664e-008
   2.045881304133e-009             -5.616123959125e-008
   2.050541626010e-009             -5.612286622525e-008
   2.055201947887e-009             -5.635842639830e-008
   2.059862269765e-009             -5.634146257501e-008
   2.064522591642e-009             -5.619347330552e-008
   2.069182913519e-009             -5.623189970383e-008
   2.073843235397e-009             -5.628599311510e-008
   2.078503557274e-009             -5.631293398874e-008
   2.083163879151e-009             -5.605969545194e-008
   2.087824201028e-009             -5.635580641660e-008
   2.092484522906e-009             -5.611201569260e-008
   2.097144844783e-009             -5.606832296981e-008
   2.101805166660e-009             -5.606490905426e-008
   2.106465488538e-009             -5.601298578052e-008
   2.111125810415e-009             -5.592186853572e-008
   2.115786132292e-009             -5.592742607266e-008
   2.120446454169e-009             -5.589307525314e-008
   2.125106776047e-009             -5.575511606631e-008
   2.129767097924e-009             -5.557195552730e-008
   2.134427419801e-009             -5.550121602134e-008
   2.139087741679e-009             -5.547557195801e-008
   2.143748063556e-009             -5.530432042674e-008
   2.148408385433e-009             -5.549592302563e-008
   2.153068707311e-009             -5.543521360232e-008
   2.157729029188e-009             -5.526142148273e-008
   2.162389351065e-009             -5.507924018050e-008
   2.167049672942e-009             -5.518194870443e-008
   2.171709994820e-009             -5.532496270682e-008
   2.176370316697e-009             -5.517744979764e-008
   2.181030638574e-009             -5.508453302114e-008
   2.185690960452e-009             -5.499622106096e-008
   2.190351282329e-009             -5.515752205803e-008
   2.195011604206e-009             -5.518626246337e-008
   2.199671926084e-009             -5.541634449286e-008
   2.204332247961e-009             -5.527116035293e-008
   2.208992569838e-009             -5.538741878460e-008
   2.213652891715e-009             -5.520529035960e-008
   2.218313213593e-009             -5.521132425685e-008
   2.222973535470e-009             -5.521317682085e-008
   2.227633857347e-009             -5.663683248306e-008
   2.232294179225e-009             -5.688305788584e-008
   2.236954501102e-009             -5.674798322194e-008
   2.241614822979e-009             -5.694988059979e-008
   2.246275144856e-009             -5.708969235063e-008
   2.250935466734e-009             -5.687173099288e-008
   2.255595788611e-009             -5.664964133418e-008
   2.260256110488e-009             -5.697142272326e-008
   2.264916432366e-009             -5.694469351362e-008
   2.269576754243e-009             -5.661597853898e-008
   2.274237076120e-009             -5.657734032161e-008
   2.278897397998e-009             -5.656132937400e-008
   2.283557719875e-009             -5.652065344477e-008
   2.288218041752e-009             -5.633270294159e-008
   2.292878363629e-009             -5.629512335437e-008
   2.297538685507e-009             -5.607086355813e-008
   2.302199007384e-009             -5.595291134922e-008
   2.306859329261e-009             -5.587727596955e-008
   2.311519651139e-009             -5.590215261517e-008
   2.316179973016e-009             -5.571557816062e-008
   2.320840294893e-009             -5.562210563042e-008
   2.325500616770e-009             -5.559378870815e-008
   2.330160938648e-009             -5.553924545271e-008
   2.334821260525e-009             -5.576384933865e-008
   2.339481582402e-009             -5.588317759618e-008
   2.344141904280e-009             -5.557581928701e-008
   2.348802226157e-009             -5.554170664765e-008
   2.353462548034e-009             -5.566074369272e-008
   2.358122869912e-009             -5.583257749384e-008
   2.362783191789e-009             -5.565711811317e-008
   2.367443513666e-009             -5.585493991223e-008
   2.372103835543e-009             -5.584697421266e-008
   2.376764157421e-009             -5.570134022857e-008
   2.381424479298e-009             -5.576768658221e-008
   2.386084801175e-009             -5.615761401169e-008
   2.390745123053e-009             -5.617648312115e-008
   2.395405444930e-009             -5.599345500783e-008
   2.400065766807e-009             -5.580455162896e-008
   2.404726088685e-009             -5.594417807688e-008
   2.409386410562e-009             -5.595746328831e-008
   2.414046732439e-009             -5.592462094311e-008
   2.418707054316e-009             -5.600724294066e-008
   2.423367376194e-009             -5.605366155468e-008
   2.428027698071e-009             -5.603458078122e-008
   2.432688019948e-009             -5.598371598257e-008
   2.437348341826e-009             -5.597392423514e-008
   2.442008663703e-009             -5.583482702476e-008
   2.446668985580e-009             -5.578774674751e-008
   2.451329307457e-009             -5.576032951356e-008
   2.455989629335e-009             -5.571833041294e-008
   2.460649951212e-009             -5.571655724232e-008
   2.465310273089e-009             -5.560238955481e-008
   2.469970594967e-009             -5.552617190529e-008
   2.474630916844e-009             -5.541907022903e-008
   2.479291238721e-009             -5.550558265751e-008
   2.483951560599e-009             -5.557359627223e-008
   2.488611882476e-009             -5.545654390671e-008
   2.493272204353e-009             -5.547763618602e-008
   2.497932526230e-009             -5.554813751182e-008
   2.502592848108e-009             -5.526674083952e-008
   2.507253169985e-009             -5.521955465273e-008
   2.511913491862e-009             -5.540110096295e-008
   2.516573813740e-009             -5.530606708121e-008
   2.521234135617e-009             -5.544182976942e-008
   2.525894457494e-009             -5.599805982416e-008
   2.530554779371e-009             -5.632076741770e-008
   2.535215101249e-009             -5.618574578610e-008
   2.539875423126e-009             -5.635398036875e-008
   2.544535745003e-009             -5.657842546791e-008
   2.549196066881e-009             -5.637118221712e-008
   2.553856388758e-009             -5.644231869001e-008
   2.558516710635e-009             -5.635964366016e-008
   2.563177032513e-009             -5.652486129417e-008
   2.567837354390e-009             -5.642247034378e-008
   2.572497676267e-009             -5.645600086837e-008
   2.577157998144e-009             -5.673356014204e-008
   2.581818320022e-009             -5.650554234055e-008
   2.586478641899e-009             -5.644753213726e-008
   2.591138963776e-009             -5.650996185396e-008
   2.595799285654e-009             -5.647635193599e-008
   2.600459607531e-009             -5.626508613872e-008
   2.605119929408e-009             -5.633458186667e-008
   2.609780251286e-009             -5.627874180093e-008
   2.614440573163e-009             -5.630586797748e-008
   2.619100895040e-009             -5.622036130193e-008
   2.623761216917e-009             -5.620106870939e-008
   2.628421538795e-009             -5.607978197832e-008
   2.633081860672e-009             -5.597831723240e-008
   2.637742182549e-009             -5.594015553040e-008
   2.642402504427e-009             -5.580026438617e-008
   2.647062826304e-009             -5.581833956179e-008
   2.651723148181e-009             -5.565206345268e-008
   2.656383470058e-009             -5.573029229791e-008
   2.661043791936e-009             -5.564581773636e-008
   2.665704113813e-009             -5.583421823877e-008
   2.670364435690e-009             -5.577980740902e-008
   2.675024757568e-009             -5.583419187768e-008
   2.679685079445e-009             -5.567696645940e-008
   2.684345401322e-009             -5.561448386547e-008
   2.689005723200e-009             -5.560688861666e-008
   2.693666045077e-009             -5.557595155763e-008
   2.698326366954e-009             -5.583128068353e-008
   2.702986688831e-009             -5.588066336895e-008
   2.707647010709e-009             -5.565486858224e-008
   2.712307332586e-009             -5.581643412055e-008
   2.716967654463e-009             -5.591938097970e-008
   2.721627976341e-009             -5.580968568283e-008
   2.726288298218e-009             -5.596701701065e-008
   2.730948620095e-009             -5.614898664889e-008
   2.735608941972e-009             -5.605180914575e-008
   2.740269263850e-009             -5.609875699732e-008
   2.744929585727e-009             -5.604619857650e-008
   2.749589907604e-009             -5.640513606972e-008
   2.754250229482e-009             -5.625240971328e-008
   2.758910551359e-009             -5.629501744484e-008
   2.763570873236e-009             -5.642424351440e-008
   2.768231195114e-009             -5.640495092186e-008
   2.772891516991e-009             -5.618590457287e-008
   2.777551838868e-009             -5.618926545612e-008
   2.782212160745e-009             -5.624722262711e-008
   2.786872482623e-009             -5.626453038503e-008
   2.791532804500e-009             -5.611820837662e-008
   2.796193126377e-009             -5.610648467180e-008
   2.800853448255e-009             -5.615549690645e-008
   2.805513770132e-009             -5.622671277272e-008
   2.810174092009e-009             -5.615189768798e-008
   2.814834413887e-009             -5.594949743367e-008
   2.819494735764e-009             -5.594957682706e-008
   2.824155057641e-009             -5.602423312503e-008
   2.828815379518e-009             -5.596220037526e-008
   2.833475701396e-009             -5.590323760641e-008
   2.838136023273e-009             -5.583694413001e-008
   2.842796345150e-009             -5.585803625424e-008
   2.847456667028e-009             -5.578203042379e-008
   2.852116988905e-009             -5.592938454620e-008
   2.856777310782e-009             -5.613750096916e-008
   2.861437632659e-009             -5.605170323621e-008
   2.866097954537e-009             -5.591789886647e-008
   2.870758276414e-009             -5.596847245267e-008
   2.875418598291e-009             -5.595240862783e-008
   2.880078920169e-009             -5.592956969406e-008
   2.884739242046e-009             -5.601724650716e-008
   2.889399563923e-009             -5.606197149902e-008
   2.894059885801e-009             -5.607631518554e-008
   2.898720207678e-009             -5.594518382980e-008
   2.903380529555e-009             -5.612839724604e-008
   2.908040851432e-009             -5.600255873095e-008
   2.912701173310e-009             -5.603143140691e-008
   2.917361495187e-009             -5.607144567291e-008
   2.922021817064e-009             -5.612487742096e-008
   2.926682138942e-009             -5.591231496844e-008
   2.931342460819e-009             -5.569152196499e-008
   2.936002782696e-009             -5.576525190343e-008
   2.940663104574e-009             -5.593203088899e-008
   2.945323426451e-009             -5.587529113492e-008
   2.949983748328e-009             -5.578917582844e-008
   2.954644070205e-009             -5.583466823799e-008
   2.959304392083e-009             -5.551098140768e-008
   2.963964713960e-009             -5.536338910512e-008
   2.968625035837e-009             -5.535431174309e-008
   2.973285357715e-009             -5.538008807704e-008
   2.977945679592e-009             -5.538940361922e-008
   2.982606001469e-009             -5.522852610523e-008
   2.987266323346e-009             -5.520875715238e-008
   2.991926645224e-009             -5.528375754005e-008
   2.996586967101e-009             -5.534563134798e-008
   3.001247288978e-009             -5.501675758657e-008
   3.005907610856e-009             -5.536402425220e-008
   3.010567932733e-009             -5.581606366977e-008
   3.015228254610e-009             -5.589831521655e-008
   3.019888576488e-009             -5.631081672843e-008
   3.024548898365e-009             -5.654148102777e-008
   3.029209220242e-009             -5.672644109848e-008
   3.033869542119e-009             -5.650832110903e-008
   3.038529863997e-009             -5.647052985781e-008
   3.043190185874e-009             -5.680279117369e-008
   3.047850507751e-009             -5.696496534293e-008
   3.052510829629e-009             -5.661462885143e-008
   3.057171151506e-009             -5.670272899254e-008
   3.061831473383e-009             -5.691997580983e-008
   3.066491795260e-009             -5.681604986897e-008
   3.071152117138e-009             -5.677336258897e-008
   3.075812439015e-009             -5.676724929833e-008
   3.080472760892e-009             -5.659308672797e-008
   3.085133082770e-009             -5.657315898835e-008
   3.089793404647e-009             -5.632576920095e-008
   3.094453726524e-009             -5.637983609608e-008
   3.099114048402e-009             -5.632910372312e-008
   3.103774370279e-009             -5.645846206330e-008
   3.108434692156e-009             -5.613996216409e-008
   3.113095014033e-009             -5.616870256943e-008
   3.117755335911e-009             -5.607562716122e-008
   3.122415657788e-009             -5.606972553459e-008
   3.127075979665e-009             -5.604818341112e-008
   3.131736301543e-009             -5.612442757680e-008
   3.136396623420e-009             -5.616838499589e-008
   3.141056945297e-009             -5.603878863062e-008
   3.145717267175e-009             -5.574283645273e-008
   3.150377589052e-009             -5.576517251004e-008
   3.155037910929e-009             -5.573926375041e-008
   3.159698232806e-009             -5.570520398828e-008
   3.164358554684e-009             -5.568964288483e-008
   3.169018876561e-009             -5.564198049280e-008
   3.173679198438e-009             -5.571078804137e-008
   3.178339520316e-009             -5.558569058289e-008
   3.182999842193e-009             -5.570803578905e-008
   3.187660164070e-009             -5.565039619160e-008
   3.192320485947e-009             -5.558918389183e-008
   3.196980807825e-009             -5.552720401929e-008
   3.201641129702e-009             -5.552479585666e-008
   3.206301451579e-009             -5.557229946192e-008
   3.210961773457e-009             -5.550873187675e-008
   3.215622095334e-009             -5.563689931616e-008
   3.220282417211e-009             -5.568421777357e-008
   3.224942739089e-009             -5.580288436788e-008
   3.229603060966e-009             -5.584893253113e-008
   3.234263382843e-009             -5.597966691994e-008
   3.238923704720e-009             -5.577395865962e-008
   3.243584026598e-009             -5.564735272682e-008
   3.248244348475e-009             -5.583628246678e-008
   3.252904670352e-009             -5.584512164865e-008
   3.257564992230e-009             -5.579753849494e-008
   3.262225314107e-009             -5.584652421343e-008
   3.266885635984e-009             -5.581299384391e-008
   3.271545957861e-009             -5.585157902898e-008
   3.276206279739e-009             -5.580190513111e-008
   3.280866601616e-009             -5.562411698119e-008
   3.285526923493e-009             -5.575339577292e-008
   3.290187245371e-009             -5.583472111523e-008
   3.294847567248e-009             -5.623134395013e-008
   3.299507889125e-009             -5.674607778071e-008
   3.304168211003e-009             -5.659623594722e-008
   3.308828532880e-009             -5.651094109073e-008
   3.313488854757e-009             -5.643451162214e-008
   3.318149176634e-009             -5.649365969390e-008
   3.322809498512e-009             -5.655103475011e-008
   3.327469820389e-009             -5.645073438881e-008
   3.332130142266e-009             -5.619400269813e-008
   3.336790464144e-009             -5.617640372777e-008
   3.341450786021e-009             -5.617714478438e-008
   3.346111107898e-009             -5.611143357782e-008
   3.350771429776e-009             -5.607848532308e-008
   3.355431751653e-009             -5.593904402301e-008
   3.360092073530e-009             -5.616769697158e-008
   3.364752395407e-009             -5.611712338538e-008
   3.369412717285e-009             -5.600089146986e-008
   3.374073039162e-009             -5.611450340368e-008
   3.378733361039e-009             -5.609624292515e-008
   3.383393682917e-009             -5.614229108840e-008
   3.388054004794e-009             -5.603098156275e-008
   3.392714326671e-009             -5.605273535021e-008
   3.397374648548e-009             -5.607223960675e-008
   3.402034970426e-009             -5.600385554126e-008
   3.406695292303e-009             -5.607186915598e-008
   3.411355614180e-009             -5.624830777342e-008
   3.416015936058e-009             -5.637496658345e-008
   3.420676257935e-009             -5.641209632651e-008
   3.425336579812e-009             -5.621599466576e-008
   3.429996901690e-009             -5.621842934454e-008
   3.434657223567e-009             -5.617246057467e-008
   3.439317545444e-009             -5.624121524601e-008
   3.443977867321e-009             -5.621906449162e-008
   3.448638189199e-009             -5.631658608445e-008
   3.453298511076e-009             -5.632886554296e-008
   3.457958832953e-009             -5.611974336709e-008
   3.462619154831e-009             -5.611662050892e-008
   3.467279476708e-009             -5.610738451519e-008
   3.471939798585e-009             -5.607366868768e-008
   3.476600120462e-009             -5.611018964475e-008
   3.481260442340e-009             -5.601100094590e-008
   3.485920764217e-009             -5.574961140660e-008
   3.490581086094e-009             -5.553416427608e-008
   3.495241407972e-009             -5.581037386221e-008
   3.499901729849e-009             -5.587912853355e-008
   3.504562051726e-009             -5.579944393618e-008
   3.509222373604e-009             -5.578711160043e-008
   3.513882695481e-009             -5.595262029183e-008
   3.518543017358e-009             -5.584139015956e-008
   3.523203339235e-009             -5.580280497449e-008
   3.527863661113e-009             -5.587238009583e-008
   3.532523982990e-009             -5.596818139528e-008
   3.537184304867e-009             -5.598313386779e-008
   3.541844626745e-009             -5.587312099738e-008
   3.546504948622e-009             -5.612156941494e-008
   3.551165270499e-009             -5.612723286142e-008
   3.555825592377e-009             -5.603317806137e-008
   3.560485914254e-009             -5.603249003706e-008
   3.565146236131e-009             -5.626064010917e-008
   3.569806558008e-009             -5.627924467739e-008
   3.574466879886e-009             -5.632150847431e-008
   3.579127201763e-009             -5.631685062569e-008
   3.583787523640e-009             -5.639785839445e-008
   3.588447845518e-009             -5.628398176433e-008
   3.593108167395e-009             -5.636731845741e-008
   3.597768489272e-009             -5.633455535052e-008
   3.602428811149e-009             -5.653428274589e-008
   3.607089133027e-009             -5.665718370575e-008
   3.611749454904e-009             -5.639497371645e-008
   3.616409776781e-009             -5.641860658407e-008
   3.621070098659e-009             -5.628406115772e-008
   3.625730420536e-009             -5.630774690257e-008
   3.630390742413e-009             -5.641802431422e-008
   3.635051064291e-009             -5.633791638884e-008
   3.639711386168e-009             -5.643361193382e-008
   3.644371708045e-009             -5.628310843710e-008
   3.649032029922e-009             -5.618606335964e-008
   3.653692351800e-009             -5.623478438183e-008
   3.658352673677e-009             -5.623017956551e-008
   3.663012995554e-009             -5.609195568236e-008
   3.667673317432e-009             -5.601960179255e-008
   3.672333639309e-009             -5.596802260851e-008
   3.676993961186e-009             -5.573386500023e-008
   3.681654283063e-009             -5.580132301633e-008
   3.686314604941e-009             -5.585189660252e-008
   3.690974926818e-009             -5.574995549629e-008
   3.695635248695e-009             -5.556044348649e-008
   3.700295570573e-009             -5.575516894354e-008
   3.704955892450e-009             -5.586078866163e-008
   3.709616214327e-009             -5.545590875963e-008
   3.714276536205e-009             -5.554596737428e-008
   3.718936858082e-009             -5.559990199879e-008
   3.723597179959e-009             -5.573836406209e-008
   3.728257501836e-009             -5.565584781901e-008
   3.732917823714e-009             -5.577197382499e-008
   3.737578145591e-009             -5.591480252446e-008
   3.742238467468e-009             -5.581516382639e-008
   3.746898789346e-009             -5.580169346710e-008
   3.751559111223e-009             -5.593621237730e-008
   3.756219433100e-009             -5.595124408814e-008
   3.760879754978e-009             -5.585441067469e-008
   3.765540076855e-009             -5.579018142629e-008
   3.770200398732e-009             -5.581897470887e-008
   3.774860720609e-009             -5.601896664547e-008
   3.779521042487e-009             -5.591302950891e-008
   3.784181364364e-009             -5.590606925212e-008
   3.788841686241e-009             -5.606088635271e-008
   3.793502008119e-009             -5.629716106623e-008
   3.798162329996e-009             -5.624568779172e-008
   3.802822651873e-009             -5.614250275241e-008
   3.807482973750e-009             -5.616737939804e-008
   3.812143295628e-009             -5.613723642792e-008
   3.816803617505e-009             -5.606432678441e-008
   3.821463939382e-009             -5.604151436679e-008
   3.826124261260e-009             -5.631036688427e-008
   3.830784583137e-009             -5.614506985687e-008
   3.835444905014e-009             -5.591392919723e-008
   3.840105226892e-009             -5.591681387523e-008
   3.844765548769e-009             -5.618066460947e-008
   3.849425870646e-009             -5.601568515561e-008
   3.854086192523e-009             -5.571139667230e-008
   3.858746514401e-009             -5.584895904728e-008
   3.863406836278e-009             -5.590400502411e-008
   3.868067158155e-009             -5.587780520709e-008
   3.872727480033e-009             -5.576855990944e-008
   3.877387801910e-009             -5.598051388609e-008
   3.882048123787e-009             -5.590752484920e-008
   3.886708445665e-009             -5.599919769263e-008
   3.891368767542e-009             -5.595539906030e-008
   3.896029089419e-009             -5.587550279893e-008
   3.900689411296e-009             -5.590035292841e-008
   3.905349733174e-009             -5.588476546388e-008
   3.910010055051e-009             -5.597461225946e-008
   3.914670376928e-009             -5.615001876289e-008
   3.919330698806e-009             -5.619911023585e-008
   3.923991020683e-009             -5.611164524182e-008
   3.928651342560e-009             -5.613043495790e-008
   3.933311664437e-009             -5.611206872490e-008
   3.937971986315e-009             -5.623790723999e-008
   3.942632308192e-009             -5.618913318550e-008
   3.947292630069e-009             -5.606615283227e-008
   3.951952951947e-009             -5.609536959792e-008
   3.956613273824e-009             -5.595465800369e-008
   3.961273595701e-009             -5.606080695933e-008
   3.965933917579e-009             -5.599258168060e-008
   3.970594239456e-009             -5.600229403464e-008
   3.975254561333e-009             -5.593250724930e-008
   3.979914883210e-009             -5.595484330661e-008
   3.984575205088e-009             -5.593277194560e-008
   3.989235526965e-009             -5.576609871451e-008
   3.993895848842e-009             -5.562181457303e-008
   3.998556170720e-009             -5.559138039045e-008
   4.003216492597e-009             -5.556258710788e-008
   4.007876814474e-009             -5.540710834406e-008
   4.012537136352e-009             -5.555549458047e-008
   4.017197458229e-009             -5.544696382329e-008
   4.021857780106e-009             -5.534798678844e-008
   4.026518101983e-009             -5.502025089550e-008
   4.031178423861e-009             -5.532969979376e-008
   4.035838745738e-009             -5.535833428957e-008
   4.040499067615e-009             -5.501868938889e-008
   4.045159389493e-009             -5.507876382019e-008
   4.049819711370e-009             -5.517834948596e-008
   4.054480033247e-009             -5.500926809223e-008
   4.059140355124e-009             -5.501768379103e-008
   4.063800677002e-009             -5.535814914171e-008
   4.068460998879e-009             -5.709051280063e-008
   4.073121320756e-009             -5.705010156771e-008
   4.077781642634e-009             -5.693225526834e-008
   4.082441964511e-009             -5.695329451534e-008
   4.087102286388e-009             -5.700852579510e-008
   4.091762608266e-009             -5.702567476624e-008
   4.096422930143e-009             -5.700963730249e-008
   4.101083252020e-009             -5.706558327777e-008
   4.105743573897e-009             -5.726795701593e-008
   4.110403895775e-009             -5.716056412722e-008
   4.115064217652e-009             -5.705243033696e-008
   4.119724539529e-009             -5.698245840376e-008
   4.124384861407e-009             -5.701741785421e-008
   4.129045183284e-009             -5.694299989145e-008
   4.133705505161e-009             -5.672813487572e-008
   4.138365827038e-009             -5.682793236056e-008
   4.143026148916e-009             -5.646319915024e-008
   4.147686470793e-009             -5.627426941029e-008
   4.152346792670e-009             -5.616677076711e-008
   4.157007114548e-009             -5.622070523655e-008
   4.161667436425e-009             -5.615385600645e-008
   4.166327758302e-009             -5.603450138783e-008
   4.170988080180e-009             -5.593684752438e-008
   4.175648402057e-009             -5.591601994139e-008
   4.180308723934e-009             -5.570552156182e-008
   4.184969045811e-009             -5.556764176836e-008
   4.189629367689e-009             -5.582421467227e-008
   4.194289689566e-009             -5.571719238940e-008
   4.198950011443e-009             -5.576239374157e-008
   4.203610333321e-009             -5.558026531657e-008
   4.208270655198e-009             -5.575810649878e-008
   4.212930977075e-009             -5.570811518243e-008
   4.217591298953e-009             -5.578562948720e-008
   4.222251620830e-009             -5.574479492627e-008
   4.226911942707e-009             -5.573664376870e-008
   4.231572264584e-009             -5.560125168633e-008
   4.236232586462e-009             -5.558018592318e-008
   4.240892908339e-009             -5.583593853215e-008
   4.245553230216e-009             -5.594219324226e-008
   4.250213552094e-009             -5.592028066802e-008
   4.254873873971e-009             -5.596151235094e-008
   4.259534195848e-009             -5.594380762611e-008
   4.264194517725e-009             -5.599205228799e-008
   4.268854839603e-009             -5.604122330940e-008
   4.273515161480e-009             -5.586208531688e-008
   4.278175483357e-009             -5.600295569787e-008
   4.282835805235e-009             -5.601033928267e-008
   4.287496127112e-009             -5.588463303819e-008
   4.292156448989e-009             -5.605300004652e-008
   4.296816770867e-009             -5.618341686179e-008
   4.301477092744e-009             -5.609068538821e-008
   4.306137414621e-009             -5.585806277039e-008
   4.310797736498e-009             -5.590678379258e-008
   4.315458058376e-009             -5.602619144350e-008
   4.320118380253e-009             -5.583204825629e-008
   4.324778702130e-009             -5.573873451286e-008
   4.329439024008e-009             -5.575617454139e-008
   4.334099345885e-009             -5.567471692847e-008
   4.338759667762e-009             -5.557904789964e-008
   4.343419989640e-009             -5.571502240692e-008
   4.348080311517e-009             -5.570896199352e-008
   4.352740633394e-009             -5.555491231063e-008
   4.357400955271e-009             -5.549134472546e-008
   4.362061277149e-009             -5.541025756331e-008
   4.366721599026e-009             -5.599409015491e-008
   4.371381920903e-009             -5.633929259254e-008
   4.376042242781e-009             -5.646049977516e-008
   4.380702564658e-009             -5.640682984695e-008
   4.385362886535e-009             -5.653055125680e-008
   4.390023208412e-009             -5.642109414009e-008
   4.394683530290e-009             -5.634371210594e-008
   4.399343852167e-009             -5.645772100668e-008
   4.404004174044e-009             -5.652883096342e-008
   4.408664495922e-009             -5.676288266216e-008
   4.413324817799e-009             -5.662862844826e-008
   4.417985139676e-009             -5.654878521918e-008
   4.422645461554e-009             -5.649471832406e-008
   4.427305783431e-009             -5.645279861682e-008
   4.431966105308e-009             -5.667846113291e-008
   4.436626427185e-009             -5.670495200732e-008
   4.441286749063e-009             -5.647923661400e-008
   4.445947070940e-009             -5.656368465940e-008
   4.450607392817e-009             -5.650660081564e-008
   4.455267714695e-009             -5.660637193940e-008
   4.459928036572e-009             -5.649702073222e-008
   4.464588358449e-009             -5.631348974244e-008
   4.469248680327e-009             -5.648098326846e-008
   4.473909002204e-009             -5.635808230861e-008
   4.478569324081e-009             -5.646513110763e-008
   4.483229645958e-009             -5.647277923367e-008
   4.487889967836e-009             -5.643943401200e-008
   4.492550289713e-009             -5.632870675619e-008
   4.497210611590e-009             -5.624971033820e-008
   4.501870933468e-009             -5.635241886213e-008
   4.506531255345e-009             -5.625709392299e-008
   4.511191577222e-009             -5.595058257997e-008
   4.515851899099e-009             -5.602918203104e-008
   4.520512220977e-009             -5.601512940191e-008
   4.525172542854e-009             -5.587979004171e-008
   4.529832864731e-009             -5.590617516166e-008
   4.534493186609e-009             -5.591919567678e-008
   4.539153508486e-009             -5.606456496457e-008
   4.543813830363e-009             -5.586134441533e-008
   4.548474152241e-009             -5.584874722821e-008
   4.553134474118e-009             -5.606779357720e-008
   4.557794795995e-009             -5.614528152088e-008
   4.562455117872e-009             -5.625278016406e-008
   4.567115439750e-009             -5.626445099164e-008
   4.571775761627e-009             -5.659009629549e-008
   4.576436083504e-009             -5.664170199569e-008
   4.581096405382e-009             -5.647595496906e-008
   4.585756727259e-009             -5.655373412520e-008
   4.590417049136e-009             -5.680967188203e-008
   4.595077371013e-009             -5.695805811844e-008
   4.599737692891e-009             -5.674409294608e-008
   4.604398014768e-009             -5.666247654639e-008
   4.609058336645e-009             -5.677196002419e-008
   4.613718658523e-009             -5.684023833522e-008
   4.618378980400e-009             -5.671500845105e-008
   4.623039302277e-009             -5.688829784925e-008
   4.627699624155e-009             -5.694329094884e-008
   4.632359946032e-009             -5.691865248337e-008
   4.637020267909e-009             -5.672371536231e-008
   4.641680589786e-009             -5.685262370327e-008
   4.646340911664e-009             -5.685873699391e-008
   4.651001233541e-009             -5.665384918358e-008
   4.655661555418e-009             -5.672104234831e-008
