# Atom Manipulation               
# 
# Sample                          Ag(111)
# Data set                        -
# Creation Comment                
# Gap voltage                     -1.000e-003 V
# Gap voltage range in Volt       -10;10
# Feedback loop enabled           No
# Regulator setpoint              1.000e-009 A
# Pre-amplifier range             0;3.33e-007
# Loop gain                       7.000e+000 %
# Z-axis offset                   -4.000e-010 m
# Parameter mode                  V before Z
# Raster time                     1.000e-003 seconds
# Channel name and data unit      I(r) [A]
# Manipulation vector: start      4.282e+000, -4.257e+000 [nm]
#                      end        0.000e+000, -1.976e+000 [nm]
# 
# 
#             Position                            I(r)
# --------------------             -------------------
   0.000000000000e+000             -4.92680937834e-009
   4.852184735393e-012             -4.92802679527e-009
   9.704369470787e-012             -5.11936485292e-009
   1.455655420618e-011             -5.17822171223e-009
   1.940873894157e-011             -5.13418489975e-009
   2.426092367697e-011             -5.18536711687e-009
   2.911310841236e-011             -5.21786552745e-009
   3.396529314775e-011             -5.26409899363e-009
   3.881747788315e-011             -5.23689342368e-009
   4.366966261854e-011             -5.32771945603e-009
   4.852184735393e-011             -5.41484051544e-009
   5.337403208933e-011             -5.32345872940e-009
   5.822621682472e-011             -5.43789111321e-009
   6.307840156011e-011             -5.47200375258e-009
   6.793058629551e-011             -5.55973344291e-009
   7.278277103090e-011             -5.56325326800e-009
   7.763495576629e-011             -5.53583603405e-009
   8.248714050169e-011             -5.40798616818e-009
   8.733932523708e-011             -5.37167703019e-009
   9.219150997247e-011             -5.34812355596e-009
   9.704369470787e-011             -5.44029927585e-009
   1.018958794433e-010             -5.45234070927e-009
   1.067480641787e-010             -5.57439470297e-009
   1.116002489140e-010             -5.45871854115e-009
   1.164524336494e-010             -5.44688892679e-009
   1.213046183848e-010             -5.31459318643e-009
   1.261568031202e-010             -5.27026516150e-009
   1.310089878556e-010             -5.08940703066e-009
   1.358611725910e-010             -5.01178681636e-009
   1.407133573264e-010             -4.99048287305e-009
   1.455655420618e-010             -4.89314658314e-009
   1.504177267972e-010             -4.84238769403e-009
   1.552699115326e-010             -4.77275969545e-009
   1.601220962680e-010             -4.76630247019e-009
   1.649742810034e-010             -4.85903394377e-009
   1.698264657388e-010             -4.75717223092e-009
   1.746786504742e-010             -4.81351501807e-009
   1.795308352096e-010             -4.88819767712e-009
   1.843830199449e-010             -4.89780427670e-009
   1.892352046803e-010             -4.79509575276e-009
   1.940873894157e-010             -4.84368450433e-009
   1.989395741511e-010             -5.01448619144e-009
   2.037917588865e-010             -5.21902991208e-009
   2.086439436219e-010             -5.34870582580e-009
   2.134961283573e-010             -5.41346431174e-009
   2.183483130927e-010             -5.47552357766e-009
   2.232004978281e-010             -5.40713935710e-009
   2.280526825635e-010             -5.26433717378e-009
   2.329048672989e-010             -5.35116702073e-009
   2.377570520343e-010             -5.43921428461e-009
   2.426092367697e-010             -5.65415869373e-009
   2.474614215051e-010             -5.62597404208e-009
   2.523136062405e-010             -5.56312084231e-009
   2.571657909758e-010             -5.56089782754e-009
   2.620179757112e-010             -5.58281040177e-009
   2.668701604466e-010             -5.49915629022e-009
   2.717223451820e-010             -5.52117477399e-009
   2.765745299174e-010             -5.59199367334e-009
   2.814267146528e-010             -5.54224038208e-009
   2.862788993882e-010             -5.50519018747e-009
   2.911310841236e-010             -5.43447719766e-009
   2.959832688590e-010             -5.52612352494e-009
   3.008354535944e-010             -5.62351284715e-009
   3.056876383298e-010             -5.49902401960e-009
   3.105398230652e-010             -5.70843725286e-009
   3.153920078006e-010             -5.60117678984e-009
   3.202441925360e-010             -5.62091922653e-009
   3.250963772714e-010             -5.40809207772e-009
   3.299485620067e-010             -5.47864628076e-009
   3.348007467421e-010             -5.48952317449e-009
   3.396529314775e-010             -5.58680658717e-009
   3.445051162129e-010             -5.63785653367e-009
   3.493573009483e-010             -5.64812479648e-009
   3.542094856837e-010             -5.84899006032e-009
   3.590616704191e-010             -5.90734419824e-009
   3.639138551545e-010             -6.03646420320e-009
   3.687660398899e-010             -6.09889391989e-009
   3.736182246253e-010             -6.36618493076e-009
   3.784704093607e-010             -6.46934345392e-009
   3.833225940961e-010             -6.57774194049e-009
   3.881747788315e-010             -6.75939400518e-009
   3.930269635669e-010             -7.12023693963e-009
   3.978791483022e-010             -1.28805445890e-008
   4.027313330376e-010             -2.04781209198e-008
   4.075835177730e-010             -2.01291869931e-008
   4.124357025084e-010             -2.06039594349e-008
   4.172878872438e-010             -2.02442016468e-008
   4.221400719792e-010             -2.02860683217e-008
   4.269922567146e-010             -2.02382735040e-008
   4.318444414500e-010             -2.03433109523e-008
   4.366966261854e-010             -2.05901715021e-008
   4.415488109208e-010             -2.03792497945e-008
   4.464009956562e-010             -2.00344972011e-008
   4.512531803916e-010             -2.05715934500e-008
   4.561053651270e-010             -2.02178694041e-008
   4.609575498624e-010             -2.04030412939e-008
   4.658097345978e-010             -2.06762604475e-008
   4.706619193331e-010             -2.06014718789e-008
   4.755141040685e-010             -2.01246352091e-008
   4.803662888039e-010             -2.01252703562e-008
   4.852184735393e-010             -2.01642788693e-008
   4.900706582747e-010             -2.03189636992e-008
   4.949228430101e-010             -2.08102764813e-008
   4.997750277455e-010             -2.04247422041e-008
   5.046272124809e-010             -2.02172607732e-008
   5.094793972163e-010             -2.05454730264e-008
   5.143315819517e-010             -2.05741075222e-008
   5.191837666871e-010             -2.04365453023e-008
   5.240359514225e-010             -2.06431534060e-008
   5.288881361579e-010             -2.08165485587e-008
   5.337403208933e-010             -2.10307253950e-008
   5.385925056287e-010             -2.05896157484e-008
   5.434446903640e-010             -2.02567986788e-008
   5.482968750994e-010             -2.01662902200e-008
   5.531490598348e-010             -2.00707271007e-008
   5.580012445702e-010             -2.05465845338e-008
   5.628534293056e-010             -2.03434433779e-008
   5.677056140410e-010             -2.01526080417e-008
   5.725577987764e-010             -2.06803889035e-008
   5.774099835118e-010             -2.00718120920e-008
   5.822621682472e-010             -2.02050607080e-008
   5.871143529826e-010             -2.05163885314e-008
   5.919665377180e-010             -2.07040744933e-008
   5.968187224534e-010             -2.07414952938e-008
   6.016709071888e-010             -2.03876918544e-008
   6.065230919242e-010             -2.07327885376e-008
   6.113752766596e-010             -2.06225640032e-008
   6.162274613949e-010             -2.04594634744e-008
   6.210796461303e-010             -2.06210290127e-008
   6.259318308657e-010             -2.06206585619e-008
   6.307840156011e-010             -2.06429681031e-008
   6.356362003365e-010             -2.07892372343e-008
   6.404883850719e-010             -2.00792221929e-008
   6.453405698073e-010             -2.04756862411e-008
   6.501927545427e-010             -2.02658230086e-008
   6.550449392781e-010             -2.00280928530e-008
   6.598971240135e-010             -2.03816315961e-008
   6.647493087489e-010             -2.03177727985e-008
   6.696014934843e-010             -2.03153381197e-008
   6.744536782197e-010             -2.00601677806e-008
   6.793058629551e-010             -2.01774581712e-008
   6.841580476905e-010             -2.02641293864e-008
   6.890102324258e-010             -2.04065346028e-008
   6.938624171612e-010             -2.02637059033e-008
   6.987146018966e-010             -2.05498131464e-008
   7.035667866320e-010             -2.04874099459e-008
   7.084189713674e-010             -2.02470861697e-008
   7.132711561028e-010             -2.01606267736e-008
   7.181233408382e-010             -2.07149250260e-008
   7.229755255736e-010             -2.07455178403e-008
   7.278277103090e-010             -2.05932678441e-008
   7.326798950444e-010             -2.05898804447e-008
   7.375320797798e-010             -2.04819848346e-008
   7.423842645152e-010             -2.01920665540e-008
   7.472364492506e-010             -2.02141115539e-008
   7.520886339860e-010             -2.01029608150e-008
   7.569408187214e-010             -2.05782096171e-008
   7.617930034567e-010             -2.06705441238e-008
   7.666451881921e-010             -2.05256775574e-008
   7.714973729275e-010             -2.04685673526e-008
   7.763495576629e-010             -2.03709398502e-008
   7.812017423983e-010             -2.03407440029e-008
   7.860539271337e-010             -2.07214616446e-008
   7.909061118691e-010             -2.05449437889e-008
   7.957582966045e-010             -2.06504575974e-008
   8.006104813399e-010             -2.05359986975e-008
   8.054626660753e-010             -2.06953942533e-008
   8.103148508107e-010             -2.05389892850e-008
   8.151670355461e-010             -2.05564558297e-008
   8.200192202815e-010             -2.06327792337e-008
   8.248714050169e-010             -2.11346778520e-008
   8.297235897522e-010             -2.09085389756e-008
   8.345757744876e-010             -2.05820733769e-008
   8.394279592230e-010             -2.02145348819e-008
   8.442801439584e-010             -2.06216641598e-008
   8.491323286938e-010             -2.04389271038e-008
   8.539845134292e-010             -2.07077002279e-008
   8.588366981646e-010             -2.01679046039e-008
   8.636888829000e-010             -2.04254567446e-008
   8.685410676354e-010             -2.00077416304e-008
   8.733932523708e-010             -2.00805718805e-008
   8.782454371062e-010             -2.03595337189e-008
   8.830976218416e-010             -2.03758887562e-008
   8.879498065770e-010             -2.01656285568e-008
   8.928019913124e-010             -2.03839603653e-008
   8.976541760478e-010             -2.05270537611e-008
   9.025063607831e-010             -2.02826544062e-008
   9.073585455185e-010             -2.03192283955e-008
   9.122107302539e-010             -2.03762592070e-008
   9.170629149893e-010             -2.06321706027e-008
   9.219150997247e-010             -2.06560151344e-008
   9.267672844601e-010             -2.06795419374e-008
   9.316194691955e-010             -2.06296828917e-008
   9.364716539309e-010             -2.02922346447e-008
   9.413238386663e-010             -2.03035613826e-008
   9.461760234017e-010             -2.03459309340e-008
   9.510282081371e-010             -2.04210370761e-008
   9.558803928725e-010             -2.04015856968e-008
   9.607325776079e-010             -2.03643501993e-008
   9.655847623433e-010             -2.00924808882e-008
   9.704369470787e-010             -1.98156890322e-008
   9.752891318140e-010             -2.02287462978e-008
   9.801413165494e-010             -2.07929156910e-008
   9.849935012848e-010             -2.04769565352e-008
   9.898456860202e-010             -2.05589964180e-008
   9.946978707556e-010             -2.07109023244e-008
   9.995500554910e-010             -2.03228804912e-008
   1.004402240226e-009             -2.04981545690e-008
   1.009254424962e-009             -2.04509155050e-008
   1.014106609697e-009             -2.01865620493e-008
   1.018958794433e-009             -2.06085113740e-008
   1.023810979168e-009             -2.09621823877e-008
   1.028663163903e-009             -2.03717074230e-008
   1.033515348639e-009             -2.03384679558e-008
   1.038367533374e-009             -2.05469815007e-008
   1.043219718110e-009             -2.01964068291e-008
   1.048071902845e-009             -2.04740983734e-008
   1.052924087580e-009             -2.03456133604e-008
   1.057776272316e-009             -2.01774846873e-008
   1.062628457051e-009             -2.00785340136e-008
   1.067480641787e-009             -1.99341439625e-008
   1.072332826522e-009             -2.01794960381e-008
   1.077185011257e-009             -2.07026984447e-008
   1.082037195993e-009             -2.04009241886e-008
   1.086889380728e-009             -2.05574085503e-008
   1.091741565463e-009             -2.05237986323e-008
   1.096593750199e-009             -2.03522560437e-008
   1.101445934934e-009             -2.05146683931e-008
   1.106298119670e-009             -2.05076817752e-008
   1.111150304405e-009             -2.08733677061e-008
   1.116002489140e-009             -2.08779990386e-008
   1.120854673876e-009             -2.11816787359e-008
   1.125706858611e-009             -2.06798331498e-008
   1.130559043347e-009             -2.05999368885e-008
   1.135411228082e-009             -2.01784108918e-008
   1.140263412817e-009             -2.02657436152e-008
   1.145115597553e-009             -2.04580080324e-008
   1.149967782288e-009             -2.05254924096e-008
   1.154819967024e-009             -2.05929767867e-008
   1.159672151759e-009             -2.01340036285e-008
   1.164524336494e-009             -2.01784639241e-008
   1.169376521230e-009             -2.03578929740e-008
   1.174228705965e-009             -2.06694854937e-008
   1.179080890701e-009             -2.03147823660e-008
   1.183933075436e-009             -2.04454373614e-008
   1.188785260171e-009             -2.03561726806e-008
   1.193637444907e-009             -2.05751132751e-008
   1.198489629642e-009             -2.01760556064e-008
   1.203341814378e-009             -2.05485428523e-008
   1.208193999113e-009             -2.03341278358e-008
   1.213046183848e-009             -2.08196712618e-008
   1.217898368584e-009             -2.05404183659e-008
   1.222750553319e-009             -2.04881244863e-008
   1.227602738055e-009             -2.02681519329e-008
   1.232454922790e-009             -2.01689367179e-008
   1.237307107525e-009             -2.01517877467e-008
   1.242159292261e-009             -2.03728983237e-008
   1.247011476996e-009             -2.04288706601e-008
   1.251863661731e-009             -2.00474648390e-008
   1.256715846467e-009             -1.99863054164e-008
   1.261568031202e-009             -1.98188118904e-008
   1.266420215938e-009             -2.02241945138e-008
   1.271272400673e-009             -2.04878334290e-008
   1.276124585408e-009             -2.04956668579e-008
   1.280976770144e-009             -2.02093743119e-008
   1.285828954879e-009             -2.06020276326e-008
   1.290681139615e-009             -2.03305286173e-008
   1.295533324350e-009             -2.05041619501e-008
   1.300385509085e-009             -2.01364383073e-008
   1.305237693821e-009             -2.06649071935e-008
   1.310089878556e-009             -2.05044266464e-008
   1.314942063292e-009             -2.04037823505e-008
   1.319794248027e-009             -2.01428956876e-008
   1.324646432762e-009             -2.01373381507e-008
   1.329498617498e-009             -2.02170754702e-008
   1.334350802233e-009             -2.04353544015e-008
   1.339202986969e-009             -2.01213270480e-008
   1.344055171704e-009             -2.02074159934e-008
   1.348907356439e-009             -2.05360252136e-008
   1.353759541175e-009             -2.02077600831e-008
   1.358611725910e-009             -1.98458850347e-008
   1.363463910646e-009             -1.98682739692e-008
   1.368316095381e-009             -2.04125419839e-008
   1.373168280116e-009             -2.04802645412e-008
   1.378020464852e-009             -2.05503689001e-008
   1.382872649587e-009             -2.04289235373e-008
   1.387724834322e-009             -2.01641200825e-008
   1.392577019058e-009             -2.03912116795e-008
   1.397429203793e-009             -1.98982846687e-008
   1.402281388529e-009             -2.04096044287e-008
   1.407133573264e-009             -2.05213109212e-008
   1.411985757999e-009             -2.06702265503e-008
   1.416837942735e-009             -2.01583773977e-008
   1.421690127470e-009             -2.01972536402e-008
   1.426542312206e-009             -1.99942182388e-008
   1.431394496941e-009             -2.03048316767e-008
   1.436246681676e-009             -1.98909804773e-008
   1.441098866412e-009             -2.04431084371e-008
   1.445951051147e-009             -2.01785696785e-008
   1.450803235883e-009             -1.97327494611e-008
   1.455655420618e-009             -2.00410868520e-008
   1.460507605353e-009             -2.01044692893e-008
   1.465359790089e-009             -2.06685062569e-008
   1.470211974824e-009             -2.02123118671e-008
   1.475064159560e-009             -2.02903555645e-008
   1.479916344295e-009             -2.07040744933e-008
   1.484768529030e-009             -2.05505013258e-008
   1.489620713766e-009             -2.01519994108e-008
   1.494472898501e-009             -2.04106365427e-008
   1.499325083237e-009             -2.06280686629e-008
   1.504177267972e-009             -2.08096148180e-008
   1.509029452707e-009             -2.07079912853e-008
   1.513881637443e-009             -2.03578664578e-008
   1.518733822178e-009             -2.02660611887e-008
   1.523586006913e-009             -2.00969797950e-008
   1.528438191649e-009             -2.01093651631e-008
   1.533290376384e-009             -2.04901623533e-008
   1.538142561120e-009             -2.02662464916e-008
   1.542994745855e-009             -2.02822045620e-008
   1.547846930590e-009             -2.02587569973e-008
   1.552699115326e-009             -1.99345144133e-008
   1.557551300061e-009             -1.98047062290e-008
   1.562403484797e-009             -2.05955967684e-008
   1.567255669532e-009             -2.05401536696e-008
   1.572107854267e-009             -2.03192547566e-008
   1.576960039003e-009             -2.03557493526e-008
   1.581812223738e-009             -1.99874698011e-008
   1.586664408474e-009             -1.99219702585e-008
   1.591516593209e-009             -2.00796191599e-008
   1.596368777944e-009             -2.04643595032e-008
   1.601220962680e-009             -2.05220254617e-008
   1.606073147415e-009             -2.06059442696e-008
   1.610925332151e-009             -2.00702242243e-008
   1.615777516886e-009             -2.02890852704e-008
   1.620629701621e-009             -2.03081396827e-008
   1.625481886357e-009             -2.01894730884e-008
   1.630334071092e-009             -2.04157177193e-008
   1.635186255828e-009             -2.05694498287e-008
   1.640038440563e-009             -2.03570196468e-008
   1.644890625298e-009             -2.00491321000e-008
   1.649742810034e-009             -1.98733286297e-008
   1.654594994769e-009             -1.99889519143e-008
   1.659447179505e-009             -2.02568515561e-008
   1.664299364240e-009             -2.06211349222e-008
   1.669151548975e-009             -2.03496095458e-008
   1.674003733711e-009             -2.00881142520e-008
   1.678855918446e-009             -2.06498488114e-008
   1.683708103181e-009             -2.00388373211e-008
   1.688560287917e-009             -2.00930366419e-008
   1.693412472652e-009             -2.07010575447e-008
   1.698264657388e-009             -2.06697501900e-008
   1.703116842123e-009             -2.05686558948e-008
   1.707969026858e-009             -2.00771843260e-008
   1.712821211594e-009             -2.02745034037e-008
   1.717673396329e-009             -2.00430451705e-008
   1.722525581065e-009             -2.01703392827e-008
   1.727377765800e-009             -2.00101763091e-008
   1.732229950535e-009             -2.01057924607e-008
   1.737082135271e-009             -2.02054311588e-008
   1.741934320006e-009             -2.00055980090e-008
   1.746786504742e-009             -1.99277924917e-008
   1.751638689477e-009             -1.99467940269e-008
   1.756490874212e-009             -2.02294873544e-008
   1.761343058948e-009             -2.04455696320e-008
   1.766195243683e-009             -2.02810401774e-008
   1.771047428419e-009             -2.03165553815e-008
   1.775899613154e-009             -2.03500065127e-008
   1.780751797889e-009             -2.00681865124e-008
   1.785603982625e-009             -1.99559506272e-008
   1.790456167360e-009             -2.02775468685e-008
   1.795308352096e-009             -2.04505714153e-008
   1.800160536831e-009             -2.06516748593e-008
   1.805012721566e-009             -2.00534987362e-008
   1.809864906302e-009             -2.02187427313e-008
   1.814717091037e-009             -1.99421892106e-008
   1.819569275772e-009             -1.99411834576e-008
   1.824421460508e-009             -2.01625058537e-008
   1.829273645243e-009             -2.03078751415e-008
   1.834125829979e-009             -2.04739924638e-008
   1.838978014714e-009             -1.99031276652e-008
   1.843830199449e-009             -1.96610042023e-008
   1.848682384185e-009             -2.01541165160e-008
   1.853534568920e-009             -2.04183377010e-008
   1.858386753656e-009             -2.02156463893e-008
   1.863238938391e-009             -2.00468560530e-008
   1.868091123126e-009             -1.97492102529e-008
   1.872943307862e-009             -2.02536229434e-008
   1.877795492597e-009             -2.01012670378e-008
   1.882647677333e-009             -1.99603172634e-008
   1.887499862068e-009             -2.00889610631e-008
   1.892352046803e-009             -2.04220163129e-008
   1.897204231539e-009             -2.03220865574e-008
   1.902056416274e-009             -2.02351508009e-008
   1.906908601010e-009             -2.01236559723e-008
   1.911760785745e-009             -1.97471196638e-008
   1.916612970480e-009             -1.98107666424e-008
   1.921465155216e-009             -1.97313997736e-008
   1.926317339951e-009             -1.97460345175e-008
   1.931169524687e-009             -1.99704532556e-008
   1.936021709422e-009             -1.97127423281e-008
   1.940873894157e-009             -1.96220485664e-008
   1.945726078893e-009             -1.96980809130e-008
   1.950578263628e-009             -2.00091707113e-008
   1.955430448364e-009             -2.03296552900e-008
   1.960282633099e-009             -2.04198992076e-008
   1.965134817834e-009             -2.05313410039e-008
   1.969987002570e-009             -2.00175598939e-008
   1.974839187305e-009             -1.98867726279e-008
   1.979691372040e-009             -1.99288246057e-008
   1.984543556776e-009             -2.01929663974e-008
   1.989395741511e-009             -2.03816844733e-008
   1.994247926247e-009             -2.02894028439e-008
   1.999100110982e-009             -2.00635286638e-008
   2.003952295717e-009             -2.01040192901e-008
   2.008804480453e-009             -1.99466616012e-008
   2.013656665188e-009             -1.98935210656e-008
   2.018508849924e-009             -1.99383252958e-008
   2.023361034659e-009             -2.01359884631e-008
   2.028213219394e-009             -2.03610421932e-008
   2.033065404130e-009             -2.00143841585e-008
   2.037917588865e-009             -1.98186265875e-008
   2.042769773601e-009             -1.98733286297e-008
   2.047621958336e-009             -1.98024568531e-008
   2.052474143071e-009             -2.01863767464e-008
   2.057326327807e-009             -2.03159996278e-008
   2.062178512542e-009             -1.98303768084e-008
   2.067030697278e-009             -2.02723597823e-008
   2.071882882013e-009             -2.02407612151e-008
   2.076735066748e-009             -1.96584107367e-008
   2.081587251484e-009             -2.04150031788e-008
   2.086439436219e-009             -2.02355477678e-008
   2.091291620955e-009             -2.03718925708e-008
   2.096143805690e-009             -1.97100693141e-008
   2.100995990425e-009             -1.97988576346e-008
   2.105848175161e-009             -1.97637128813e-008
   2.110700359896e-009             -1.95341072121e-008
   2.115552544631e-009             -1.96518739630e-008
   2.120404729367e-009             -2.00641638109e-008
   2.125256914102e-009             -2.01442188590e-008
   2.130109098838e-009             -1.95979394936e-008
   2.134961283573e-009             -1.94614886260e-008
   2.139813468308e-009             -1.94911288747e-008
   2.144665653044e-009             -1.97859693901e-008
   2.149517837779e-009             -2.00454800043e-008
   2.154370022515e-009             -1.98049974414e-008
   2.159222207250e-009             -1.99024925181e-008
   2.164074391985e-009             -1.98541419467e-008
   2.168926576721e-009             -2.00208415389e-008
   2.173778761456e-009             -2.01022991518e-008
   2.178630946192e-009             -1.97261067779e-008
   2.183483130927e-009             -2.01422869016e-008
   2.188335315662e-009             -2.00406104917e-008
   2.193187500398e-009             -1.97881130115e-008
   2.198039685133e-009             -2.00444213742e-008
   2.202891869869e-009             -1.98032771480e-008
   2.207744054604e-009             -1.98608109910e-008
   2.212596239339e-009             -1.98853964242e-008
   2.217448424075e-009             -1.97550590023e-008
   2.222300608810e-009             -1.98218817163e-008
   2.227152793546e-009             -1.99192708834e-008
   2.232004978281e-009             -1.94581541038e-008
   2.236857163016e-009             -1.95726658810e-008
   2.241709347752e-009             -1.99129724449e-008
   2.246561532487e-009             -2.03241507854e-008
   2.251413717222e-009             -2.00212913830e-008
   2.256265901958e-009             -1.98385808432e-008
   2.261118086693e-009             -1.99219702585e-008
   2.265970271429e-009             -2.01964862225e-008
   2.270822456164e-009             -2.00279340663e-008
   2.275674640899e-009             -1.99495991564e-008
   2.280526825635e-009             -2.01765848439e-008
   2.285379010370e-009             -2.01679046039e-008
   2.290231195106e-009             -1.99272102219e-008
   2.295083379841e-009             -1.98169593264e-008
   2.299935564576e-009             -1.97422501512e-008
   2.304787749312e-009             -1.98822472049e-008
   2.309639934047e-009             -1.96338253035e-008
   2.314492118783e-009             -1.96253830886e-008
   2.319344303518e-009             -1.98071145467e-008
   2.324196488253e-009             -1.97206022733e-008
   2.329048672989e-009             -1.95721895207e-008
   2.333900857724e-009             -1.94163403061e-008
   2.338753042460e-009             -1.99869670797e-008
   2.343605227195e-009             -2.00516726884e-008
   2.348457411930e-009             -2.01758439424e-008
   2.353309596666e-009             -2.00944392067e-008
   2.358161781401e-009             -1.96931056459e-008
   2.363013966137e-009             -1.97844080386e-008
   2.367866150872e-009             -1.98661303478e-008
   2.372718335607e-009             -2.01370205772e-008
   2.377570520343e-009             -1.99656896525e-008
   2.382422705078e-009             -2.02350977686e-008
   2.387274889814e-009             -1.98577410101e-008
   2.392127074549e-009             -2.00477558964e-008
   2.396979259284e-009             -1.97680530013e-008
   2.401831444020e-009             -1.98567619284e-008
   2.406683628755e-009             -2.00302893517e-008
   2.411535813490e-009             -1.97332521825e-008
   2.416387998226e-009             -1.98274392532e-008
   2.421240182961e-009             -1.94946750609e-008
   2.426092367697e-009             -1.95421788212e-008
   2.430944552432e-009             -1.98122222395e-008
   2.435796737167e-009             -2.00455063654e-008
   2.440648921903e-009             -1.98851582440e-008
   2.445501106638e-009             -1.98674270031e-008
   2.450353291374e-009             -1.96425585759e-008
   2.455205476109e-009             -1.98723493929e-008
   2.460057660844e-009             -1.96810378514e-008
   2.464909845580e-009             -1.94771821551e-008
   2.469762030315e-009             -1.98691472964e-008
   2.474614215051e-009             -1.96027294577e-008
   2.479466399786e-009             -2.00460092419e-008
   2.484318584521e-009             -1.96718547349e-008
   2.489170769257e-009             -1.93567423902e-008
   2.494022953992e-009             -1.97029769418e-008
   2.498875138728e-009             -1.99535424646e-008
   2.503727323463e-009             -1.97674972476e-008
   2.508579508198e-009             -1.97426471181e-008
   2.513431692934e-009             -1.98732227202e-008
   2.518283877669e-009             -1.96398061685e-008
   2.523136062405e-009             -1.95926201368e-008
   2.527988247140e-009             -1.96032323342e-008
   2.532840431875e-009             -1.96252243018e-008
   2.537692616611e-009             -1.98922771325e-008
   2.542544801346e-009             -2.00462209059e-008
   2.547396986081e-009             -1.97692173859e-008
   2.552249170817e-009             -1.96942965467e-008
   2.557101355552e-009             -1.99480643210e-008
   2.561953540288e-009             -1.97391272930e-008
   2.566805725023e-009             -1.96824934485e-008
   2.571657909758e-009             -1.98825382623e-008
   2.576510094494e-009             -2.00833506489e-008
   2.581362279229e-009             -1.99298038425e-008
   2.586214463965e-009             -1.97552441502e-008
   2.591066648700e-009             -1.94831366590e-008
   2.595918833435e-009             -1.97197024299e-008
   2.600771018171e-009             -1.96677526400e-008
   2.605623202906e-009             -1.96900093039e-008
   2.610475387642e-009             -1.95649118454e-008
   2.615327572377e-009             -1.95080661818e-008
   2.620179757112e-009             -1.95797847695e-008
   2.625031941848e-009             -1.92320682597e-008
   2.629884126583e-009             -1.95261942347e-008
   2.634736311319e-009             -1.98618694661e-008
   2.639588496054e-009             -1.96262035386e-008
   2.644440680789e-009             -1.95119564577e-008
   2.649292865525e-009             -1.97897802726e-008
   2.654145050260e-009             -1.97264508676e-008
   2.658997234996e-009             -1.95720836112e-008
   2.663849419731e-009             -1.95206103366e-008
   2.668701604466e-009             -1.95740155685e-008
   2.673553789202e-009             -1.99198531533e-008
   2.678405973937e-009             -1.98884927662e-008
   2.683258158673e-009             -1.94590539472e-008
   2.688110343408e-009             -1.94429370900e-008
   2.692962528143e-009             -1.96109069764e-008
   2.697814712879e-009             -1.94219507203e-008
   2.702666897614e-009             -1.94232475306e-008
   2.707519082349e-009             -1.98197380949e-008
   2.712371267085e-009             -1.95106861635e-008
   2.717223451820e-009             -1.94516703624e-008
   2.722075636556e-009             -1.94021554063e-008
   2.726927821291e-009             -1.96753744049e-008
   2.731780006026e-009             -1.97458228535e-008
   2.736632190762e-009             -1.95341600893e-008
   2.741484375497e-009             -1.99528279241e-008
   2.746336560233e-009             -1.96656884120e-008
   2.751188744968e-009             -1.95935198251e-008
   2.756040929703e-009             -1.96998540836e-008
   2.760893114439e-009             -1.95137559894e-008
   2.765745299174e-009             -1.99070179410e-008
   2.770597483910e-009             -2.03791704012e-008
   2.775449668645e-009             -1.96665353781e-008
   2.780301853380e-009             -1.92882787762e-008
   2.785154038116e-009             -1.94103064088e-008
   2.790006222851e-009             -1.94239620711e-008
   2.794858407587e-009             -1.96656090186e-008
   2.799710592322e-009             -1.95199221573e-008
   2.804562777057e-009             -1.92926982896e-008
   2.809414961793e-009             -1.94216596629e-008
   2.814267146528e-009             -1.91188004156e-008
   2.819119331264e-009             -1.90179971778e-008
   2.823971515999e-009             -1.96705050474e-008
   2.828823700734e-009             -1.98514425716e-008
   2.833675885470e-009             -1.93437482361e-008
   2.838528070205e-009             -1.96709283754e-008
   2.843380254940e-009             -1.94328541302e-008
   2.848232439676e-009             -1.94509558219e-008
   2.853084624411e-009             -1.94018378328e-008
   2.857936809147e-009             -1.95295552730e-008
   2.862788993882e-009             -1.99974733676e-008
   2.867641178617e-009             -1.99913071997e-008
   2.872493363353e-009             -1.96503391276e-008
   2.877345548088e-009             -1.95511237575e-008
   2.882197732824e-009             -1.94810193987e-008
   2.887049917559e-009             -1.94385439377e-008
   2.891902102294e-009             -1.96136593838e-008
   2.896754287030e-009             -1.94163137899e-008
   2.901606471765e-009             -1.97031620897e-008
   2.906458656501e-009             -1.98396658345e-008
   2.911310841236e-009             -1.92687214874e-008
   2.916163025971e-009             -1.92182009335e-008
   2.921015210707e-009             -1.94425666393e-008
   2.925867395442e-009             -1.97295737258e-008
   2.930719580178e-009             -1.96704520151e-008
   2.935571764913e-009             -1.97223489277e-008
   2.940423949648e-009             -1.96921794415e-008
   2.945276134384e-009             -1.97855989394e-008
   2.950128319119e-009             -1.95101832871e-008
   2.954980503855e-009             -2.00753054009e-008
   2.959832688590e-009             -1.97997574780e-008
   2.964684873325e-009             -2.00121347827e-008
   2.969537058061e-009             -1.96583048272e-008
   2.974389242796e-009             -1.93426897610e-008
   2.979241427532e-009             -1.94579424398e-008
   2.984093612267e-009             -1.95805787033e-008
   2.988945797002e-009             -1.94117883670e-008
   2.993797981738e-009             -1.97904419358e-008
   2.998650166473e-009             -1.94063102234e-008
   3.003502351208e-009             -1.94390468142e-008
   3.008354535944e-009             -1.92636668269e-008
   3.013206720679e-009             -1.89818997038e-008
   3.018058905415e-009             -1.92783811193e-008
   3.022911090150e-009             -1.94362151685e-008
   3.027763274885e-009             -1.95323605576e-008
   3.032615459621e-009             -1.94431752702e-008
   3.037467644356e-009             -1.95374417342e-008
   3.042319829092e-009             -1.93706097164e-008
   3.047172013827e-009             -1.92968267456e-008
   3.052024198562e-009             -1.94628648297e-008
   3.056876383298e-009             -1.96680702135e-008
   3.061728568033e-009             -1.97682383042e-008
   3.066580752769e-009             -1.98280215231e-008
   3.071432937504e-009             -1.94845392237e-008
   3.076285122239e-009             -1.95794143187e-008
   3.081137306975e-009             -1.95576605313e-008
   3.085989491710e-009             -1.94409257393e-008
   3.090841676446e-009             -1.93711125928e-008
   3.095693861181e-009             -1.94185104436e-008
   3.100546045916e-009             -1.92566802090e-008
   3.105398230652e-009             -1.94563810882e-008
   3.110250415387e-009             -1.93251701841e-008
   3.115102600123e-009             -1.93460242832e-008
   3.119954784858e-009             -1.99160951480e-008
   3.124806969593e-009             -1.99059327947e-008
   3.129659154329e-009             -1.99588353052e-008
   3.134511339064e-009             -1.98832793190e-008
   3.139363523799e-009             -1.95148674968e-008
   3.144215708535e-009             -1.94137468405e-008
   3.149067893270e-009             -1.94371942502e-008
   3.153920078006e-009             -1.97138008032e-008
   3.158772262741e-009             -2.00449242506e-008
   3.163624447476e-009             -1.97377512444e-008
   3.168476632212e-009             -1.96681232458e-008
   3.173328816947e-009             -1.96766977314e-008
   3.178181001683e-009             -1.95065311914e-008
   3.183033186418e-009             -1.95926995302e-008
   3.187885371153e-009             -1.95194457970e-008
   3.192737555889e-009             -1.97852284886e-008
   3.197589740624e-009             -1.94463775217e-008
   3.202441925360e-009             -1.92347941509e-008
   3.207294110095e-009             -1.91461381011e-008
   3.212146294830e-009             -1.93913048737e-008
   3.216998479566e-009             -1.96813025477e-008
   3.221850664301e-009             -1.95810287026e-008
   3.226702849037e-009             -1.96408119214e-008
   3.231555033772e-009             -1.96822816294e-008
   3.236407218507e-009             -1.95282849788e-008
   3.241259403243e-009             -1.92806041340e-008
   3.246111587978e-009             -1.92884110468e-008
   3.250963772714e-009             -1.99228966180e-008
   3.255815957449e-009             -1.98194733986e-008
   3.260668142184e-009             -1.97993339949e-008
   3.265520326920e-009             -1.95374417342e-008
   3.270372511655e-009             -1.97388362356e-008
   3.275224696390e-009             -1.94329070074e-008
   3.280076881126e-009             -1.95132796291e-008
   3.284929065861e-009             -1.94272965932e-008
   3.289781250597e-009             -1.93237941354e-008
   3.294633435332e-009             -1.96424261502e-008
   3.299485620067e-009             -1.92936246492e-008
   3.304337804803e-009             -1.91822092140e-008
   3.309189989538e-009             -1.92190212284e-008
   3.314042174274e-009             -1.95297405759e-008
   3.318894359009e-009             -1.96909885407e-008
   3.323746543744e-009             -1.93219415714e-008
   3.328598728480e-009             -1.96902209679e-008
   3.333450913215e-009             -1.94950191506e-008
   3.338303097951e-009             -1.95518382980e-008
   3.343155282686e-009             -1.98540625533e-008
   3.348007467421e-009             -2.01048132240e-008
   3.352859652157e-009             -2.00140402239e-008
   3.357711836892e-009             -1.96741041108e-008
   3.362564021628e-009             -1.88898033773e-008
   3.367416206363e-009             -1.96851928236e-008
   3.372268391098e-009             -1.94291226411e-008
   3.377120575834e-009             -1.94089567213e-008
   3.381972760569e-009             -1.92956094838e-008
   3.386824945305e-009             -1.95338159996e-008
   3.391677130040e-009             -1.98359343454e-008
   3.396529314775e-009             -1.94326159500e-008
   3.401381499511e-009             -1.90901922809e-008
   3.406233684246e-009             -1.93618235668e-008
   3.411085868982e-009             -1.99913865931e-008
   3.415938053717e-009             -1.96316816821e-008
   3.420790238452e-009             -1.97464051234e-008
   3.425642423188e-009             -1.96341163609e-008
   3.430494607923e-009             -1.99604231729e-008
   3.435346792658e-009             -1.96875746251e-008
   3.440198977394e-009             -1.97846462187e-008
   3.445051162129e-009             -1.98934945495e-008
   3.449903346865e-009             -2.01096298594e-008
   3.454755531600e-009             -2.00951272310e-008
   3.459607716335e-009             -1.95832517173e-008
   3.464459901071e-009             -1.96204606987e-008
   3.469312085806e-009             -1.96866747817e-008
   3.474164270542e-009             -1.97080581184e-008
   3.479016455277e-009             -1.96493598908e-008
   3.483868640012e-009             -1.97684499682e-008
   3.488720824748e-009             -1.96076254865e-008
   3.493573009483e-009             -1.94994123029e-008
   3.498425194219e-009             -1.92792014142e-008
   3.503277378954e-009             -1.95466248507e-008
   3.508129563689e-009             -1.98297151452e-008
   3.512981748425e-009             -1.96517416924e-008
   3.517833933160e-009             -1.98099727085e-008
   3.522686117896e-009             -1.99043979593e-008
   3.527538302631e-009             -1.95102098032e-008
   3.532390487366e-009             -1.93841331080e-008
   3.537242672102e-009             -1.97372748841e-008
   3.542094856837e-009             -1.96843458574e-008
   3.546947041573e-009             -1.99610848362e-008
   3.551799226308e-009             -1.97153623099e-008
   3.556651411043e-009             -1.96992454527e-008
   3.561503595779e-009             -1.95459368264e-008
   3.566355780514e-009             -1.96483277768e-008
   3.571207965249e-009             -1.93972858937e-008
   3.576060149985e-009             -1.94957865683e-008
   3.580912334720e-009             -1.96481955062e-008
   3.585764519456e-009             -1.95346364496e-008
   3.590616704191e-009             -1.95214571477e-008
   3.595468888926e-009             -1.93116998248e-008
   3.600321073662e-009             -1.95320958613e-008
   3.605173258397e-009             -1.97452670998e-008
   3.610025443133e-009             -1.98397452279e-008
   3.614877627868e-009             -1.99485935586e-008
   3.619729812603e-009             -1.97355811069e-008
   3.624581997339e-009             -1.99821240832e-008
   3.629434182074e-009             -1.97659093799e-008
   3.634286366810e-009             -2.00995997767e-008
   3.639138551545e-009             -1.96901415745e-008
   3.643990736280e-009             -2.04389799811e-008
   3.648842921016e-009             -2.00467766596e-008
   3.653695105751e-009             -1.96716429158e-008
   3.658547290487e-009             -1.97269007117e-008
   3.663399475222e-009             -1.99829180170e-008
   3.668251659957e-009             -1.95364890136e-008
   3.673103844693e-009             -1.96534883468e-008
   3.677956029428e-009             -1.96112245499e-008
   3.682808214164e-009             -1.94290432477e-008
   3.687660398899e-009             -1.93183159919e-008
   3.692512583634e-009             -1.94274818961e-008
   3.697364768370e-009             -1.97660416505e-008
   3.702216953105e-009             -2.01770083270e-008
   3.707069137841e-009             -1.98305884725e-008
   3.711921322576e-009             -1.99470056909e-008
   3.716773507311e-009             -2.00183009505e-008
   3.721625692047e-009             -1.98325469460e-008
   3.726477876782e-009             -1.98741225635e-008
   3.731330061517e-009             -1.97534446185e-008
   3.736182246253e-009             -1.97727372110e-008
   3.741034430988e-009             -2.02892440571e-008
   3.745886615724e-009             -1.96473750562e-008
   3.750738800459e-009             -1.96509477585e-008
   3.755590985194e-009             -1.97871339298e-008
   3.760443169930e-009             -1.94397878708e-008
   3.765295354665e-009             -1.96275532261e-008
   3.770147539401e-009             -1.97922944998e-008
   3.774999724136e-009             -1.98174091706e-008
   3.779851908871e-009             -1.95211660903e-008
   3.784704093607e-009             -1.94624413466e-008
   3.789556278342e-009             -1.96301995689e-008
   3.794408463078e-009             -1.94573072927e-008
   3.799260647813e-009             -2.02770174758e-008
   3.804112832548e-009             -1.97099105274e-008
   3.808965017284e-009             -1.97912093535e-008
   3.813817202019e-009             -1.99659541937e-008
   3.818669386755e-009             -1.97347077796e-008
   3.823521571490e-009             -1.95436079021e-008
   3.828373756225e-009             -1.93955921165e-008
   3.833225940961e-009             -2.01678515716e-008
   3.838078125696e-009             -2.02289050846e-008
   3.842930310432e-009             -1.98711850083e-008
   3.847782495167e-009             -1.94481241762e-008
   3.852634679902e-009             -1.93431396052e-008
   3.857486864638e-009             -1.99081823257e-008
   3.862339049373e-009             -1.97947026625e-008
   3.867191234108e-009             -1.94933253733e-008
   3.872043418844e-009             -1.96235835569e-008
   3.876895603579e-009             -1.97628130379e-008
   3.881747788315e-009             -1.90515542185e-008
   3.886599973050e-009             -1.93349886027e-008
   3.891452157785e-009             -1.93585419219e-008
   3.896304342521e-009             -1.97886424041e-008
   3.901156527256e-009             -1.96268121695e-008
   3.906008711992e-009             -1.98006308053e-008
   3.910860896727e-009             -1.98186265875e-008
   3.915713081462e-009             -1.96502332181e-008
   3.920565266198e-009             -1.99131047155e-008
   3.925417450933e-009             -1.96269180791e-008
   3.930269635669e-009             -1.98035153282e-008
   3.935121820404e-009             -2.00098587356e-008
   3.939974005139e-009             -1.99355995596e-008
   3.944826189875e-009             -1.94505059778e-008
   3.949678374610e-009             -1.95947637582e-008
   3.954530559346e-009             -1.95487949883e-008
   3.959382744081e-009             -1.92592473135e-008
   3.964234928816e-009             -1.97895686086e-008
   3.969087113552e-009             -1.96626714634e-008
   3.973939298287e-009             -1.95002325978e-008
   3.978791483023e-009             -1.94986712463e-008
   3.983643667758e-009             -1.94008057188e-008
   3.988495852493e-009             -1.97528888648e-008
   3.993348037229e-009             -1.99620110406e-008
   3.998200221964e-009             -1.97714140396e-008
   4.003052406699e-009             -2.01935486672e-008
   4.007904591435e-009             -1.99226584379e-008
   4.012756776170e-009             -1.97627601606e-008
   4.017608960906e-009             -1.98076174231e-008
   4.022461145641e-009             -1.98384484176e-008
   4.027313330376e-009             -2.00637404829e-008
   4.032165515112e-009             -2.01039664129e-008
   4.037017699847e-009             -1.97245454264e-008
   4.041869884583e-009             -1.94597419715e-008
   4.046722069318e-009             -1.96492276202e-008
   4.051574254053e-009             -1.95635621579e-008
   4.056426438789e-009             -1.96619305618e-008
   4.061278623524e-009             -1.94773144257e-008
   4.066130808260e-009             -1.99393839259e-008
   4.070982992995e-009             -1.95522089038e-008
   4.075835177730e-009             -1.94783200236e-008
   4.080687362466e-009             -1.93899288251e-008
   4.085539547201e-009             -1.93841594691e-008
   4.090391731937e-009             -1.99756138256e-008
   4.095243916672e-009             -1.95889944021e-008
   4.100096101407e-009             -1.97144359503e-008
   4.104948286143e-009             -1.97364809502e-008
   4.109800470878e-009             -2.02247766286e-008
   4.114652655614e-009             -1.97981430942e-008
   4.119504840349e-009             -1.94331717037e-008
   4.124357025084e-009             -2.00415897285e-008
   4.129209209820e-009             -2.01959304688e-008
   4.134061394555e-009             -2.00292043604e-008
   4.138913579291e-009             -1.95085425421e-008
   4.143765764026e-009             -1.98028273039e-008
   4.148617948761e-009             -2.00105469150e-008
   4.153470133497e-009             -1.98069028827e-008
   4.158322318232e-009             -1.98519452930e-008
   4.163174502967e-009             -1.98695177472e-008
   4.168026687703e-009             -1.98218817163e-008
   4.172878872438e-009             -1.98179120470e-008
   4.177731057174e-009             -1.92052598118e-008
   4.182583241909e-009             -1.95233097117e-008
   4.187435426644e-009             -1.98010541333e-008
   4.192287611380e-009             -1.99251990262e-008
   4.197139796115e-009             -1.95955840531e-008
   4.201991980851e-009             -2.00007550125e-008
   4.206844165586e-009             -1.98672682163e-008
   4.211696350321e-009             -1.98836762859e-008
   4.216548535057e-009             -1.97059144970e-008
   4.221400719792e-009             -2.01375232985e-008
   4.226252904528e-009             -2.01467065701e-008
   4.231105089263e-009             -1.97901243623e-008
   4.235957273998e-009             -2.00083767774e-008
   4.240809458734e-009             -1.98288154569e-008
   4.245661643469e-009             -1.96160411853e-008
   4.250513828205e-009             -1.95733539053e-008
   4.255366012940e-009             -2.00294425406e-008
   4.260218197675e-009             -1.97210786336e-008
   4.265070382411e-009             -1.96487776210e-008
   4.269922567146e-009             -1.92984940067e-008
   4.274774751882e-009             -1.92092294810e-008
   4.279626936617e-009             -1.95120093349e-008
   4.284479121352e-009             -1.97915799594e-008
   4.289331306088e-009             -1.96843194963e-008
   4.294183490823e-009             -1.95928583169e-008
   4.299035675558e-009             -1.96512388159e-008
   4.303887860294e-009             -1.99616669510e-008
   4.308740045029e-009             -1.98708939509e-008
   4.313592229765e-009             -1.99264693203e-008
   4.318444414500e-009             -1.97940411543e-008
   4.323296599235e-009             -2.01989737785e-008
   4.328148783971e-009             -2.00445536448e-008
   4.333000968706e-009             -1.97186968320e-008
   4.337853153442e-009             -1.96116480330e-008
   4.342705338177e-009             -1.97085079626e-008
   4.347557522912e-009             -1.99859613267e-008
   4.352409707648e-009             -1.97999956582e-008
   4.357261892383e-009             -1.97502160058e-008
   4.362114077119e-009             -1.99211499636e-008
   4.366966261854e-009             -1.96085516910e-008
   4.371818446589e-009             -1.95422847307e-008
   4.376670631325e-009             -1.94946750609e-008
   4.381522816060e-009             -1.98360666160e-008
   4.386375000796e-009             -1.96020679496e-008
   4.391227185531e-009             -1.97620719813e-008
   4.396079370266e-009             -2.01475798973e-008
   4.400931555002e-009             -1.97637922747e-008
   4.405783739737e-009             -1.97346812635e-008
   4.410635924473e-009             -1.95668172867e-008
   4.415488109208e-009             -1.99209911768e-008
   4.420340293943e-009             -2.00675777264e-008
   4.425192478679e-009             -1.97787445921e-008
   4.430044663414e-009             -1.94565662361e-008
   4.434896848150e-009             -1.96486188342e-008
   4.439749032885e-009             -1.94971098947e-008
   4.444601217620e-009             -1.93661902030e-008
   4.449453402356e-009             -1.93667723178e-008
   4.454305587091e-009             -1.97291502427e-008
   4.459157771826e-009             -1.95146821939e-008
   4.464009956562e-009             -1.93484589620e-008
   4.468862141297e-009             -1.92430774241e-008
   4.473714326033e-009             -1.95055255935e-008
   4.478566510768e-009             -1.97608547194e-008
   4.483418695503e-009             -1.93659255067e-008
   4.488270880239e-009             -1.99960179255e-008
   4.493123064974e-009             -1.98298475709e-008
   4.497975249710e-009             -1.97062055544e-008
   4.502827434445e-009             -1.95919584735e-008
   4.507679619180e-009             -1.94171607561e-008
   4.512531803916e-009             -1.97773155112e-008
   4.517383988651e-009             -1.99039479601e-008
   4.522236173387e-009             -1.97244395168e-008
   4.527088358122e-009             -1.95362508335e-008
   4.531940542857e-009             -1.98020598862e-008
   4.536792727593e-009             -1.96166498162e-008
   4.541644912328e-009             -1.95448516801e-008
   4.546497097064e-009             -1.94402111988e-008
   4.551349281799e-009             -1.98228873141e-008
   4.556201466534e-009             -1.93923106266e-008
   4.561053651270e-009             -1.92323329560e-008
   4.565905836005e-009             -1.94374060693e-008
   4.570758020741e-009             -1.93852446154e-008
   4.575610205476e-009             -1.96551027307e-008
   4.580462390211e-009             -1.93697629053e-008
   4.585314574947e-009             -1.96765389446e-008
   4.590166759682e-009             -1.95521823877e-008
   4.595018944417e-009             -1.97009921072e-008
   4.599871129153e-009             -1.96483806541e-008
   4.604723313888e-009             -1.97283828250e-008
   4.609575498624e-009             -1.97173471445e-008
   4.614427683359e-009             -2.01639612957e-008
   4.619279868094e-009             -1.97801473119e-008
   4.624132052830e-009             -1.94091420242e-008
   4.628984237565e-009             -1.94960247484e-008
   4.633836422301e-009             -1.97094871994e-008
   4.638688607036e-009             -1.95374417342e-008
   4.643540791771e-009             -1.92996320303e-008
   4.648392976507e-009             -1.94634470995e-008
   4.653245161242e-009             -1.96529854704e-008
   4.658097345978e-009             -1.94898320644e-008
   4.662949530713e-009             -1.94126088170e-008
   4.667801715448e-009             -1.96855897905e-008
   4.672653900184e-009             -1.97282769154e-008
   4.677506084919e-009             -1.98661038317e-008
   4.682358269655e-009             -1.96790530168e-008
   4.687210454390e-009             -1.98073792430e-008
   4.692062639125e-009             -1.99387487789e-008
   4.696914823861e-009             -1.97188025865e-008
   4.701767008596e-009             -1.98233636744e-008
   4.706619193332e-009             -2.00347088651e-008
   4.711471378067e-009             -1.98099992247e-008
   4.716323562802e-009             -2.04647034378e-008
   4.721175747538e-009             -1.97974550699e-008
   4.726027932273e-009             -1.98559414784e-008
   4.730880117009e-009             -1.94311074757e-008
   4.735732301744e-009             -1.95643824528e-008
   4.740584486479e-009             -1.96702138349e-008
   4.745436671215e-009             -1.97087726589e-008
   4.750288855950e-009             -1.95360655306e-008
   4.755141040685e-009             -1.95605452093e-008
   4.759993225421e-009             -1.92176186636e-008
   4.764845410156e-009             -1.93271286576e-008
   4.769697594892e-009             -1.97221636248e-008
   4.774549779627e-009             -1.97442349858e-008
   4.779401964362e-009             -1.98426827831e-008
   4.784254149098e-009             -1.92399016887e-008
   4.789106333833e-009             -1.94856242150e-008
   4.793958518569e-009             -1.96575639256e-008
   4.798810703304e-009             -1.95348481136e-008
   4.803662888039e-009             -1.95831986850e-008
   4.808515072775e-009             -1.97783476252e-008
   4.813367257510e-009             -1.94983271566e-008
   4.818219442246e-009             -1.94701161438e-008
   4.823071626981e-009             -1.94034257005e-008
   4.827923811716e-009             -1.96000037216e-008
   4.832775996452e-009             -1.94306576315e-008
   4.837628181187e-009             -1.94536817132e-008
   4.842480365923e-009             -1.95859245763e-008
   4.847332550658e-009             -1.98398246213e-008
